  ID,PARAM,ANNÉE,JJ,Valeur,SYM
02OA039,2,1915,143,21.01,
02OA039,2,1915,144,21.01,
02OA039,2,1915,145,21.01,
02OA039,2,1915,146,20.99,
02OA039,2,1915,147,20.96,
02OA039,2,1915,148,20.94,
02OA039,2,1915,149,20.93,
02OA039,2,1915,150,20.91,
02OA039,2,1915,151,20.89,
02OA039,2,1915,152,20.89,
02OA039,2,1915,153,20.87,
02OA039,2,1915,154,20.87,
02OA039,2,1915,155,20.86,
02OA039,2,1915,156,20.85,
02OA039,2,1915,157,20.83,
02OA039,2,1915,158,20.83,
02OA039,2,1915,159,20.82,
02OA039,2,1915,160,20.81,
02OA039,2,1915,161,20.81,
02OA039,2,1915,162,20.78,
02OA039,2,1915,163,20.78,
02OA039,2,1915,164,20.77,
02OA039,2,1915,165,20.8,
02OA039,2,1915,166,20.83,
02OA039,2,1915,167,20.85,
02OA039,2,1915,168,20.85,
02OA039,2,1915,169,20.83,
02OA039,2,1915,170,20.82,
02OA039,2,1915,171,20.82,
02OA039,2,1915,172,20.81,
02OA039,2,1915,173,20.78,
02OA039,2,1915,174,20.76,
02OA039,2,1915,175,20.78,
02OA039,2,1915,176,20.79,
02OA039,2,1915,177,20.79,
02OA039,2,1915,178,20.8,
02OA039,2,1915,179,20.82,
02OA039,2,1915,180,20.82,
02OA039,2,1915,181,20.8,
02OA039,2,1915,182,20.78,
02OA039,2,1915,183,20.76,
02OA039,2,1915,184,20.76,
02OA039,2,1915,185,20.76,
02OA039,2,1915,186,20.78,
02OA039,2,1915,187,20.76,
02OA039,2,1915,188,20.77,
02OA039,2,1915,189,20.75,
02OA039,2,1915,190,20.71,
02OA039,2,1915,191,20.7,
02OA039,2,1915,192,20.71,
02OA039,2,1915,193,20.72,
02OA039,2,1915,194,20.72,
02OA039,2,1915,195,20.71,
02OA039,2,1915,196,20.71,
02OA039,2,1915,197,20.7,
02OA039,2,1915,198,20.68,
02OA039,2,1915,199,20.68,
02OA039,2,1915,200,20.68,
02OA039,2,1915,201,20.7,
02OA039,2,1915,202,20.69,
02OA039,2,1915,203,20.68,
02OA039,2,1915,204,20.67,
02OA039,2,1915,205,20.65,
02OA039,2,1915,206,20.63,
02OA039,2,1915,207,20.62,
02OA039,2,1915,208,20.61,
02OA039,2,1915,209,20.61,
02OA039,2,1915,210,20.61,
02OA039,2,1915,211,20.61,
02OA039,2,1915,212,20.6,
02OA039,2,1915,213,20.57,
02OA039,2,1915,214,20.57,
02OA039,2,1915,215,20.55,
02OA039,2,1915,216,20.51,
02OA039,2,1915,217,20.52,
02OA039,2,1915,218,20.55,
02OA039,2,1915,219,20.58,
02OA039,2,1915,220,20.61,
02OA039,2,1915,221,20.65,
02OA039,2,1915,222,20.68,
02OA039,2,1915,223,20.7,
02OA039,2,1915,224,20.71,
02OA039,2,1915,225,20.7,
02OA039,2,1915,226,20.7,
02OA039,2,1915,227,20.71,
02OA039,2,1915,228,20.71,
02OA039,2,1915,229,20.71,
02OA039,2,1915,230,20.69,
02OA039,2,1915,231,20.69,
02OA039,2,1915,232,20.7,
02OA039,2,1915,233,20.71,
02OA039,2,1915,234,20.71,
02OA039,2,1915,235,20.75,
02OA039,2,1915,236,20.8,
02OA039,2,1915,237,20.82,
02OA039,2,1915,238,20.81,
02OA039,2,1915,239,20.79,
02OA039,2,1915,240,20.75,
02OA039,2,1915,241,20.72,
02OA039,2,1915,242,20.73,
02OA039,2,1915,243,20.74,
02OA039,2,1915,244,20.73,
02OA039,2,1915,245,20.72,
02OA039,2,1915,246,20.71,
02OA039,2,1915,247,20.7,
02OA039,2,1915,248,20.69,
02OA039,2,1915,249,20.69,
02OA039,2,1915,250,20.69,
02OA039,2,1915,251,20.69,
02OA039,2,1915,252,20.7,
02OA039,2,1915,253,20.69,
02OA039,2,1915,254,20.68,
02OA039,2,1915,255,20.66,
02OA039,2,1915,256,20.63,
02OA039,2,1915,257,20.63,
02OA039,2,1915,258,20.65,
02OA039,2,1915,259,20.67,
02OA039,2,1915,260,20.68,
02OA039,2,1915,261,20.66,
02OA039,2,1915,262,20.64,
02OA039,2,1915,263,20.64,
02OA039,2,1915,264,20.64,
02OA039,2,1915,265,20.64,
02OA039,2,1915,266,20.64,
02OA039,2,1915,267,20.63,
02OA039,2,1915,268,20.62,
02OA039,2,1915,269,20.59,
02OA039,2,1915,270,20.62,
02OA039,2,1915,271,20.62,
02OA039,2,1915,272,20.6,
02OA039,2,1915,273,20.61,
02OA039,2,1915,274,20.61,
02OA039,2,1915,275,20.58,
02OA039,2,1915,276,20.59,
02OA039,2,1915,277,20.63,
02OA039,2,1915,278,20.67,
02OA039,2,1915,279,20.7,
02OA039,2,1915,280,20.71,
02OA039,2,1915,281,20.7,
02OA039,2,1915,282,20.69,
02OA039,2,1915,283,20.68,
02OA039,2,1915,284,20.68,
02OA039,2,1915,285,20.7,
02OA039,2,1915,286,20.7,
02OA039,2,1915,287,20.7,
02OA039,2,1915,288,20.68,
02OA039,2,1915,289,20.64,
02OA039,2,1915,290,20.62,
02OA039,2,1915,291,20.64,
02OA039,2,1915,292,20.65,
02OA039,2,1915,293,20.65,
02OA039,2,1915,294,20.64,
02OA039,2,1915,295,20.63,
02OA039,2,1915,296,20.62,
02OA039,2,1915,297,20.6,
02OA039,2,1915,298,20.61,
02OA039,2,1915,299,20.62,
02OA039,2,1915,300,20.63,
02OA039,2,1915,301,20.64,
02OA039,2,1915,302,20.63,
02OA039,2,1915,303,20.61,
02OA039,2,1915,304,20.6,
02OA039,2,1915,305,20.61,
02OA039,2,1915,306,20.62,
02OA039,2,1915,307,20.61,
02OA039,2,1915,308,20.6,
02OA039,2,1915,309,20.55,
02OA039,2,1915,310,20.53,
02OA039,2,1915,311,20.51,
02OA039,2,1915,312,20.52,
02OA039,2,1915,313,20.52,
02OA039,2,1915,314,20.55,
02OA039,2,1915,315,20.54,
02OA039,2,1915,316,20.51,
02OA039,2,1915,317,20.53,
02OA039,2,1915,318,20.56,
02OA039,2,1915,319,20.58,
02OA039,2,1915,320,20.57,
02OA039,2,1915,321,20.57,
02OA039,2,1915,322,20.55,
02OA039,2,1915,323,20.49,
02OA039,2,1915,324,20.51,
02OA039,2,1915,325,20.6,
02OA039,2,1915,326,20.64,
02OA039,2,1915,327,20.65,
02OA039,2,1915,328,20.62,
02OA039,2,1915,329,20.57,
02OA039,2,1915,330,20.53,
02OA039,2,1915,331,20.51,
02OA039,2,1915,332,20.53,
02OA039,2,1915,333,20.54,
02OA039,2,1915,334,20.58,
02OA039,2,1915,335,20.59,
02OA039,2,1915,336,20.57,
02OA039,2,1915,337,20.56,
02OA039,2,1915,338,20.54,
02OA039,2,1915,339,20.51,
02OA039,2,1915,340,20.5,
02OA039,2,1915,341,,
02OA039,2,1915,342,,
02OA039,2,1915,343,,
02OA039,2,1915,344,,
02OA039,2,1915,345,,
02OA039,2,1915,346,,
02OA039,2,1915,347,20.46,
02OA039,2,1915,348,20.48,
02OA039,2,1915,349,20.52,
02OA039,2,1915,350,20.61,
02OA039,2,1915,351,20.69,
02OA039,2,1915,352,20.65,
02OA039,2,1915,353,20.58,
02OA039,2,1915,354,20.57,
02OA039,2,1915,355,20.57,
02OA039,2,1915,356,20.55,
02OA039,2,1915,357,20.53,
02OA039,2,1915,358,20.54,
02OA039,2,1915,359,20.55,
02OA039,2,1915,360,20.55,
02OA039,2,1915,361,20.56,
02OA039,2,1915,362,20.58,
02OA039,2,1915,363,20.57,
02OA039,2,1915,364,20.66,
02OA039,2,1915,365,20.75,
02OA039,2,1916,1,20.85,
02OA039,2,1916,2,20.9,
02OA039,2,1916,3,20.96,
02OA039,2,1916,4,20.96,
02OA039,2,1916,5,21.03,
02OA039,2,1916,6,21.03,
02OA039,2,1916,7,21.15,
02OA039,2,1916,8,21.24,
02OA039,2,1916,9,21.24,
02OA039,2,1916,10,21.27,
02OA039,2,1916,11,21.23,
02OA039,2,1916,12,21.15,
02OA039,2,1916,13,21.16,
02OA039,2,1916,14,21.18,
02OA039,2,1916,15,21.19,
02OA039,2,1916,16,21.17,
02OA039,2,1916,17,21.12,
02OA039,2,1916,18,21.09,
02OA039,2,1916,19,21.01,
02OA039,2,1916,20,21.01,
02OA039,2,1916,21,21.08,
02OA039,2,1916,22,20.93,
02OA039,2,1916,23,20.86,
02OA039,2,1916,24,20.95,
02OA039,2,1916,25,20.97,
02OA039,2,1916,26,20.9,
02OA039,2,1916,27,20.9,
02OA039,2,1916,28,20.94,
02OA039,2,1916,29,21.06,
02OA039,2,1916,30,21.13,
02OA039,2,1916,31,21.18,
02OA039,2,1916,32,21.22,
02OA039,2,1916,33,21.13,
02OA039,2,1916,34,21.15,
02OA039,2,1916,35,21.09,
02OA039,2,1916,36,21.06,
02OA039,2,1916,37,21.07,
02OA039,2,1916,38,21.05,
02OA039,2,1916,39,21.04,
02OA039,2,1916,40,21.08,
02OA039,2,1916,41,21.1,
02OA039,2,1916,42,21.16,
02OA039,2,1916,43,21.21,
02OA039,2,1916,44,21.12,
02OA039,2,1916,45,21.07,
02OA039,2,1916,46,21.07,
02OA039,2,1916,47,21.07,
02OA039,2,1916,48,21.04,
02OA039,2,1916,49,20.95,
02OA039,2,1916,50,20.78,
02OA039,2,1916,51,20.74,
02OA039,2,1916,52,20.85,
02OA039,2,1916,53,20.97,
02OA039,2,1916,54,21,
02OA039,2,1916,55,21.01,
02OA039,2,1916,56,20.98,
02OA039,2,1916,57,20.93,
02OA039,2,1916,58,20.84,
02OA039,2,1916,59,20.82,
02OA039,2,1916,60,20.87,
02OA039,2,1916,61,21.03,
02OA039,2,1916,62,21.12,
02OA039,2,1916,63,21.07,
02OA039,2,1916,64,21,
02OA039,2,1916,65,20.92,
02OA039,2,1916,66,20.91,
02OA039,2,1916,67,20.85,
02OA039,2,1916,68,20.82,
02OA039,2,1916,69,20.79,
02OA039,2,1916,70,20.75,
02OA039,2,1916,71,20.75,
02OA039,2,1916,72,20.8,
02OA039,2,1916,73,20.76,
02OA039,2,1916,74,20.71,
02OA039,2,1916,75,20.72,
02OA039,2,1916,76,20.74,
02OA039,2,1916,77,20.74,
02OA039,2,1916,78,20.77,
02OA039,2,1916,79,20.86,
02OA039,2,1916,80,20.85,
02OA039,2,1916,81,20.75,
02OA039,2,1916,82,20.73,
02OA039,2,1916,83,20.73,
02OA039,2,1916,84,20.69,
02OA039,2,1916,85,20.67,
02OA039,2,1916,86,20.64,
02OA039,2,1916,87,20.63,
02OA039,2,1916,88,20.64,
02OA039,2,1916,89,20.74,
02OA039,2,1916,90,20.98,
02OA039,2,1916,91,21.25,
02OA039,2,1916,92,21.48,
02OA039,2,1916,93,21.64,
02OA039,2,1916,94,21.78,
02OA039,2,1916,95,21.78,
02OA039,2,1916,96,21.72,
02OA039,2,1916,97,21.69,
02OA039,2,1916,98,21.71,
02OA039,2,1916,99,21.68,
02OA039,2,1916,100,21.62,
02OA039,2,1916,101,21.61,
02OA039,2,1916,102,21.65,
02OA039,2,1916,103,21.72,
02OA039,2,1916,104,21.74,
02OA039,2,1916,105,21.77,
02OA039,2,1916,106,21.75,
02OA039,2,1916,107,21.75,
02OA039,2,1916,108,21.81,
02OA039,2,1916,109,21.85,
02OA039,2,1916,110,21.88,
02OA039,2,1916,111,21.92,
02OA039,2,1916,112,21.85,
02OA039,2,1916,113,21.75,
02OA039,2,1916,114,21.78,
02OA039,2,1916,115,21.95,
02OA039,2,1916,116,21.96,
02OA039,2,1916,117,21.97,
02OA039,2,1916,118,21.96,
02OA039,2,1916,119,21.96,
02OA039,2,1916,120,21.97,
02OA039,2,1916,121,21.97,
02OA039,2,1916,122,22,
02OA039,2,1916,123,22.02,
02OA039,2,1916,124,22.03,
02OA039,2,1916,125,22.07,
02OA039,2,1916,126,22.07,
02OA039,2,1916,127,22.09,
02OA039,2,1916,128,22.1,
02OA039,2,1916,129,22.11,
02OA039,2,1916,130,22.11,
02OA039,2,1916,131,22.1,
02OA039,2,1916,132,22.09,
02OA039,2,1916,133,22.1,
02OA039,2,1916,134,22.06,
02OA039,2,1916,135,22.02,
02OA039,2,1916,136,21.96,
02OA039,2,1916,137,21.91,
02OA039,2,1916,138,21.93,
02OA039,2,1916,139,22.13,
02OA039,2,1916,140,22.34,
02OA039,2,1916,141,22.42,
02OA039,2,1916,142,22.44,
02OA039,2,1916,143,22.4,
02OA039,2,1916,144,22.35,
02OA039,2,1916,145,22.31,
02OA039,2,1916,146,22.28,
02OA039,2,1916,147,22.24,
02OA039,2,1916,148,22.18,
02OA039,2,1916,149,22.13,
02OA039,2,1916,150,22.1,
02OA039,2,1916,151,22.07,
02OA039,2,1916,152,22.04,
02OA039,2,1916,153,22.01,
02OA039,2,1916,154,21.98,
02OA039,2,1916,155,21.95,
02OA039,2,1916,156,21.96,
02OA039,2,1916,157,21.96,
02OA039,2,1916,158,21.95,
02OA039,2,1916,159,21.9,
02OA039,2,1916,160,21.84,
02OA039,2,1916,161,21.82,
02OA039,2,1916,162,21.84,
02OA039,2,1916,163,21.83,
02OA039,2,1916,164,21.83,
02OA039,2,1916,165,21.81,
02OA039,2,1916,166,21.78,
02OA039,2,1916,167,21.76,
02OA039,2,1916,168,21.74,
02OA039,2,1916,169,21.8,
02OA039,2,1916,170,21.88,
02OA039,2,1916,171,21.92,
02OA039,2,1916,172,21.97,
02OA039,2,1916,173,21.98,
02OA039,2,1916,174,21.92,
02OA039,2,1916,175,21.87,
02OA039,2,1916,176,21.81,
02OA039,2,1916,177,21.76,
02OA039,2,1916,178,21.75,
02OA039,2,1916,179,21.71,
02OA039,2,1916,180,21.68,
02OA039,2,1916,181,21.64,
02OA039,2,1916,182,21.62,
02OA039,2,1916,183,21.6,
02OA039,2,1916,184,21.58,
02OA039,2,1916,185,21.57,
02OA039,2,1916,186,21.56,
02OA039,2,1916,187,21.53,
02OA039,2,1916,188,21.51,
02OA039,2,1916,189,21.5,
02OA039,2,1916,190,21.47,
02OA039,2,1916,191,21.44,
02OA039,2,1916,192,21.41,
02OA039,2,1916,193,21.39,
02OA039,2,1916,194,21.38,
02OA039,2,1916,195,21.39,
02OA039,2,1916,196,21.38,
02OA039,2,1916,197,21.34,
02OA039,2,1916,198,21.32,
02OA039,2,1916,199,21.35,
02OA039,2,1916,200,21.35,
02OA039,2,1916,201,21.32,
02OA039,2,1916,202,21.31,
02OA039,2,1916,203,21.3,
02OA039,2,1916,204,21.29,
02OA039,2,1916,205,21.28,
02OA039,2,1916,206,21.28,
02OA039,2,1916,207,21.28,
02OA039,2,1916,208,21.27,
02OA039,2,1916,209,21.25,
02OA039,2,1916,210,21.23,
02OA039,2,1916,211,21.21,
02OA039,2,1916,212,21.21,
02OA039,2,1916,213,21.21,
02OA039,2,1916,214,21.2,
02OA039,2,1916,215,21.16,
02OA039,2,1916,216,21.14,
02OA039,2,1916,217,21.14,
02OA039,2,1916,218,21.13,
02OA039,2,1916,219,21.12,
02OA039,2,1916,220,21.12,
02OA039,2,1916,221,21.11,
02OA039,2,1916,222,21.12,
02OA039,2,1916,223,21.17,
02OA039,2,1916,224,21.16,
02OA039,2,1916,225,21.13,
02OA039,2,1916,226,21.11,
02OA039,2,1916,227,21.1,
02OA039,2,1916,228,21.09,
02OA039,2,1916,229,21.09,
02OA039,2,1916,230,21.07,
02OA039,2,1916,231,21.06,
02OA039,2,1916,232,21.05,
02OA039,2,1916,233,21.04,
02OA039,2,1916,234,21.04,
02OA039,2,1916,235,21.03,
02OA039,2,1916,236,21.02,
02OA039,2,1916,237,21.01,
02OA039,2,1916,238,21,
02OA039,2,1916,239,21,
02OA039,2,1916,240,21,
02OA039,2,1916,241,21,
02OA039,2,1916,242,20.99,
02OA039,2,1916,243,20.98,
02OA039,2,1916,244,20.98,
02OA039,2,1916,245,20.97,
02OA039,2,1916,246,20.96,
02OA039,2,1916,247,20.93,
02OA039,2,1916,248,20.93,
02OA039,2,1916,249,20.93,
02OA039,2,1916,250,20.91,
02OA039,2,1916,251,20.9,
02OA039,2,1916,252,20.9,
02OA039,2,1916,253,20.9,
02OA039,2,1916,254,20.89,
02OA039,2,1916,255,20.88,
02OA039,2,1916,256,20.89,
02OA039,2,1916,257,20.89,
02OA039,2,1916,258,20.9,
02OA039,2,1916,259,20.89,
02OA039,2,1916,260,20.89,
02OA039,2,1916,261,20.89,
02OA039,2,1916,262,20.88,
02OA039,2,1916,263,20.88,
02OA039,2,1916,264,20.87,
02OA039,2,1916,265,20.87,
02OA039,2,1916,266,20.87,
02OA039,2,1916,267,20.87,
02OA039,2,1916,268,20.87,
02OA039,2,1916,269,20.86,
02OA039,2,1916,270,20.86,
02OA039,2,1916,271,20.85,
02OA039,2,1916,272,20.84,
02OA039,2,1916,273,20.83,
02OA039,2,1916,274,20.84,
02OA039,2,1916,275,20.83,
02OA039,2,1916,276,20.82,
02OA039,2,1916,277,20.82,
02OA039,2,1916,278,20.81,
02OA039,2,1916,279,20.8,
02OA039,2,1916,280,20.8,
02OA039,2,1916,281,20.79,
02OA039,2,1916,282,20.79,
02OA039,2,1916,283,20.78,
02OA039,2,1916,284,20.77,
02OA039,2,1916,285,,
02OA039,2,1916,286,20.75,
02OA039,2,1916,287,20.74,
02OA039,2,1916,288,20.75,
02OA039,2,1916,289,20.76,
02OA039,2,1916,290,20.77,
02OA039,2,1916,291,20.78,
02OA039,2,1916,292,20.8,
02OA039,2,1916,293,20.76,
02OA039,2,1916,294,20.74,
02OA039,2,1916,295,20.79,
02OA039,2,1916,296,20.83,
02OA039,2,1916,297,20.86,
02OA039,2,1916,298,20.86,
02OA039,2,1916,299,20.85,
02OA039,2,1916,300,20.87,
02OA039,2,1916,301,20.91,
02OA039,2,1916,302,20.92,
02OA039,2,1916,303,20.91,
02OA039,2,1916,304,20.9,
02OA039,2,1916,305,20.9,
02OA039,2,1916,306,20.89,
02OA039,2,1916,307,20.89,
02OA039,2,1916,308,20.89,
02OA039,2,1916,309,20.87,
02OA039,2,1916,310,20.81,
02OA039,2,1916,311,20.8,
02OA039,2,1916,312,20.8,
02OA039,2,1916,313,20.8,
02OA039,2,1916,314,20.82,
02OA039,2,1916,315,20.85,
02OA039,2,1916,316,20.85,
02OA039,2,1916,317,20.84,
02OA039,2,1916,318,20.79,
02OA039,2,1916,319,20.74,
02OA039,2,1916,320,20.74,
02OA039,2,1916,321,20.74,
02OA039,2,1916,322,20.76,
02OA039,2,1916,323,20.77,
02OA039,2,1916,324,20.79,
02OA039,2,1916,325,20.8,
02OA039,2,1916,326,20.8,
02OA039,2,1916,327,20.77,
02OA039,2,1916,328,20.76,
02OA039,2,1916,329,20.79,
02OA039,2,1916,330,20.81,
02OA039,2,1916,331,20.77,
02OA039,2,1916,332,20.81,
02OA039,2,1916,333,20.86,
02OA039,2,1916,334,20.83,
02OA039,2,1916,335,20.81,
02OA039,2,1916,336,20.82,
02OA039,2,1916,337,20.81,
02OA039,2,1916,338,20.81,
02OA039,2,1916,339,20.79,
02OA039,2,1916,340,20.78,
02OA039,2,1916,341,20.83,
02OA039,2,1916,342,20.88,
02OA039,2,1916,343,20.89,
02OA039,2,1916,344,20.84,
02OA039,2,1916,345,20.87,
02OA039,2,1916,346,20.91,
02OA039,2,1916,347,20.9,
02OA039,2,1916,348,20.87,
02OA039,2,1916,349,20.85,
02OA039,2,1916,350,20.85,
02OA039,2,1916,351,20.85,
02OA039,2,1916,352,20.86,
02OA039,2,1916,353,20.97,
02OA039,2,1916,354,21.05,
02OA039,2,1916,355,21.08,
02OA039,2,1916,356,21.07,
02OA039,2,1916,357,21.1,
02OA039,2,1916,358,21.06,
02OA039,2,1916,359,21.02,
02OA039,2,1916,360,21.07,
02OA039,2,1916,361,21.13,
02OA039,2,1916,362,21.18,
02OA039,2,1916,363,21.21,
02OA039,2,1916,364,21.29,
02OA039,2,1916,365,21.35,
02OA039,2,1916,366,21.43,
02OA039,2,1917,1,21.49,
02OA039,2,1917,2,21.55,
02OA039,2,1917,3,21.52,
02OA039,2,1917,4,21.43,
02OA039,2,1917,5,21.4,
02OA039,2,1917,6,21.2,
02OA039,2,1917,7,21.18,
02OA039,2,1917,8,21.31,
02OA039,2,1917,9,21.33,
02OA039,2,1917,10,21.3,
02OA039,2,1917,11,21.25,
02OA039,2,1917,12,21.15,
02OA039,2,1917,13,21.08,
02OA039,2,1917,14,21.02,
02OA039,2,1917,15,21,
02OA039,2,1917,16,21.15,
02OA039,2,1917,17,21.24,
02OA039,2,1917,18,21.33,
02OA039,2,1917,19,21.31,
02OA039,2,1917,20,21.2,
02OA039,2,1917,21,21.13,
02OA039,2,1917,22,21.16,
02OA039,2,1917,23,21.12,
02OA039,2,1917,24,21.16,
02OA039,2,1917,25,21.15,
02OA039,2,1917,26,21.06,
02OA039,2,1917,27,21,
02OA039,2,1917,28,20.99,
02OA039,2,1917,29,21.03,
02OA039,2,1917,30,21.08,
02OA039,2,1917,31,21.16,
02OA039,2,1917,32,21.28,
02OA039,2,1917,33,21.16,
02OA039,2,1917,34,20.97,
02OA039,2,1917,35,20.95,
02OA039,2,1917,36,21.1,
02OA039,2,1917,37,21.12,
02OA039,2,1917,38,21.18,
02OA039,2,1917,39,21.22,
02OA039,2,1917,40,21.1,
02OA039,2,1917,41,20.89,
02OA039,2,1917,42,20.86,
02OA039,2,1917,43,20.86,
02OA039,2,1917,44,20.89,
02OA039,2,1917,45,20.89,
02OA039,2,1917,46,20.99,
02OA039,2,1917,47,21.02,
02OA039,2,1917,48,21.01,
02OA039,2,1917,49,20.96,
02OA039,2,1917,50,20.96,
02OA039,2,1917,51,20.98,
02OA039,2,1917,52,21.02,
02OA039,2,1917,53,20.99,
02OA039,2,1917,54,21.03,
02OA039,2,1917,55,21.05,
02OA039,2,1917,56,20.93,
02OA039,2,1917,57,20.97,
02OA039,2,1917,58,21,
02OA039,2,1917,59,20.91,
02OA039,2,1917,60,20.94,
02OA039,2,1917,61,20.96,
02OA039,2,1917,62,20.94,
02OA039,2,1917,63,20.81,
02OA039,2,1917,64,20.79,
02OA039,2,1917,65,20.72,
02OA039,2,1917,66,20.77,
02OA039,2,1917,67,20.73,
02OA039,2,1917,68,20.68,
02OA039,2,1917,69,20.66,
02OA039,2,1917,70,20.63,
02OA039,2,1917,71,20.58,
02OA039,2,1917,72,20.58,
02OA039,2,1917,73,20.63,
02OA039,2,1917,74,20.61,
02OA039,2,1917,75,20.63,
02OA039,2,1917,76,20.68,
02OA039,2,1917,77,20.64,
02OA039,2,1917,78,20.66,
02OA039,2,1917,79,20.77,
02OA039,2,1917,80,20.81,
02OA039,2,1917,81,20.77,
02OA039,2,1917,82,20.7,
02OA039,2,1917,83,20.68,
02OA039,2,1917,84,20.79,
02OA039,2,1917,85,21,
02OA039,2,1917,86,21.3,
02OA039,2,1917,87,21.57,
02OA039,2,1917,88,21.7,
02OA039,2,1917,89,21.75,
02OA039,2,1917,90,21.74,
02OA039,2,1917,91,21.72,
02OA039,2,1917,92,21.75,
02OA039,2,1917,93,21.79,
02OA039,2,1917,94,21.86,
02OA039,2,1917,95,21.86,
02OA039,2,1917,96,21.78,
02OA039,2,1917,97,21.73,
02OA039,2,1917,98,21.75,
02OA039,2,1917,99,21.74,
02OA039,2,1917,100,21.67,
02OA039,2,1917,101,21.59,
02OA039,2,1917,102,21.49,
02OA039,2,1917,103,21.41,
02OA039,2,1917,104,21.37,
02OA039,2,1917,105,21.34,
02OA039,2,1917,106,21.34,
02OA039,2,1917,107,21.32,
02OA039,2,1917,108,21.28,
02OA039,2,1917,109,21.23,
02OA039,2,1917,110,21.21,
02OA039,2,1917,111,21.24,
02OA039,2,1917,112,21.3,
02OA039,2,1917,113,21.39,
02OA039,2,1917,114,21.43,
02OA039,2,1917,115,21.43,
02OA039,2,1917,116,21.43,
02OA039,2,1917,117,21.43,
02OA039,2,1917,118,21.5,
02OA039,2,1917,119,21.51,
02OA039,2,1917,120,21.53,
02OA039,2,1917,121,21.54,
02OA039,2,1917,122,21.6,
02OA039,2,1917,123,21.65,
02OA039,2,1917,124,21.67,
02OA039,2,1917,125,21.63,
02OA039,2,1917,126,21.62,
02OA039,2,1917,127,21.65,
02OA039,2,1917,128,21.67,
02OA039,2,1917,129,21.67,
02OA039,2,1917,130,21.66,
02OA039,2,1917,131,21.66,
02OA039,2,1917,132,21.65,
02OA039,2,1917,133,21.64,
02OA039,2,1917,134,21.65,
02OA039,2,1917,135,21.63,
02OA039,2,1917,136,21.61,
02OA039,2,1917,137,21.58,
02OA039,2,1917,138,21.56,
02OA039,2,1917,139,21.54,
02OA039,2,1917,140,21.52,
02OA039,2,1917,141,21.53,
02OA039,2,1917,142,21.5,
02OA039,2,1917,143,21.49,
02OA039,2,1917,144,21.53,
02OA039,2,1917,145,21.56,
02OA039,2,1917,146,21.57,
02OA039,2,1917,147,21.54,
02OA039,2,1917,148,21.53,
02OA039,2,1917,149,21.5,
02OA039,2,1917,150,21.51,
02OA039,2,1917,151,21.54,
02OA039,2,1917,152,21.57,
02OA039,2,1917,153,21.59,
02OA039,2,1917,154,21.59,
02OA039,2,1917,155,21.6,
02OA039,2,1917,156,21.59,
02OA039,2,1917,157,21.56,
02OA039,2,1917,158,21.53,
02OA039,2,1917,159,21.54,
02OA039,2,1917,160,21.56,
02OA039,2,1917,161,21.56,
02OA039,2,1917,162,21.65,
02OA039,2,1917,163,21.78,
02OA039,2,1917,164,21.82,
02OA039,2,1917,165,21.8,
02OA039,2,1917,166,21.78,
02OA039,2,1917,167,21.75,
02OA039,2,1917,168,21.72,
02OA039,2,1917,169,21.71,
02OA039,2,1917,170,21.69,
02OA039,2,1917,171,21.68,
02OA039,2,1917,172,21.68,
02OA039,2,1917,173,21.67,
02OA039,2,1917,174,21.65,
02OA039,2,1917,175,21.62,
02OA039,2,1917,176,21.61,
02OA039,2,1917,177,21.6,
02OA039,2,1917,178,21.59,
02OA039,2,1917,179,21.57,
02OA039,2,1917,180,21.55,
02OA039,2,1917,181,21.55,
02OA039,2,1917,182,21.52,
02OA039,2,1917,183,21.53,
02OA039,2,1917,184,21.53,
02OA039,2,1917,185,21.51,
02OA039,2,1917,186,21.48,
02OA039,2,1917,187,21.48,
02OA039,2,1917,188,21.45,
02OA039,2,1917,189,21.43,
02OA039,2,1917,190,21.44,
02OA039,2,1917,191,21.43,
02OA039,2,1917,192,21.43,
02OA039,2,1917,193,21.43,
02OA039,2,1917,194,21.41,
02OA039,2,1917,195,21.41,
02OA039,2,1917,196,21.41,
02OA039,2,1917,197,21.43,
02OA039,2,1917,198,21.44,
02OA039,2,1917,199,21.45,
02OA039,2,1917,200,21.46,
02OA039,2,1917,201,21.48,
02OA039,2,1917,202,21.49,
02OA039,2,1917,203,21.49,
02OA039,2,1917,204,21.51,
02OA039,2,1917,205,21.5,
02OA039,2,1917,206,21.48,
02OA039,2,1917,207,21.46,
02OA039,2,1917,208,21.45,
02OA039,2,1917,209,21.44,
02OA039,2,1917,210,21.43,
02OA039,2,1917,211,21.44,
02OA039,2,1917,212,21.45,
02OA039,2,1917,213,21.44,
02OA039,2,1917,214,21.42,
02OA039,2,1917,215,21.41,
02OA039,2,1917,216,21.37,
02OA039,2,1917,217,21.34,
02OA039,2,1917,218,21.33,
02OA039,2,1917,219,21.32,
02OA039,2,1917,220,21.31,
02OA039,2,1917,221,21.31,
02OA039,2,1917,222,21.31,
02OA039,2,1917,223,21.29,
02OA039,2,1917,224,21.28,
02OA039,2,1917,225,21.27,
02OA039,2,1917,226,21.25,
02OA039,2,1917,227,21.25,
02OA039,2,1917,228,21.25,
02OA039,2,1917,229,21.25,
02OA039,2,1917,230,21.23,
02OA039,2,1917,231,21.22,
02OA039,2,1917,232,21.23,
02OA039,2,1917,233,21.21,
02OA039,2,1917,234,21.18,
02OA039,2,1917,235,21.16,
02OA039,2,1917,236,21.17,
02OA039,2,1917,237,21.19,
02OA039,2,1917,238,21.18,
02OA039,2,1917,239,21.18,
02OA039,2,1917,240,21.19,
02OA039,2,1917,241,21.18,
02OA039,2,1917,242,21.16,
02OA039,2,1917,243,21.14,
02OA039,2,1917,244,21.12,
02OA039,2,1917,245,21.12,
02OA039,2,1917,246,21.13,
02OA039,2,1917,247,,
02OA039,2,1917,248,21.11,
02OA039,2,1917,249,21.11,
02OA039,2,1917,250,21.1,
02OA039,2,1917,251,21.07,
02OA039,2,1917,252,21.05,
02OA039,2,1917,253,21.06,
02OA039,2,1917,254,21.05,
02OA039,2,1917,255,21.04,
02OA039,2,1917,256,21.03,
02OA039,2,1917,257,21.03,
02OA039,2,1917,258,21,
02OA039,2,1917,259,20.98,
02OA039,2,1917,260,20.99,
02OA039,2,1917,261,20.99,
02OA039,2,1917,262,20.99,
02OA039,2,1917,263,20.98,
02OA039,2,1917,264,20.98,
02OA039,2,1917,265,20.96,
02OA039,2,1917,266,20.94,
02OA039,2,1917,267,20.95,
02OA039,2,1917,268,20.96,
02OA039,2,1917,269,20.95,
02OA039,2,1917,270,20.94,
02OA039,2,1917,271,20.94,
02OA039,2,1917,272,20.93,
02OA039,2,1917,273,20.93,
02OA039,2,1917,274,20.96,
02OA039,2,1917,275,20.95,
02OA039,2,1917,276,20.94,
02OA039,2,1917,277,20.96,
02OA039,2,1917,278,20.93,
02OA039,2,1917,279,20.93,
02OA039,2,1917,280,20.93,
02OA039,2,1917,281,20.96,
02OA039,2,1917,282,20.96,
02OA039,2,1917,283,20.93,
02OA039,2,1917,284,20.89,
02OA039,2,1917,285,20.87,
02OA039,2,1917,286,20.92,
02OA039,2,1917,287,20.97,
02OA039,2,1917,288,21,
02OA039,2,1917,289,21,
02OA039,2,1917,290,20.97,
02OA039,2,1917,291,20.94,
02OA039,2,1917,292,20.93,
02OA039,2,1917,293,20.96,
02OA039,2,1917,294,20.95,
02OA039,2,1917,295,20.96,
02OA039,2,1917,296,20.95,
02OA039,2,1917,297,20.9,
02OA039,2,1917,298,20.88,
02OA039,2,1917,299,20.93,
02OA039,2,1917,300,20.99,
02OA039,2,1917,301,21.03,
02OA039,2,1917,302,21.07,
02OA039,2,1917,303,21.09,
02OA039,2,1917,304,21.16,
02OA039,2,1917,305,21.21,
02OA039,2,1917,306,21.2,
02OA039,2,1917,307,21.18,
02OA039,2,1917,308,21.16,
02OA039,2,1917,309,21.14,
02OA039,2,1917,310,21.11,
02OA039,2,1917,311,21.08,
02OA039,2,1917,312,21.07,
02OA039,2,1917,313,21.07,
02OA039,2,1917,314,21.06,
02OA039,2,1917,315,21.05,
02OA039,2,1917,316,21.05,
02OA039,2,1917,317,21.04,
02OA039,2,1917,318,21.01,
02OA039,2,1917,319,21.01,
02OA039,2,1917,320,21.01,
02OA039,2,1917,321,21,
02OA039,2,1917,322,20.99,
02OA039,2,1917,323,21.01,
02OA039,2,1917,324,21.01,
02OA039,2,1917,325,20.99,
02OA039,2,1917,326,20.93,
02OA039,2,1917,327,20.91,
02OA039,2,1917,328,20.91,
02OA039,2,1917,329,20.89,
02OA039,2,1917,330,20.91,
02OA039,2,1917,331,20.94,
02OA039,2,1917,332,20.94,
02OA039,2,1917,333,,
02OA039,2,1917,334,,
02OA039,2,1917,335,,
02OA039,2,1917,336,,
02OA039,2,1917,337,,
02OA039,2,1917,338,,
02OA039,2,1917,339,,
02OA039,2,1917,340,,
02OA039,2,1917,341,,
02OA039,2,1917,342,,
02OA039,2,1917,343,,
02OA039,2,1917,344,,
02OA039,2,1917,345,,
02OA039,2,1917,346,,
02OA039,2,1917,347,,
02OA039,2,1917,348,21.25,
02OA039,2,1917,349,21.26,
02OA039,2,1917,350,21.3,
02OA039,2,1917,351,21.34,
02OA039,2,1917,352,21.38,
02OA039,2,1917,353,21.46,
02OA039,2,1917,354,21.6,
02OA039,2,1917,355,21.44,
02OA039,2,1917,356,21.28,
02OA039,2,1917,357,21.31,
02OA039,2,1917,358,21.43,
02OA039,2,1917,359,21.5,
02OA039,2,1917,360,21.51,
02OA039,2,1917,361,21.5,
02OA039,2,1917,362,21.41,
02OA039,2,1917,363,21.26,
02OA039,2,1917,364,21.18,
02OA039,2,1917,365,21.19,
02OA039,2,1918,1,21.22,
02OA039,2,1918,2,21.29,
02OA039,2,1918,3,21.36,
02OA039,2,1918,4,21.4,
02OA039,2,1918,5,21.37,
02OA039,2,1918,6,21.42,
02OA039,2,1918,7,21.48,
02OA039,2,1918,8,21.45,
02OA039,2,1918,9,21.3,
02OA039,2,1918,10,21.19,
02OA039,2,1918,11,21.2,
02OA039,2,1918,12,21.28,
02OA039,2,1918,13,21.25,
02OA039,2,1918,14,21.23,
02OA039,2,1918,15,21.25,
02OA039,2,1918,16,21.18,
02OA039,2,1918,17,21.2,
02OA039,2,1918,18,21.27,
02OA039,2,1918,19,21.3,
02OA039,2,1918,20,21.21,
02OA039,2,1918,21,21.1,
02OA039,2,1918,22,21.14,
02OA039,2,1918,23,21.16,
02OA039,2,1918,24,21.12,
02OA039,2,1918,25,21.07,
02OA039,2,1918,26,21.06,
02OA039,2,1918,27,21.09,
02OA039,2,1918,28,21.06,
02OA039,2,1918,29,20.9,
02OA039,2,1918,30,20.89,
02OA039,2,1918,31,20.99,
02OA039,2,1918,32,21.16,
02OA039,2,1918,33,21.2,
02OA039,2,1918,34,21.18,
02OA039,2,1918,35,21.05,
02OA039,2,1918,36,20.86,
02OA039,2,1918,37,20.81,
02OA039,2,1918,38,20.85,
02OA039,2,1918,39,20.79,
02OA039,2,1918,40,20.87,
02OA039,2,1918,41,20.93,
02OA039,2,1918,42,21.05,
02OA039,2,1918,43,21.26,
02OA039,2,1918,44,21.24,
02OA039,2,1918,45,21.08,
02OA039,2,1918,46,20.9,
02OA039,2,1918,47,20.88,
02OA039,2,1918,48,20.92,
02OA039,2,1918,49,20.97,
02OA039,2,1918,50,21.1,
02OA039,2,1918,51,21.07,
02OA039,2,1918,52,21,
02OA039,2,1918,53,21.06,
02OA039,2,1918,54,21.03,
02OA039,2,1918,55,21.04,
02OA039,2,1918,56,21.08,
02OA039,2,1918,57,21.02,
02OA039,2,1918,58,21.09,
02OA039,2,1918,59,21.14,
02OA039,2,1918,60,21.15,
02OA039,2,1918,61,21.1,
02OA039,2,1918,62,21.04,
02OA039,2,1918,63,21.07,
02OA039,2,1918,64,21.04,
02OA039,2,1918,65,20.96,
02OA039,2,1918,66,20.99,
02OA039,2,1918,67,21.06,
02OA039,2,1918,68,21,
02OA039,2,1918,69,20.89,
02OA039,2,1918,70,20.77,
02OA039,2,1918,71,20.89,
02OA039,2,1918,72,20.98,
02OA039,2,1918,73,20.97,
02OA039,2,1918,74,20.91,
02OA039,2,1918,75,20.92,
02OA039,2,1918,76,20.96,
02OA039,2,1918,77,20.95,
02OA039,2,1918,78,20.95,
02OA039,2,1918,79,20.94,
02OA039,2,1918,80,20.95,
02OA039,2,1918,81,21.03,
02OA039,2,1918,82,21.18,
02OA039,2,1918,83,21.31,
02OA039,2,1918,84,21.36,
02OA039,2,1918,85,21.38,
02OA039,2,1918,86,21.4,
02OA039,2,1918,87,21.41,
02OA039,2,1918,88,21.42,
02OA039,2,1918,89,21.46,
02OA039,2,1918,90,21.58,
02OA039,2,1918,91,21.72,
02OA039,2,1918,92,21.86,
02OA039,2,1918,93,22.03,
02OA039,2,1918,94,22.09,
02OA039,2,1918,95,22.01,
02OA039,2,1918,96,21.91,
02OA039,2,1918,97,21.82,
02OA039,2,1918,98,21.77,
02OA039,2,1918,99,21.75,
02OA039,2,1918,100,21.72,
02OA039,2,1918,101,21.6,
02OA039,2,1918,102,21.5,
02OA039,2,1918,103,21.49,
02OA039,2,1918,104,21.49,
02OA039,2,1918,105,21.55,
02OA039,2,1918,106,21.6,
02OA039,2,1918,107,21.6,
02OA039,2,1918,108,21.53,
02OA039,2,1918,109,21.52,
02OA039,2,1918,110,21.5,
02OA039,2,1918,111,21.5,
02OA039,2,1918,112,21.58,
02OA039,2,1918,113,21.66,
02OA039,2,1918,114,21.68,
02OA039,2,1918,115,21.65,
02OA039,2,1918,116,21.61,
02OA039,2,1918,117,21.57,
02OA039,2,1918,118,21.53,
02OA039,2,1918,119,21.53,
02OA039,2,1918,120,21.53,
02OA039,2,1918,121,21.53,
02OA039,2,1918,122,21.54,
02OA039,2,1918,123,21.52,
02OA039,2,1918,124,21.52,
02OA039,2,1918,125,21.51,
02OA039,2,1918,126,21.52,
02OA039,2,1918,127,21.53,
02OA039,2,1918,128,21.54,
02OA039,2,1918,129,21.53,
02OA039,2,1918,130,21.53,
02OA039,2,1918,131,21.54,
02OA039,2,1918,132,21.53,
02OA039,2,1918,133,21.61,
02OA039,2,1918,134,21.7,
02OA039,2,1918,135,21.71,
02OA039,2,1918,136,21.69,
02OA039,2,1918,137,21.68,
02OA039,2,1918,138,21.67,
02OA039,2,1918,139,21.67,
02OA039,2,1918,140,21.67,
02OA039,2,1918,141,21.67,
02OA039,2,1918,142,21.65,
02OA039,2,1918,143,21.64,
02OA039,2,1918,144,21.62,
02OA039,2,1918,145,21.6,
02OA039,2,1918,146,21.57,
02OA039,2,1918,147,21.56,
02OA039,2,1918,148,21.55,
02OA039,2,1918,149,21.54,
02OA039,2,1918,150,21.52,
02OA039,2,1918,151,21.5,
02OA039,2,1918,152,21.49,
02OA039,2,1918,153,21.49,
02OA039,2,1918,154,21.5,
02OA039,2,1918,155,21.48,
02OA039,2,1918,156,21.44,
02OA039,2,1918,157,21.41,
02OA039,2,1918,158,21.4,
02OA039,2,1918,159,21.39,
02OA039,2,1918,160,21.39,
02OA039,2,1918,161,21.39,
02OA039,2,1918,162,21.37,
02OA039,2,1918,163,21.39,
02OA039,2,1918,164,21.4,
02OA039,2,1918,165,21.39,
02OA039,2,1918,166,21.38,
02OA039,2,1918,167,21.36,
02OA039,2,1918,168,21.35,
02OA039,2,1918,169,21.32,
02OA039,2,1918,170,21.3,
02OA039,2,1918,171,21.27,
02OA039,2,1918,172,21.25,
02OA039,2,1918,173,21.25,
02OA039,2,1918,174,21.27,
02OA039,2,1918,175,21.29,
02OA039,2,1918,176,21.28,
02OA039,2,1918,177,21.25,
02OA039,2,1918,178,21.22,
02OA039,2,1918,179,21.22,
02OA039,2,1918,180,21.21,
02OA039,2,1918,181,21.21,
02OA039,2,1918,182,21.22,
02OA039,2,1918,183,21.24,
02OA039,2,1918,184,21.25,
02OA039,2,1918,185,21.24,
02OA039,2,1918,186,21.23,
02OA039,2,1918,187,21.23,
02OA039,2,1918,188,21.23,
02OA039,2,1918,189,21.25,
02OA039,2,1918,190,21.27,
02OA039,2,1918,191,21.28,
02OA039,2,1918,192,21.28,
02OA039,2,1918,193,21.28,
02OA039,2,1918,194,21.27,
02OA039,2,1918,195,21.25,
02OA039,2,1918,196,21.26,
02OA039,2,1918,197,21.26,
02OA039,2,1918,198,21.25,
02OA039,2,1918,199,21.25,
02OA039,2,1918,200,21.22,
02OA039,2,1918,201,21.2,
02OA039,2,1918,202,21.18,
02OA039,2,1918,203,21.18,
02OA039,2,1918,204,21.17,
02OA039,2,1918,205,21.14,
02OA039,2,1918,206,21.12,
02OA039,2,1918,207,21.11,
02OA039,2,1918,208,21.1,
02OA039,2,1918,209,21.07,
02OA039,2,1918,210,21.08,
02OA039,2,1918,211,21.11,
02OA039,2,1918,212,21.1,
02OA039,2,1918,213,21.05,
02OA039,2,1918,214,21.03,
02OA039,2,1918,215,21.01,
02OA039,2,1918,216,20.98,
02OA039,2,1918,217,20.98,
02OA039,2,1918,218,20.99,
02OA039,2,1918,219,20.97,
02OA039,2,1918,220,20.97,
02OA039,2,1918,221,20.95,
02OA039,2,1918,222,20.94,
02OA039,2,1918,223,20.94,
02OA039,2,1918,224,20.97,
02OA039,2,1918,225,21,
02OA039,2,1918,226,21,
02OA039,2,1918,227,20.98,
02OA039,2,1918,228,20.95,
02OA039,2,1918,229,20.93,
02OA039,2,1918,230,20.89,
02OA039,2,1918,231,20.88,
02OA039,2,1918,232,20.86,
02OA039,2,1918,233,20.86,
02OA039,2,1918,234,20.86,
02OA039,2,1918,235,20.87,
02OA039,2,1918,236,20.87,
02OA039,2,1918,237,20.86,
02OA039,2,1918,238,20.86,
02OA039,2,1918,239,20.86,
02OA039,2,1918,240,20.84,
02OA039,2,1918,241,20.83,
02OA039,2,1918,242,20.84,
02OA039,2,1918,243,20.83,
02OA039,2,1918,244,20.82,
02OA039,2,1918,245,20.84,
02OA039,2,1918,246,20.85,
02OA039,2,1918,247,20.84,
02OA039,2,1918,248,20.82,
02OA039,2,1918,249,20.87,
02OA039,2,1918,250,20.87,
02OA039,2,1918,251,20.85,
02OA039,2,1918,252,20.86,
02OA039,2,1918,253,20.87,
02OA039,2,1918,254,20.85,
02OA039,2,1918,255,20.83,
02OA039,2,1918,256,20.84,
02OA039,2,1918,257,20.88,
02OA039,2,1918,258,20.89,
02OA039,2,1918,259,20.89,
02OA039,2,1918,260,20.87,
02OA039,2,1918,261,20.85,
02OA039,2,1918,262,20.86,
02OA039,2,1918,263,20.88,
02OA039,2,1918,264,20.9,
02OA039,2,1918,265,20.9,
02OA039,2,1918,266,20.93,
02OA039,2,1918,267,20.93,
02OA039,2,1918,268,20.93,
02OA039,2,1918,269,20.92,
02OA039,2,1918,270,20.95,
02OA039,2,1918,271,20.98,
02OA039,2,1918,272,20.99,
02OA039,2,1918,273,21,
02OA039,2,1918,274,20.98,
02OA039,2,1918,275,20.96,
02OA039,2,1918,276,20.97,
02OA039,2,1918,277,20.97,
02OA039,2,1918,278,20.95,
02OA039,2,1918,279,21.07,
02OA039,2,1918,280,21.3,
02OA039,2,1918,281,21.32,
02OA039,2,1918,282,21.26,
02OA039,2,1918,283,21.21,
02OA039,2,1918,284,21.15,
02OA039,2,1918,285,21.1,
02OA039,2,1918,286,21.08,
02OA039,2,1918,287,21.1,
02OA039,2,1918,288,21.08,
02OA039,2,1918,289,21.04,
02OA039,2,1918,290,20.99,
02OA039,2,1918,291,20.98,
02OA039,2,1918,292,20.96,
02OA039,2,1918,293,20.96,
02OA039,2,1918,294,21.03,
02OA039,2,1918,295,21.07,
02OA039,2,1918,296,21.06,
02OA039,2,1918,297,21.04,
02OA039,2,1918,298,21.02,
02OA039,2,1918,299,21.06,
02OA039,2,1918,300,21.1,
02OA039,2,1918,301,21.13,
02OA039,2,1918,302,21.14,
02OA039,2,1918,303,21.17,
02OA039,2,1918,304,21.21,
02OA039,2,1918,305,21.29,
02OA039,2,1918,306,21.31,
02OA039,2,1918,307,21.29,
02OA039,2,1918,308,21.27,
02OA039,2,1918,309,21.25,
02OA039,2,1918,310,21.22,
02OA039,2,1918,311,21.23,
02OA039,2,1918,312,21.23,
02OA039,2,1918,313,21.21,
02OA039,2,1918,314,21.22,
02OA039,2,1918,315,21.24,
02OA039,2,1918,316,21.21,
02OA039,2,1918,317,21.17,
02OA039,2,1918,318,21.16,
02OA039,2,1918,319,21.15,
02OA039,2,1918,320,21.13,
02OA039,2,1918,321,21.11,
02OA039,2,1918,322,21.15,
02OA039,2,1918,323,21.38,
02OA039,2,1918,324,21.55,
02OA039,2,1918,325,21.55,
02OA039,2,1918,326,21.52,
02OA039,2,1918,327,21.46,
02OA039,2,1918,328,21.4,
02OA039,2,1918,329,21.4,
02OA039,2,1918,330,21.38,
02OA039,2,1918,331,21.32,
02OA039,2,1918,332,21.24,
02OA039,2,1918,333,21.24,
02OA039,2,1918,334,21.28,
02OA039,2,1918,335,21.27,
02OA039,2,1918,336,21.22,
02OA039,2,1918,337,21.15,
02OA039,2,1918,338,21.14,
02OA039,2,1918,339,21.13,
02OA039,2,1918,340,21.07,
02OA039,2,1918,341,21.04,
02OA039,2,1918,342,21.03,
02OA039,2,1918,343,21.08,
02OA039,2,1918,344,21.09,
02OA039,2,1918,345,21.01,
02OA039,2,1918,346,21.01,
02OA039,2,1918,347,21.04,
02OA039,2,1918,348,21.04,
02OA039,2,1918,349,21.13,
02OA039,2,1918,350,21.29,
02OA039,2,1918,351,21.3,
02OA039,2,1918,352,21.21,
02OA039,2,1918,353,21.13,
02OA039,2,1918,354,21.08,
02OA039,2,1918,355,21.05,
02OA039,2,1918,356,21.02,
02OA039,2,1918,357,21.07,
02OA039,2,1918,358,21.13,
02OA039,2,1918,359,21.09,
02OA039,2,1918,360,21.09,
02OA039,2,1918,361,21.08,
02OA039,2,1918,362,21.07,
02OA039,2,1918,363,21.04,
02OA039,2,1918,364,21.08,
02OA039,2,1918,365,21.12,
02OA039,2,1919,1,21.11,
02OA039,2,1919,2,21.2,
02OA039,2,1919,3,21.35,
02OA039,2,1919,4,21.49,
02OA039,2,1919,5,21.52,
02OA039,2,1919,6,21.48,
02OA039,2,1919,7,21.42,
02OA039,2,1919,8,21.42,
02OA039,2,1919,9,21.45,
02OA039,2,1919,10,21.29,
02OA039,2,1919,11,21.19,
02OA039,2,1919,12,21.14,
02OA039,2,1919,13,21.23,
02OA039,2,1919,14,21.38,
02OA039,2,1919,15,21.52,
02OA039,2,1919,16,21.53,
02OA039,2,1919,17,21.49,
02OA039,2,1919,18,21.35,
02OA039,2,1919,19,21.21,
02OA039,2,1919,20,21.21,
02OA039,2,1919,21,21.3,
02OA039,2,1919,22,21.37,
02OA039,2,1919,23,21.44,
02OA039,2,1919,24,21.31,
02OA039,2,1919,25,21.26,
02OA039,2,1919,26,21.4,
02OA039,2,1919,27,21.5,
02OA039,2,1919,28,21.46,
02OA039,2,1919,29,21.41,
02OA039,2,1919,30,21.39,
02OA039,2,1919,31,21.34,
02OA039,2,1919,32,21.23,
02OA039,2,1919,33,21.26,
02OA039,2,1919,34,21.39,
02OA039,2,1919,35,21.45,
02OA039,2,1919,36,21.38,
02OA039,2,1919,37,21.32,
02OA039,2,1919,38,21.27,
02OA039,2,1919,39,21.18,
02OA039,2,1919,40,21.07,
02OA039,2,1919,41,21.01,
02OA039,2,1919,42,20.97,
02OA039,2,1919,43,20.95,
02OA039,2,1919,44,20.96,
02OA039,2,1919,45,20.98,
02OA039,2,1919,46,21.01,
02OA039,2,1919,47,20.97,
02OA039,2,1919,48,,
02OA039,2,1919,49,,
02OA039,2,1919,50,,
02OA039,2,1919,51,,
02OA039,2,1919,52,,
02OA039,2,1919,53,,
02OA039,2,1919,54,,
02OA039,2,1919,55,,
02OA039,2,1919,56,,
02OA039,2,1919,57,,
02OA039,2,1919,58,,
02OA039,2,1919,59,,
02OA039,2,1919,60,21.03,
02OA039,2,1919,61,21.04,
02OA039,2,1919,62,21.06,
02OA039,2,1919,63,21.03,
02OA039,2,1919,64,21.01,
02OA039,2,1919,65,21.04,
02OA039,2,1919,66,21.03,
02OA039,2,1919,67,21,
02OA039,2,1919,68,20.99,
02OA039,2,1919,69,21,
02OA039,2,1919,70,21.03,
02OA039,2,1919,71,21.04,
02OA039,2,1919,72,21.04,
02OA039,2,1919,73,21.06,
02OA039,2,1919,74,21.02,
02OA039,2,1919,75,20.97,
02OA039,2,1919,76,20.98,
02OA039,2,1919,77,21.01,
02OA039,2,1919,78,21.22,
02OA039,2,1919,79,21.32,
02OA039,2,1919,80,21.36,
02OA039,2,1919,81,21.42,
02OA039,2,1919,82,21.41,
02OA039,2,1919,83,21.47,
02OA039,2,1919,84,21.51,
02OA039,2,1919,85,21.53,
02OA039,2,1919,86,21.54,
02OA039,2,1919,87,21.6,
02OA039,2,1919,88,21.56,
02OA039,2,1919,89,21.43,
02OA039,2,1919,90,21.36,
02OA039,2,1919,91,21.31,
02OA039,2,1919,92,21.25,
02OA039,2,1919,93,21.26,
02OA039,2,1919,94,21.26,
02OA039,2,1919,95,21.26,
02OA039,2,1919,96,21.26,
02OA039,2,1919,97,21.32,
02OA039,2,1919,98,21.53,
02OA039,2,1919,99,21.66,
02OA039,2,1919,100,21.65,
02OA039,2,1919,101,21.64,
02OA039,2,1919,102,21.77,
02OA039,2,1919,103,21.86,
02OA039,2,1919,104,21.89,
02OA039,2,1919,105,21.88,
02OA039,2,1919,106,21.82,
02OA039,2,1919,107,21.89,
02OA039,2,1919,108,21.97,
02OA039,2,1919,109,21.99,
02OA039,2,1919,110,21.96,
02OA039,2,1919,111,21.93,
02OA039,2,1919,112,21.89,
02OA039,2,1919,113,21.86,
02OA039,2,1919,114,21.86,
02OA039,2,1919,115,21.87,
02OA039,2,1919,116,21.89,
02OA039,2,1919,117,21.9,
02OA039,2,1919,118,21.95,
02OA039,2,1919,119,22,
02OA039,2,1919,120,22.02,
02OA039,2,1919,121,22.03,
02OA039,2,1919,122,22.04,
02OA039,2,1919,123,22.09,
02OA039,2,1919,124,22.06,
02OA039,2,1919,125,22.09,
02OA039,2,1919,126,22.15,
02OA039,2,1919,127,22.16,
02OA039,2,1919,128,22.17,
02OA039,2,1919,129,22.16,
02OA039,2,1919,130,22.11,
02OA039,2,1919,131,22.07,
02OA039,2,1919,132,22.08,
02OA039,2,1919,133,22.11,
02OA039,2,1919,134,22.12,
02OA039,2,1919,135,22.1,
02OA039,2,1919,136,22.08,
02OA039,2,1919,137,22.07,
02OA039,2,1919,138,22.1,
02OA039,2,1919,139,22.15,
02OA039,2,1919,140,22.14,
02OA039,2,1919,141,22.09,
02OA039,2,1919,142,22.14,
02OA039,2,1919,143,22.31,
02OA039,2,1919,144,22.38,
02OA039,2,1919,145,22.41,
02OA039,2,1919,146,22.45,
02OA039,2,1919,147,22.47,
02OA039,2,1919,148,22.47,
02OA039,2,1919,149,22.46,
02OA039,2,1919,150,22.45,
02OA039,2,1919,151,22.42,
02OA039,2,1919,152,22.37,
02OA039,2,1919,153,22.34,
02OA039,2,1919,154,22.29,
02OA039,2,1919,155,22.22,
02OA039,2,1919,156,22.16,
02OA039,2,1919,157,22.1,
02OA039,2,1919,158,22.05,
02OA039,2,1919,159,22,
02OA039,2,1919,160,21.97,
02OA039,2,1919,161,21.95,
02OA039,2,1919,162,21.91,
02OA039,2,1919,163,21.88,
02OA039,2,1919,164,21.85,
02OA039,2,1919,165,21.85,
02OA039,2,1919,166,21.86,
02OA039,2,1919,167,21.85,
02OA039,2,1919,168,21.84,
02OA039,2,1919,169,21.81,
02OA039,2,1919,170,21.78,
02OA039,2,1919,171,21.77,
02OA039,2,1919,172,21.74,
02OA039,2,1919,173,21.69,
02OA039,2,1919,174,21.67,
02OA039,2,1919,175,21.65,
02OA039,2,1919,176,21.63,
02OA039,2,1919,177,21.62,
02OA039,2,1919,178,21.66,
02OA039,2,1919,179,21.66,
02OA039,2,1919,180,21.62,
02OA039,2,1919,181,21.6,
02OA039,2,1919,182,21.56,
02OA039,2,1919,183,21.53,
02OA039,2,1919,184,21.5,
02OA039,2,1919,185,21.47,
02OA039,2,1919,186,21.44,
02OA039,2,1919,187,21.41,
02OA039,2,1919,188,21.39,
02OA039,2,1919,189,21.37,
02OA039,2,1919,190,21.35,
02OA039,2,1919,191,21.33,
02OA039,2,1919,192,21.34,
02OA039,2,1919,193,21.31,
02OA039,2,1919,194,21.28,
02OA039,2,1919,195,21.27,
02OA039,2,1919,196,21.27,
02OA039,2,1919,197,21.27,
02OA039,2,1919,198,21.27,
02OA039,2,1919,199,21.26,
02OA039,2,1919,200,21.25,
02OA039,2,1919,201,21.23,
02OA039,2,1919,202,21.23,
02OA039,2,1919,203,21.23,
02OA039,2,1919,204,21.24,
02OA039,2,1919,205,21.23,
02OA039,2,1919,206,21.22,
02OA039,2,1919,207,21.2,
02OA039,2,1919,208,21.2,
02OA039,2,1919,209,21.22,
02OA039,2,1919,210,21.22,
02OA039,2,1919,211,21.2,
02OA039,2,1919,212,21.19,
02OA039,2,1919,213,21.18,
02OA039,2,1919,214,21.15,
02OA039,2,1919,215,21.12,
02OA039,2,1919,216,21.14,
02OA039,2,1919,217,21.14,
02OA039,2,1919,218,21.15,
02OA039,2,1919,219,21.14,
02OA039,2,1919,220,21.13,
02OA039,2,1919,221,21.1,
02OA039,2,1919,222,21.07,
02OA039,2,1919,223,21.09,
02OA039,2,1919,224,21.08,
02OA039,2,1919,225,21.07,
02OA039,2,1919,226,21.06,
02OA039,2,1919,227,21.05,
02OA039,2,1919,228,21.04,
02OA039,2,1919,229,21.03,
02OA039,2,1919,230,21.06,
02OA039,2,1919,231,21.08,
02OA039,2,1919,232,21.11,
02OA039,2,1919,233,21.11,
02OA039,2,1919,234,21.11,
02OA039,2,1919,235,21.09,
02OA039,2,1919,236,21.08,
02OA039,2,1919,237,21.1,
02OA039,2,1919,238,21.11,
02OA039,2,1919,239,21.1,
02OA039,2,1919,240,21.09,
02OA039,2,1919,241,21.08,
02OA039,2,1919,242,21.07,
02OA039,2,1919,243,21.05,
02OA039,2,1919,244,21.06,
02OA039,2,1919,245,21.05,
02OA039,2,1919,246,21.03,
02OA039,2,1919,247,21.02,
02OA039,2,1919,248,21.01,
02OA039,2,1919,249,21,
02OA039,2,1919,250,21,
02OA039,2,1919,251,21.02,
02OA039,2,1919,252,21.02,
02OA039,2,1919,253,21.02,
02OA039,2,1919,254,21.02,
02OA039,2,1919,255,21.02,
02OA039,2,1919,256,21.01,
02OA039,2,1919,257,21,
02OA039,2,1919,258,21.01,
02OA039,2,1919,259,21.01,
02OA039,2,1919,260,21,
02OA039,2,1919,261,21,
02OA039,2,1919,262,20.99,
02OA039,2,1919,263,21.01,
02OA039,2,1919,264,21.01,
02OA039,2,1919,265,21.04,
02OA039,2,1919,266,21.04,
02OA039,2,1919,267,21.01,
02OA039,2,1919,268,21.01,
02OA039,2,1919,269,21.01,
02OA039,2,1919,270,21,
02OA039,2,1919,271,20.99,
02OA039,2,1919,272,21.02,
02OA039,2,1919,273,21.02,
02OA039,2,1919,274,20.99,
02OA039,2,1919,275,20.95,
02OA039,2,1919,276,20.95,
02OA039,2,1919,277,20.96,
02OA039,2,1919,278,20.95,
02OA039,2,1919,279,21.01,
02OA039,2,1919,280,21.04,
02OA039,2,1919,281,21.04,
02OA039,2,1919,282,21.03,
02OA039,2,1919,283,21.06,
02OA039,2,1919,284,21.1,
02OA039,2,1919,285,21.12,
02OA039,2,1919,286,21.12,
02OA039,2,1919,287,21.11,
02OA039,2,1919,288,21.09,
02OA039,2,1919,289,21.07,
02OA039,2,1919,290,21.04,
02OA039,2,1919,291,21.02,
02OA039,2,1919,292,21,
02OA039,2,1919,293,21,
02OA039,2,1919,294,21,
02OA039,2,1919,295,21.01,
02OA039,2,1919,296,21.02,
02OA039,2,1919,297,21.01,
02OA039,2,1919,298,21,
02OA039,2,1919,299,21,
02OA039,2,1919,300,21.02,
02OA039,2,1919,301,20.97,
02OA039,2,1919,302,20.99,
02OA039,2,1919,303,20.98,
02OA039,2,1919,304,21.04,
02OA039,2,1919,305,21.24,
02OA039,2,1919,306,21.28,
02OA039,2,1919,307,21.23,
02OA039,2,1919,308,21.15,
02OA039,2,1919,309,21.15,
02OA039,2,1919,310,21.23,
02OA039,2,1919,311,21.2,
02OA039,2,1919,312,21.14,
02OA039,2,1919,313,21.08,
02OA039,2,1919,314,21.04,
02OA039,2,1919,315,21.05,
02OA039,2,1919,316,21.08,
02OA039,2,1919,317,21.1,
02OA039,2,1919,318,21.1,
02OA039,2,1919,319,21.08,
02OA039,2,1919,320,21.06,
02OA039,2,1919,321,21.07,
02OA039,2,1919,322,21.1,
02OA039,2,1919,323,21.1,
02OA039,2,1919,324,21.09,
02OA039,2,1919,325,21.07,
02OA039,2,1919,326,21.08,
02OA039,2,1919,327,21.13,
02OA039,2,1919,328,21.18,
02OA039,2,1919,329,21.18,
02OA039,2,1919,330,21.12,
02OA039,2,1919,331,21.07,
02OA039,2,1919,332,21.04,
02OA039,2,1919,333,21.02,
02OA039,2,1919,334,21.09,
02OA039,2,1919,335,21.14,
02OA039,2,1919,336,21.14,
02OA039,2,1919,337,21.11,
02OA039,2,1919,338,21.09,
02OA039,2,1919,339,21.09,
02OA039,2,1919,340,21.07,
02OA039,2,1919,341,21.01,
02OA039,2,1919,342,21.03,
02OA039,2,1919,343,21.01,
02OA039,2,1919,344,21,
02OA039,2,1919,345,21.01,
02OA039,2,1919,346,21.13,
02OA039,2,1919,347,21.16,
02OA039,2,1919,348,21.1,
02OA039,2,1919,349,21.08,
02OA039,2,1919,350,21.03,
02OA039,2,1919,351,21.07,
02OA039,2,1919,352,21.15,
02OA039,2,1919,353,21.25,
02OA039,2,1919,354,21.4,
02OA039,2,1919,355,21.45,
02OA039,2,1919,356,21.45,
02OA039,2,1919,357,21.53,
02OA039,2,1919,358,21.5,
02OA039,2,1919,359,21.37,
02OA039,2,1919,360,21.36,
02OA039,2,1919,361,21.41,
02OA039,2,1919,362,21.33,
02OA039,2,1919,363,21.31,
02OA039,2,1919,364,21.53,
02OA039,2,1919,365,21.56,
02OA039,2,1920,1,21.49,
02OA039,2,1920,2,21.42,
02OA039,2,1920,3,21.46,
02OA039,2,1920,4,21.43,
02OA039,2,1920,5,21.4,
02OA039,2,1920,6,21.42,
02OA039,2,1920,7,21.45,
02OA039,2,1920,8,21.43,
02OA039,2,1920,9,21.3,
02OA039,2,1920,10,21.22,
02OA039,2,1920,11,21.2,
02OA039,2,1920,12,21.27,
02OA039,2,1920,13,21.32,
02OA039,2,1920,14,21.29,
02OA039,2,1920,15,21.27,
02OA039,2,1920,16,21.21,
02OA039,2,1920,17,21.22,
02OA039,2,1920,18,21.11,
02OA039,2,1920,19,21,
02OA039,2,1920,20,21.01,
02OA039,2,1920,21,20.95,
02OA039,2,1920,22,20.94,
02OA039,2,1920,23,21.01,
02OA039,2,1920,24,21.08,
02OA039,2,1920,25,20.96,
02OA039,2,1920,26,20.89,
02OA039,2,1920,27,20.94,
02OA039,2,1920,28,21.07,
02OA039,2,1920,29,21.1,
02OA039,2,1920,30,21.07,
02OA039,2,1920,31,21.07,
02OA039,2,1920,32,20.75,
02OA039,2,1920,33,20.69,
02OA039,2,1920,34,20.78,
02OA039,2,1920,35,20.93,
02OA039,2,1920,36,21.01,
02OA039,2,1920,37,20.98,
02OA039,2,1920,38,20.92,
02OA039,2,1920,39,20.91,
02OA039,2,1920,40,20.9,
02OA039,2,1920,41,20.9,
02OA039,2,1920,42,20.94,
02OA039,2,1920,43,20.95,
02OA039,2,1920,44,20.93,
02OA039,2,1920,45,20.83,
02OA039,2,1920,46,20.73,
02OA039,2,1920,47,20.62,
02OA039,2,1920,48,20.63,
02OA039,2,1920,49,20.71,
02OA039,2,1920,50,20.79,
02OA039,2,1920,51,20.82,
02OA039,2,1920,52,20.86,
02OA039,2,1920,53,20.87,
02OA039,2,1920,54,20.85,
02OA039,2,1920,55,20.81,
02OA039,2,1920,56,20.76,
02OA039,2,1920,57,20.71,
02OA039,2,1920,58,20.68,
02OA039,2,1920,59,20.69,
02OA039,2,1920,60,20.74,
02OA039,2,1920,61,20.78,
02OA039,2,1920,62,20.8,
02OA039,2,1920,63,20.81,
02OA039,2,1920,64,20.84,
02OA039,2,1920,65,20.76,
02OA039,2,1920,66,20.63,
02OA039,2,1920,67,20.54,
02OA039,2,1920,68,20.55,
02OA039,2,1920,69,20.64,
02OA039,2,1920,70,20.68,
02OA039,2,1920,71,20.65,
02OA039,2,1920,72,20.59,
02OA039,2,1920,73,20.58,
02OA039,2,1920,74,20.66,
02OA039,2,1920,75,20.77,
02OA039,2,1920,76,20.77,
02OA039,2,1920,77,20.76,
02OA039,2,1920,78,20.86,
02OA039,2,1920,79,20.97,
02OA039,2,1920,80,20.96,
02OA039,2,1920,81,20.9,
02OA039,2,1920,82,20.89,
02OA039,2,1920,83,20.93,
02OA039,2,1920,84,21.14,
02OA039,2,1920,85,21.36,
02OA039,2,1920,86,21.5,
02OA039,2,1920,87,21.58,
02OA039,2,1920,88,21.6,
02OA039,2,1920,89,21.59,
02OA039,2,1920,90,21.56,
02OA039,2,1920,91,21.55,
02OA039,2,1920,92,21.48,
02OA039,2,1920,93,21.38,
02OA039,2,1920,94,21.37,
02OA039,2,1920,95,21.41,
02OA039,2,1920,96,21.41,
02OA039,2,1920,97,21.45,
02OA039,2,1920,98,21.48,
02OA039,2,1920,99,21.46,
02OA039,2,1920,100,21.44,
02OA039,2,1920,101,21.36,
02OA039,2,1920,102,21.29,
02OA039,2,1920,103,21.24,
02OA039,2,1920,104,21.25,
02OA039,2,1920,105,21.34,
02OA039,2,1920,106,21.41,
02OA039,2,1920,107,21.42,
02OA039,2,1920,108,21.41,
02OA039,2,1920,109,21.33,
02OA039,2,1920,110,21.27,
02OA039,2,1920,111,21.23,
02OA039,2,1920,112,21.18,
02OA039,2,1920,113,21.17,
02OA039,2,1920,114,21.23,
02OA039,2,1920,115,21.29,
02OA039,2,1920,116,21.35,
02OA039,2,1920,117,21.39,
02OA039,2,1920,118,21.38,
02OA039,2,1920,119,21.37,
02OA039,2,1920,120,21.41,
02OA039,2,1920,121,21.44,
02OA039,2,1920,122,21.43,
02OA039,2,1920,123,21.42,
02OA039,2,1920,124,21.44,
02OA039,2,1920,125,21.44,
02OA039,2,1920,126,21.43,
02OA039,2,1920,127,21.42,
02OA039,2,1920,128,21.4,
02OA039,2,1920,129,21.37,
02OA039,2,1920,130,21.35,
02OA039,2,1920,131,21.35,
02OA039,2,1920,132,21.34,
02OA039,2,1920,133,21.31,
02OA039,2,1920,134,21.28,
02OA039,2,1920,135,21.25,
02OA039,2,1920,136,21.23,
02OA039,2,1920,137,21.22,
02OA039,2,1920,138,21.24,
02OA039,2,1920,139,21.23,
02OA039,2,1920,140,21.21,
02OA039,2,1920,141,21.18,
02OA039,2,1920,142,21.17,
02OA039,2,1920,143,21.15,
02OA039,2,1920,144,21.15,
02OA039,2,1920,145,21.15,
02OA039,2,1920,146,21.15,
02OA039,2,1920,147,21.13,
02OA039,2,1920,148,21.11,
02OA039,2,1920,149,21.1,
02OA039,2,1920,150,21.09,
02OA039,2,1920,151,21.08,
02OA039,2,1920,152,21.07,
02OA039,2,1920,153,21.07,
02OA039,2,1920,154,21.06,
02OA039,2,1920,155,21.05,
02OA039,2,1920,156,21.03,
02OA039,2,1920,157,21,
02OA039,2,1920,158,20.94,
02OA039,2,1920,159,20.97,
02OA039,2,1920,160,20.98,
02OA039,2,1920,161,20.97,
02OA039,2,1920,162,20.95,
02OA039,2,1920,163,20.94,
02OA039,2,1920,164,20.93,
02OA039,2,1920,165,20.92,
02OA039,2,1920,166,20.91,
02OA039,2,1920,167,20.91,
02OA039,2,1920,168,20.91,
02OA039,2,1920,169,20.88,
02OA039,2,1920,170,20.85,
02OA039,2,1920,171,20.84,
02OA039,2,1920,172,20.83,
02OA039,2,1920,173,20.86,
02OA039,2,1920,174,20.86,
02OA039,2,1920,175,20.86,
02OA039,2,1920,176,20.86,
02OA039,2,1920,177,20.85,
02OA039,2,1920,178,20.83,
02OA039,2,1920,179,20.83,
02OA039,2,1920,180,20.83,
02OA039,2,1920,181,20.83,
02OA039,2,1920,182,20.84,
02OA039,2,1920,183,20.82,
02OA039,2,1920,184,20.8,
02OA039,2,1920,185,20.8,
02OA039,2,1920,186,20.8,
02OA039,2,1920,187,20.82,
02OA039,2,1920,188,20.83,
02OA039,2,1920,189,20.84,
02OA039,2,1920,190,20.86,
02OA039,2,1920,191,20.86,
02OA039,2,1920,192,20.86,
02OA039,2,1920,193,20.84,
02OA039,2,1920,194,20.85,
02OA039,2,1920,195,20.87,
02OA039,2,1920,196,20.87,
02OA039,2,1920,197,20.87,
02OA039,2,1920,198,20.88,
02OA039,2,1920,199,20.88,
02OA039,2,1920,200,,
02OA039,2,1920,201,20.88,
02OA039,2,1920,202,20.88,
02OA039,2,1920,203,20.89,
02OA039,2,1920,204,20.91,
02OA039,2,1920,205,20.9,
02OA039,2,1920,206,20.88,
02OA039,2,1920,207,20.86,
02OA039,2,1920,208,20.86,
02OA039,2,1920,209,20.86,
02OA039,2,1920,210,20.86,
02OA039,2,1920,211,20.86,
02OA039,2,1920,212,20.86,
02OA039,2,1920,213,20.86,
02OA039,2,1920,214,20.86,
02OA039,2,1920,215,20.86,
02OA039,2,1920,216,20.84,
02OA039,2,1920,217,20.82,
02OA039,2,1920,218,20.81,
02OA039,2,1920,219,20.8,
02OA039,2,1920,220,20.79,
02OA039,2,1920,221,20.78,
02OA039,2,1920,222,20.79,
02OA039,2,1920,223,20.79,
02OA039,2,1920,224,20.79,
02OA039,2,1920,225,20.79,
02OA039,2,1920,226,20.78,
02OA039,2,1920,227,20.76,
02OA039,2,1920,228,20.75,
02OA039,2,1920,229,20.77,
02OA039,2,1920,230,20.77,
02OA039,2,1920,231,20.74,
02OA039,2,1920,232,20.69,
02OA039,2,1920,233,20.68,
02OA039,2,1920,234,20.69,
02OA039,2,1920,235,20.71,
02OA039,2,1920,236,20.73,
02OA039,2,1920,237,20.71,
02OA039,2,1920,238,20.69,
02OA039,2,1920,239,20.68,
02OA039,2,1920,240,20.68,
02OA039,2,1920,241,20.68,
02OA039,2,1920,242,20.68,
02OA039,2,1920,243,20.69,
02OA039,2,1920,244,20.7,
02OA039,2,1920,245,20.72,
02OA039,2,1920,246,20.72,
02OA039,2,1920,247,20.7,
02OA039,2,1920,248,20.69,
02OA039,2,1920,249,20.68,
02OA039,2,1920,250,20.68,
02OA039,2,1920,251,20.69,
02OA039,2,1920,252,20.71,
02OA039,2,1920,253,20.71,
02OA039,2,1920,254,20.69,
02OA039,2,1920,255,20.67,
02OA039,2,1920,256,20.66,
02OA039,2,1920,257,20.68,
02OA039,2,1920,258,20.72,
02OA039,2,1920,259,20.7,
02OA039,2,1920,260,20.69,
02OA039,2,1920,261,20.71,
02OA039,2,1920,262,20.71,
02OA039,2,1920,263,20.69,
02OA039,2,1920,264,20.69,
02OA039,2,1920,265,20.68,
02OA039,2,1920,266,20.65,
02OA039,2,1920,267,20.64,
02OA039,2,1920,268,20.64,
02OA039,2,1920,269,20.62,
02OA039,2,1920,270,20.61,
02OA039,2,1920,271,20.62,
02OA039,2,1920,272,20.65,
02OA039,2,1920,273,20.66,
02OA039,2,1920,274,20.64,
02OA039,2,1920,275,20.65,
02OA039,2,1920,276,20.66,
02OA039,2,1920,277,20.72,
02OA039,2,1920,278,20.77,
02OA039,2,1920,279,20.75,
02OA039,2,1920,280,20.71,
02OA039,2,1920,281,20.67,
02OA039,2,1920,282,20.65,
02OA039,2,1920,283,20.65,
02OA039,2,1920,284,20.64,
02OA039,2,1920,285,20.64,
02OA039,2,1920,286,20.62,
02OA039,2,1920,287,20.6,
02OA039,2,1920,288,20.59,
02OA039,2,1920,289,20.59,
02OA039,2,1920,290,20.59,
02OA039,2,1920,291,20.59,
02OA039,2,1920,292,20.6,
02OA039,2,1920,293,20.6,
02OA039,2,1920,294,20.59,
02OA039,2,1920,295,20.59,
02OA039,2,1920,296,20.58,
02OA039,2,1920,297,20.57,
02OA039,2,1920,298,20.55,
02OA039,2,1920,299,20.57,
02OA039,2,1920,300,20.57,
02OA039,2,1920,301,20.59,
02OA039,2,1920,302,20.61,
02OA039,2,1920,303,20.62,
02OA039,2,1920,304,20.6,
02OA039,2,1920,305,20.61,
02OA039,2,1920,306,20.66,
02OA039,2,1920,307,20.68,
02OA039,2,1920,308,20.68,
02OA039,2,1920,309,20.71,
02OA039,2,1920,310,20.73,
02OA039,2,1920,311,20.71,
02OA039,2,1920,312,20.69,
02OA039,2,1920,313,20.68,
02OA039,2,1920,314,20.68,
02OA039,2,1920,315,20.68,
02OA039,2,1920,316,20.69,
02OA039,2,1920,317,20.68,
02OA039,2,1920,318,20.68,
02OA039,2,1920,319,20.68,
02OA039,2,1920,320,20.69,
02OA039,2,1920,321,20.67,
02OA039,2,1920,322,20.58,
02OA039,2,1920,323,20.58,
02OA039,2,1920,324,20.6,
02OA039,2,1920,325,20.61,
02OA039,2,1920,326,20.58,
02OA039,2,1920,327,20.5,
02OA039,2,1920,328,20.47,
02OA039,2,1920,329,20.54,
02OA039,2,1920,330,20.57,
02OA039,2,1920,331,20.6,
02OA039,2,1920,332,20.61,
02OA039,2,1920,333,20.6,
02OA039,2,1920,334,20.61,
02OA039,2,1920,335,20.61,
02OA039,2,1920,336,20.61,
02OA039,2,1920,337,20.62,
02OA039,2,1920,338,20.66,
02OA039,2,1920,339,20.64,
02OA039,2,1920,340,20.65,
02OA039,2,1920,341,20.77,
02OA039,2,1920,342,20.82,
02OA039,2,1920,343,20.79,
02OA039,2,1920,344,20.74,
02OA039,2,1920,345,20.71,
02OA039,2,1920,346,20.7,
02OA039,2,1920,347,20.66,
02OA039,2,1920,348,20.66,
02OA039,2,1920,349,20.72,
02OA039,2,1920,350,20.9,
02OA039,2,1920,351,21.13,
02OA039,2,1920,352,21.19,
02OA039,2,1920,353,21.12,
02OA039,2,1920,354,21.04,
02OA039,2,1920,355,20.99,
02OA039,2,1920,356,20.94,
02OA039,2,1920,357,20.85,
02OA039,2,1920,358,20.82,
02OA039,2,1920,359,20.88,
02OA039,2,1920,360,20.96,
02OA039,2,1920,361,20.99,
02OA039,2,1920,362,21.06,
02OA039,2,1920,363,21.11,
02OA039,2,1920,364,21.2,
02OA039,2,1920,365,21.31,
02OA039,2,1920,366,21.38,
02OA039,2,1921,1,21.35,
02OA039,2,1921,2,21.16,
02OA039,2,1921,3,21.01,
02OA039,2,1921,4,21,
02OA039,2,1921,5,20.96,
02OA039,2,1921,6,20.92,
02OA039,2,1921,7,20.91,
02OA039,2,1921,8,20.89,
02OA039,2,1921,9,20.88,
02OA039,2,1921,10,20.97,
02OA039,2,1921,11,20.95,
02OA039,2,1921,12,20.89,
02OA039,2,1921,13,20.89,
02OA039,2,1921,14,20.96,
02OA039,2,1921,15,21,
02OA039,2,1921,16,21.06,
02OA039,2,1921,17,21.09,
02OA039,2,1921,18,21.06,
02OA039,2,1921,19,20.98,
02OA039,2,1921,20,21.03,
02OA039,2,1921,21,21.08,
02OA039,2,1921,22,20.98,
02OA039,2,1921,23,20.89,
02OA039,2,1921,24,20.92,
02OA039,2,1921,25,20.92,
02OA039,2,1921,26,20.83,
02OA039,2,1921,27,20.86,
02OA039,2,1921,28,21.02,
02OA039,2,1921,29,21.07,
02OA039,2,1921,30,21.12,
02OA039,2,1921,31,21.15,
02OA039,2,1921,32,21.17,
02OA039,2,1921,33,21.1,
02OA039,2,1921,34,21.09,
02OA039,2,1921,35,21.13,
02OA039,2,1921,36,21.11,
02OA039,2,1921,37,21.05,
02OA039,2,1921,38,20.94,
02OA039,2,1921,39,20.85,
02OA039,2,1921,40,20.81,
02OA039,2,1921,41,20.9,
02OA039,2,1921,42,20.91,
02OA039,2,1921,43,20.87,
02OA039,2,1921,44,20.78,
02OA039,2,1921,45,20.75,
02OA039,2,1921,46,20.75,
02OA039,2,1921,47,20.77,
02OA039,2,1921,48,20.75,
02OA039,2,1921,49,20.79,
02OA039,2,1921,50,20.87,
02OA039,2,1921,51,20.87,
02OA039,2,1921,52,20.9,
02OA039,2,1921,53,20.85,
02OA039,2,1921,54,20.76,
02OA039,2,1921,55,20.7,
02OA039,2,1921,56,20.75,
02OA039,2,1921,57,20.77,
02OA039,2,1921,58,20.74,
02OA039,2,1921,59,20.77,
02OA039,2,1921,60,20.77,
02OA039,2,1921,61,20.71,
02OA039,2,1921,62,20.72,
02OA039,2,1921,63,20.82,
02OA039,2,1921,64,20.92,
02OA039,2,1921,65,20.89,
02OA039,2,1921,66,20.88,
02OA039,2,1921,67,20.92,
02OA039,2,1921,68,21,
02OA039,2,1921,69,21.17,
02OA039,2,1921,70,21.25,
02OA039,2,1921,71,21.28,
02OA039,2,1921,72,21.28,
02OA039,2,1921,73,21.29,
02OA039,2,1921,74,21.28,
02OA039,2,1921,75,21.26,
02OA039,2,1921,76,21.35,
02OA039,2,1921,77,21.42,
02OA039,2,1921,78,21.38,
02OA039,2,1921,79,21.31,
02OA039,2,1921,80,21.46,
02OA039,2,1921,81,21.66,
02OA039,2,1921,82,21.69,
02OA039,2,1921,83,21.64,
02OA039,2,1921,84,21.62,
02OA039,2,1921,85,21.64,
02OA039,2,1921,86,21.63,
02OA039,2,1921,87,21.63,
02OA039,2,1921,88,21.67,
02OA039,2,1921,89,21.67,
02OA039,2,1921,90,21.64,
02OA039,2,1921,91,21.65,
02OA039,2,1921,92,21.64,
02OA039,2,1921,93,21.62,
02OA039,2,1921,94,21.59,
02OA039,2,1921,95,21.54,
02OA039,2,1921,96,21.5,
02OA039,2,1921,97,21.46,
02OA039,2,1921,98,21.45,
02OA039,2,1921,99,21.45,
02OA039,2,1921,100,21.46,
02OA039,2,1921,101,21.47,
02OA039,2,1921,102,21.48,
02OA039,2,1921,103,21.5,
02OA039,2,1921,104,21.5,
02OA039,2,1921,105,21.52,
02OA039,2,1921,106,21.53,
02OA039,2,1921,107,21.5,
02OA039,2,1921,108,21.49,
02OA039,2,1921,109,21.52,
02OA039,2,1921,110,21.56,
02OA039,2,1921,111,21.57,
02OA039,2,1921,112,21.54,
02OA039,2,1921,113,21.49,
02OA039,2,1921,114,21.59,
02OA039,2,1921,115,21.66,
02OA039,2,1921,116,21.65,
02OA039,2,1921,117,21.64,
02OA039,2,1921,118,21.62,
02OA039,2,1921,119,21.61,
02OA039,2,1921,120,21.61,
02OA039,2,1921,121,21.62,
02OA039,2,1921,122,21.67,
02OA039,2,1921,123,21.68,
02OA039,2,1921,124,21.69,
02OA039,2,1921,125,21.68,
02OA039,2,1921,126,21.67,
02OA039,2,1921,127,21.69,
02OA039,2,1921,128,21.7,
02OA039,2,1921,129,21.73,
02OA039,2,1921,130,21.71,
02OA039,2,1921,131,21.68,
02OA039,2,1921,132,21.64,
02OA039,2,1921,133,21.6,
02OA039,2,1921,134,21.58,
02OA039,2,1921,135,21.56,
02OA039,2,1921,136,21.55,
02OA039,2,1921,137,21.53,
02OA039,2,1921,138,21.49,
02OA039,2,1921,139,21.43,
02OA039,2,1921,140,21.41,
02OA039,2,1921,141,21.38,
02OA039,2,1921,142,21.36,
02OA039,2,1921,143,21.34,
02OA039,2,1921,144,21.3,
02OA039,2,1921,145,21.27,
02OA039,2,1921,146,21.26,
02OA039,2,1921,147,21.25,
02OA039,2,1921,148,21.24,
02OA039,2,1921,149,21.23,
02OA039,2,1921,150,21.25,
02OA039,2,1921,151,21.25,
02OA039,2,1921,152,21.25,
02OA039,2,1921,153,21.21,
02OA039,2,1921,154,21.19,
02OA039,2,1921,155,21.2,
02OA039,2,1921,156,21.18,
02OA039,2,1921,157,21.18,
02OA039,2,1921,158,21.17,
02OA039,2,1921,159,21.15,
02OA039,2,1921,160,21.14,
02OA039,2,1921,161,21.11,
02OA039,2,1921,162,21.1,
02OA039,2,1921,163,21.1,
02OA039,2,1921,164,21.11,
02OA039,2,1921,165,21.1,
02OA039,2,1921,166,21.07,
02OA039,2,1921,167,21.06,
02OA039,2,1921,168,21.03,
02OA039,2,1921,169,21.01,
02OA039,2,1921,170,21,
02OA039,2,1921,171,21.01,
02OA039,2,1921,172,21,
02OA039,2,1921,173,20.99,
02OA039,2,1921,174,20.98,
02OA039,2,1921,175,20.97,
02OA039,2,1921,176,20.95,
02OA039,2,1921,177,20.93,
02OA039,2,1921,178,20.94,
02OA039,2,1921,179,20.95,
02OA039,2,1921,180,20.94,
02OA039,2,1921,181,20.91,
02OA039,2,1921,182,20.9,
02OA039,2,1921,183,20.9,
02OA039,2,1921,184,20.91,
02OA039,2,1921,185,20.91,
02OA039,2,1921,186,20.91,
02OA039,2,1921,187,20.9,
02OA039,2,1921,188,20.9,
02OA039,2,1921,189,20.9,
02OA039,2,1921,190,20.92,
02OA039,2,1921,191,20.9,
02OA039,2,1921,192,20.89,
02OA039,2,1921,193,20.88,
02OA039,2,1921,194,20.88,
02OA039,2,1921,195,20.89,
02OA039,2,1921,196,20.89,
02OA039,2,1921,197,20.89,
02OA039,2,1921,198,20.86,
02OA039,2,1921,199,20.85,
02OA039,2,1921,200,20.87,
02OA039,2,1921,201,20.88,
02OA039,2,1921,202,20.87,
02OA039,2,1921,203,20.86,
02OA039,2,1921,204,20.85,
02OA039,2,1921,205,20.84,
02OA039,2,1921,206,20.85,
02OA039,2,1921,207,20.86,
02OA039,2,1921,208,20.86,
02OA039,2,1921,209,20.86,
02OA039,2,1921,210,20.86,
02OA039,2,1921,211,20.86,
02OA039,2,1921,212,20.85,
02OA039,2,1921,213,20.83,
02OA039,2,1921,214,20.83,
02OA039,2,1921,215,20.83,
02OA039,2,1921,216,20.82,
02OA039,2,1921,217,20.79,
02OA039,2,1921,218,20.78,
02OA039,2,1921,219,20.78,
02OA039,2,1921,220,20.79,
02OA039,2,1921,221,20.79,
02OA039,2,1921,222,20.79,
02OA039,2,1921,223,20.79,
02OA039,2,1921,224,20.78,
02OA039,2,1921,225,20.77,
02OA039,2,1921,226,20.76,
02OA039,2,1921,227,20.75,
02OA039,2,1921,228,20.76,
02OA039,2,1921,229,20.76,
02OA039,2,1921,230,20.76,
02OA039,2,1921,231,20.76,
02OA039,2,1921,232,20.75,
02OA039,2,1921,233,20.75,
02OA039,2,1921,234,20.74,
02OA039,2,1921,235,20.74,
02OA039,2,1921,236,20.73,
02OA039,2,1921,237,20.71,
02OA039,2,1921,238,20.7,
02OA039,2,1921,239,20.69,
02OA039,2,1921,240,20.69,
02OA039,2,1921,241,20.69,
02OA039,2,1921,242,20.7,
02OA039,2,1921,243,20.71,
02OA039,2,1921,244,20.69,
02OA039,2,1921,245,20.68,
02OA039,2,1921,246,20.67,
02OA039,2,1921,247,20.66,
02OA039,2,1921,248,20.64,
02OA039,2,1921,249,20.63,
02OA039,2,1921,250,20.64,
02OA039,2,1921,251,20.65,
02OA039,2,1921,252,20.67,
02OA039,2,1921,253,20.62,
02OA039,2,1921,254,20.57,
02OA039,2,1921,255,20.61,
02OA039,2,1921,256,20.63,
02OA039,2,1921,257,20.61,
02OA039,2,1921,258,20.59,
02OA039,2,1921,259,20.58,
02OA039,2,1921,260,20.57,
02OA039,2,1921,261,20.56,
02OA039,2,1921,262,20.58,
02OA039,2,1921,263,20.57,
02OA039,2,1921,264,20.57,
02OA039,2,1921,265,20.58,
02OA039,2,1921,266,20.61,
02OA039,2,1921,267,20.61,
02OA039,2,1921,268,20.57,
02OA039,2,1921,269,20.58,
02OA039,2,1921,270,20.59,
02OA039,2,1921,271,20.58,
02OA039,2,1921,272,20.57,
02OA039,2,1921,273,20.57,
02OA039,2,1921,274,20.56,
02OA039,2,1921,275,20.56,
02OA039,2,1921,276,20.56,
02OA039,2,1921,277,20.56,
02OA039,2,1921,278,20.54,
02OA039,2,1921,279,20.52,
02OA039,2,1921,280,20.53,
02OA039,2,1921,281,20.54,
02OA039,2,1921,282,20.52,
02OA039,2,1921,283,20.54,
02OA039,2,1921,284,20.56,
02OA039,2,1921,285,20.53,
02OA039,2,1921,286,20.55,
02OA039,2,1921,287,20.58,
02OA039,2,1921,288,20.61,
02OA039,2,1921,289,20.59,
02OA039,2,1921,290,20.58,
02OA039,2,1921,291,20.58,
02OA039,2,1921,292,20.58,
02OA039,2,1921,293,20.61,
02OA039,2,1921,294,20.61,
02OA039,2,1921,295,20.62,
02OA039,2,1921,296,20.63,
02OA039,2,1921,297,20.66,
02OA039,2,1921,298,20.64,
02OA039,2,1921,299,20.6,
02OA039,2,1921,300,20.57,
02OA039,2,1921,301,20.56,
02OA039,2,1921,302,20.56,
02OA039,2,1921,303,20.55,
02OA039,2,1921,304,20.55,
02OA039,2,1921,305,20.55,
02OA039,2,1921,306,20.49,
02OA039,2,1921,307,20.47,
02OA039,2,1921,308,20.48,
02OA039,2,1921,309,20.52,
02OA039,2,1921,310,20.55,
02OA039,2,1921,311,20.55,
02OA039,2,1921,312,20.56,
02OA039,2,1921,313,20.53,
02OA039,2,1921,314,20.48,
02OA039,2,1921,315,20.5,
02OA039,2,1921,316,20.52,
02OA039,2,1921,317,20.51,
02OA039,2,1921,318,20.51,
02OA039,2,1921,319,20.5,
02OA039,2,1921,320,20.51,
02OA039,2,1921,321,20.5,
02OA039,2,1921,322,20.49,
02OA039,2,1921,323,20.51,
02OA039,2,1921,324,20.62,
02OA039,2,1921,325,20.71,
02OA039,2,1921,326,20.74,
02OA039,2,1921,327,20.73,
02OA039,2,1921,328,20.65,
02OA039,2,1921,329,20.58,
02OA039,2,1921,330,20.57,
02OA039,2,1921,331,20.53,
02OA039,2,1921,332,20.52,
02OA039,2,1921,333,20.56,
02OA039,2,1921,334,20.58,
02OA039,2,1921,335,20.59,
02OA039,2,1921,336,20.59,
02OA039,2,1921,337,20.62,
02OA039,2,1921,338,20.67,
02OA039,2,1921,339,20.71,
02OA039,2,1921,340,20.7,
02OA039,2,1921,341,20.62,
02OA039,2,1921,342,20.59,
02OA039,2,1921,343,20.59,
02OA039,2,1921,344,20.62,
02OA039,2,1921,345,20.64,
02OA039,2,1921,346,20.64,
02OA039,2,1921,347,20.64,
02OA039,2,1921,348,20.6,
02OA039,2,1921,349,20.56,
02OA039,2,1921,350,20.53,
02OA039,2,1921,351,20.52,
02OA039,2,1921,352,20.55,
02OA039,2,1921,353,20.67,
02OA039,2,1921,354,20.8,
02OA039,2,1921,355,20.81,
02OA039,2,1921,356,20.74,
02OA039,2,1921,357,20.81,
02OA039,2,1921,358,20.94,
02OA039,2,1921,359,21.03,
02OA039,2,1921,360,21.17,
02OA039,2,1921,361,21.28,
02OA039,2,1921,362,21.29,
02OA039,2,1921,363,21.32,
02OA039,2,1921,364,21.32,
02OA039,2,1921,365,21.3,
02OA039,2,1922,1,21.27,
02OA039,2,1922,2,21.24,
02OA039,2,1922,3,21.2,
02OA039,2,1922,4,21.21,
02OA039,2,1922,5,21.22,
02OA039,2,1922,6,21.17,
02OA039,2,1922,7,21.16,
02OA039,2,1922,8,21.23,
02OA039,2,1922,9,21.35,
02OA039,2,1922,10,21.36,
02OA039,2,1922,11,21.25,
02OA039,2,1922,12,21.14,
02OA039,2,1922,13,21.04,
02OA039,2,1922,14,21.04,
02OA039,2,1922,15,21.09,
02OA039,2,1922,16,21.15,
02OA039,2,1922,17,21.15,
02OA039,2,1922,18,21.17,
02OA039,2,1922,19,21.18,
02OA039,2,1922,20,21.12,
02OA039,2,1922,21,21.09,
02OA039,2,1922,22,21.12,
02OA039,2,1922,23,21.11,
02OA039,2,1922,24,21.07,
02OA039,2,1922,25,21.06,
02OA039,2,1922,26,21.06,
02OA039,2,1922,27,21.13,
02OA039,2,1922,28,21.19,
02OA039,2,1922,29,21.17,
02OA039,2,1922,30,21.15,
02OA039,2,1922,31,21.14,
02OA039,2,1922,32,21.08,
02OA039,2,1922,33,20.97,
02OA039,2,1922,34,20.76,
02OA039,2,1922,35,20.69,
02OA039,2,1922,36,20.69,
02OA039,2,1922,37,20.73,
02OA039,2,1922,38,20.74,
02OA039,2,1922,39,20.75,
02OA039,2,1922,40,20.78,
02OA039,2,1922,41,20.82,
02OA039,2,1922,42,20.87,
02OA039,2,1922,43,20.89,
02OA039,2,1922,44,20.89,
02OA039,2,1922,45,20.89,
02OA039,2,1922,46,20.89,
02OA039,2,1922,47,20.91,
02OA039,2,1922,48,20.84,
02OA039,2,1922,49,20.8,
02OA039,2,1922,50,20.78,
02OA039,2,1922,51,20.8,
02OA039,2,1922,52,20.81,
02OA039,2,1922,53,20.75,
02OA039,2,1922,54,20.6,
02OA039,2,1922,55,20.49,
02OA039,2,1922,56,20.47,
02OA039,2,1922,57,20.53,
02OA039,2,1922,58,20.61,
02OA039,2,1922,59,20.66,
02OA039,2,1922,60,20.66,
02OA039,2,1922,61,20.69,
02OA039,2,1922,62,20.71,
02OA039,2,1922,63,20.69,
02OA039,2,1922,64,20.63,
02OA039,2,1922,65,20.59,
02OA039,2,1922,66,20.58,
02OA039,2,1922,67,20.58,
02OA039,2,1922,68,20.68,
02OA039,2,1922,69,20.81,
02OA039,2,1922,70,20.85,
02OA039,2,1922,71,20.85,
02OA039,2,1922,72,20.86,
02OA039,2,1922,73,20.9,
02OA039,2,1922,74,21.04,
02OA039,2,1922,75,21.25,
02OA039,2,1922,76,21.34,
02OA039,2,1922,77,21.32,
02OA039,2,1922,78,21.25,
02OA039,2,1922,79,21.14,
02OA039,2,1922,80,21.06,
02OA039,2,1922,81,21.01,
02OA039,2,1922,82,20.99,
02OA039,2,1922,83,20.97,
02OA039,2,1922,84,20.95,
02OA039,2,1922,85,20.91,
02OA039,2,1922,86,20.89,
02OA039,2,1922,87,20.9,
02OA039,2,1922,88,20.94,
02OA039,2,1922,89,21.02,
02OA039,2,1922,90,21.05,
02OA039,2,1922,91,21,
02OA039,2,1922,92,20.96,
02OA039,2,1922,93,20.94,
02OA039,2,1922,94,20.94,
02OA039,2,1922,95,20.94,
02OA039,2,1922,96,20.99,
02OA039,2,1922,97,21.04,
02OA039,2,1922,98,21.12,
02OA039,2,1922,99,21.21,
02OA039,2,1922,100,21.29,
02OA039,2,1922,101,21.38,
02OA039,2,1922,102,21.56,
02OA039,2,1922,103,21.8,
02OA039,2,1922,104,21.89,
02OA039,2,1922,105,21.89,
02OA039,2,1922,106,21.88,
02OA039,2,1922,107,21.92,
02OA039,2,1922,108,22.02,
02OA039,2,1922,109,22.14,
02OA039,2,1922,110,22.24,
02OA039,2,1922,111,22.28,
02OA039,2,1922,112,22.28,
02OA039,2,1922,113,22.26,
02OA039,2,1922,114,22.25,
02OA039,2,1922,115,22.24,
02OA039,2,1922,116,22.21,
02OA039,2,1922,117,22.17,
02OA039,2,1922,118,22.14,
02OA039,2,1922,119,22.08,
02OA039,2,1922,120,22.03,
02OA039,2,1922,121,22.01,
02OA039,2,1922,122,21.97,
02OA039,2,1922,123,21.92,
02OA039,2,1922,124,21.85,
02OA039,2,1922,125,21.82,
02OA039,2,1922,126,21.85,
02OA039,2,1922,127,21.83,
02OA039,2,1922,128,21.86,
02OA039,2,1922,129,21.84,
02OA039,2,1922,130,21.82,
02OA039,2,1922,131,21.78,
02OA039,2,1922,132,21.76,
02OA039,2,1922,133,21.74,
02OA039,2,1922,134,21.72,
02OA039,2,1922,135,21.74,
02OA039,2,1922,136,21.72,
02OA039,2,1922,137,21.71,
02OA039,2,1922,138,21.68,
02OA039,2,1922,139,21.65,
02OA039,2,1922,140,21.66,
02OA039,2,1922,141,21.66,
02OA039,2,1922,142,21.67,
02OA039,2,1922,143,21.64,
02OA039,2,1922,144,21.61,
02OA039,2,1922,145,21.59,
02OA039,2,1922,146,21.56,
02OA039,2,1922,147,21.51,
02OA039,2,1922,148,21.48,
02OA039,2,1922,149,21.47,
02OA039,2,1922,150,21.44,
02OA039,2,1922,151,21.41,
02OA039,2,1922,152,21.39,
02OA039,2,1922,153,21.35,
02OA039,2,1922,154,21.31,
02OA039,2,1922,155,21.28,
02OA039,2,1922,156,21.26,
02OA039,2,1922,157,21.23,
02OA039,2,1922,158,21.21,
02OA039,2,1922,159,21.19,
02OA039,2,1922,160,21.18,
02OA039,2,1922,161,21.16,
02OA039,2,1922,162,21.16,
02OA039,2,1922,163,21.2,
02OA039,2,1922,164,21.22,
02OA039,2,1922,165,21.2,
02OA039,2,1922,166,21.18,
02OA039,2,1922,167,21.17,
02OA039,2,1922,168,21.14,
02OA039,2,1922,169,21.14,
02OA039,2,1922,170,21.21,
02OA039,2,1922,171,21.21,
02OA039,2,1922,172,21.19,
02OA039,2,1922,173,21.21,
02OA039,2,1922,174,21.37,
02OA039,2,1922,175,21.47,
02OA039,2,1922,176,21.44,
02OA039,2,1922,177,21.38,
02OA039,2,1922,178,21.31,
02OA039,2,1922,179,21.26,
02OA039,2,1922,180,21.22,
02OA039,2,1922,181,21.23,
02OA039,2,1922,182,21.25,
02OA039,2,1922,183,21.26,
02OA039,2,1922,184,21.28,
02OA039,2,1922,185,21.27,
02OA039,2,1922,186,21.24,
02OA039,2,1922,187,21.2,
02OA039,2,1922,188,21.17,
02OA039,2,1922,189,21.15,
02OA039,2,1922,190,21.13,
02OA039,2,1922,191,21.13,
02OA039,2,1922,192,21.12,
02OA039,2,1922,193,21.12,
02OA039,2,1922,194,21.12,
02OA039,2,1922,195,21.11,
02OA039,2,1922,196,21.08,
02OA039,2,1922,197,21.06,
02OA039,2,1922,198,21.07,
02OA039,2,1922,199,21.09,
02OA039,2,1922,200,21.09,
02OA039,2,1922,201,21.08,
02OA039,2,1922,202,21.08,
02OA039,2,1922,203,21.07,
02OA039,2,1922,204,21.06,
02OA039,2,1922,205,21.07,
02OA039,2,1922,206,21.05,
02OA039,2,1922,207,21.03,
02OA039,2,1922,208,21.02,
02OA039,2,1922,209,21.02,
02OA039,2,1922,210,21,
02OA039,2,1922,211,20.98,
02OA039,2,1922,212,20.99,
02OA039,2,1922,213,20.98,
02OA039,2,1922,214,20.97,
02OA039,2,1922,215,20.97,
02OA039,2,1922,216,20.96,
02OA039,2,1922,217,20.95,
02OA039,2,1922,218,20.92,
02OA039,2,1922,219,20.93,
02OA039,2,1922,220,20.98,
02OA039,2,1922,221,20.99,
02OA039,2,1922,222,20.99,
02OA039,2,1922,223,20.96,
02OA039,2,1922,224,20.93,
02OA039,2,1922,225,20.91,
02OA039,2,1922,226,20.93,
02OA039,2,1922,227,20.93,
02OA039,2,1922,228,20.91,
02OA039,2,1922,229,20.88,
02OA039,2,1922,230,20.89,
02OA039,2,1922,231,20.89,
02OA039,2,1922,232,20.87,
02OA039,2,1922,233,20.86,
02OA039,2,1922,234,20.85,
02OA039,2,1922,235,20.85,
02OA039,2,1922,236,20.85,
02OA039,2,1922,237,20.86,
02OA039,2,1922,238,20.86,
02OA039,2,1922,239,20.83,
02OA039,2,1922,240,20.82,
02OA039,2,1922,241,20.81,
02OA039,2,1922,242,20.8,
02OA039,2,1922,243,20.8,
02OA039,2,1922,244,20.81,
02OA039,2,1922,245,20.8,
02OA039,2,1922,246,20.8,
02OA039,2,1922,247,20.81,
02OA039,2,1922,248,20.81,
02OA039,2,1922,249,20.78,
02OA039,2,1922,250,20.75,
02OA039,2,1922,251,20.72,
02OA039,2,1922,252,20.72,
02OA039,2,1922,253,20.74,
02OA039,2,1922,254,20.78,
02OA039,2,1922,255,20.79,
02OA039,2,1922,256,20.77,
02OA039,2,1922,257,20.76,
02OA039,2,1922,258,20.75,
02OA039,2,1922,259,20.74,
02OA039,2,1922,260,20.73,
02OA039,2,1922,261,20.75,
02OA039,2,1922,262,20.76,
02OA039,2,1922,263,20.76,
02OA039,2,1922,264,20.76,
02OA039,2,1922,265,20.76,
02OA039,2,1922,266,20.75,
02OA039,2,1922,267,20.73,
02OA039,2,1922,268,20.74,
02OA039,2,1922,269,20.72,
02OA039,2,1922,270,20.69,
02OA039,2,1922,271,20.68,
02OA039,2,1922,272,20.7,
02OA039,2,1922,273,20.69,
02OA039,2,1922,274,20.67,
02OA039,2,1922,275,20.68,
02OA039,2,1922,276,20.68,
02OA039,2,1922,277,20.67,
02OA039,2,1922,278,20.65,
02OA039,2,1922,279,20.62,
02OA039,2,1922,280,20.58,
02OA039,2,1922,281,20.59,
02OA039,2,1922,282,20.63,
02OA039,2,1922,283,20.62,
02OA039,2,1922,284,20.61,
02OA039,2,1922,285,20.64,
02OA039,2,1922,286,20.65,
02OA039,2,1922,287,20.65,
02OA039,2,1922,288,20.66,
02OA039,2,1922,289,20.69,
02OA039,2,1922,290,20.68,
02OA039,2,1922,291,20.65,
02OA039,2,1922,292,20.66,
02OA039,2,1922,293,20.64,
02OA039,2,1922,294,20.61,
02OA039,2,1922,295,20.58,
02OA039,2,1922,296,20.61,
02OA039,2,1922,297,20.64,
02OA039,2,1922,298,20.63,
02OA039,2,1922,299,20.63,
02OA039,2,1922,300,20.63,
02OA039,2,1922,301,20.59,
02OA039,2,1922,302,20.54,
02OA039,2,1922,303,20.56,
02OA039,2,1922,304,20.57,
02OA039,2,1922,305,20.56,
02OA039,2,1922,306,20.55,
02OA039,2,1922,307,20.55,
02OA039,2,1922,308,20.56,
02OA039,2,1922,309,20.54,
02OA039,2,1922,310,20.53,
02OA039,2,1922,311,20.53,
02OA039,2,1922,312,20.55,
02OA039,2,1922,313,20.57,
02OA039,2,1922,314,20.56,
02OA039,2,1922,315,20.57,
02OA039,2,1922,316,20.56,
02OA039,2,1922,317,20.58,
02OA039,2,1922,318,20.57,
02OA039,2,1922,319,20.57,
02OA039,2,1922,320,20.57,
02OA039,2,1922,321,20.57,
02OA039,2,1922,322,20.58,
02OA039,2,1922,323,20.57,
02OA039,2,1922,324,20.57,
02OA039,2,1922,325,20.59,
02OA039,2,1922,326,20.58,
02OA039,2,1922,327,20.56,
02OA039,2,1922,328,20.55,
02OA039,2,1922,329,20.54,
02OA039,2,1922,330,20.5,
02OA039,2,1922,331,20.52,
02OA039,2,1922,332,20.51,
02OA039,2,1922,333,20.51,
02OA039,2,1922,334,20.51,
02OA039,2,1922,335,20.54,
02OA039,2,1922,336,20.53,
02OA039,2,1922,337,20.54,
02OA039,2,1922,338,20.54,
02OA039,2,1922,339,20.51,
02OA039,2,1922,340,20.48,
02OA039,2,1922,341,20.49,
02OA039,2,1922,342,20.5,
02OA039,2,1922,343,,
02OA039,2,1922,344,,
02OA039,2,1922,345,20.77,
02OA039,2,1922,346,20.67,
02OA039,2,1922,347,20.58,
02OA039,2,1922,348,20.69,
02OA039,2,1922,349,20.68,
02OA039,2,1922,350,20.7,
02OA039,2,1922,351,20.75,
02OA039,2,1922,352,20.82,
02OA039,2,1922,353,20.86,
02OA039,2,1922,354,20.97,
02OA039,2,1922,355,21,
02OA039,2,1922,356,21,
02OA039,2,1922,357,20.97,
02OA039,2,1922,358,20.86,
02OA039,2,1922,359,20.73,
02OA039,2,1922,360,20.68,
02OA039,2,1922,361,20.63,
02OA039,2,1922,362,20.67,
02OA039,2,1922,363,20.59,
02OA039,2,1922,364,20.56,
02OA039,2,1922,365,20.7,
02OA039,2,1923,1,20.71,
02OA039,2,1923,2,20.64,
02OA039,2,1923,3,20.63,
02OA039,2,1923,4,20.63,
02OA039,2,1923,5,20.65,
02OA039,2,1923,6,20.74,
02OA039,2,1923,7,20.75,
02OA039,2,1923,8,20.67,
02OA039,2,1923,9,20.59,
02OA039,2,1923,10,20.58,
02OA039,2,1923,11,20.63,
02OA039,2,1923,12,20.7,
02OA039,2,1923,13,20.7,
02OA039,2,1923,14,20.71,
02OA039,2,1923,15,20.81,
02OA039,2,1923,16,20.85,
02OA039,2,1923,17,20.81,
02OA039,2,1923,18,20.78,
02OA039,2,1923,19,20.91,
02OA039,2,1923,20,20.94,
02OA039,2,1923,21,20.91,
02OA039,2,1923,22,20.87,
02OA039,2,1923,23,20.87,
02OA039,2,1923,24,20.88,
02OA039,2,1923,25,20.87,
02OA039,2,1923,26,20.86,
02OA039,2,1923,27,20.91,
02OA039,2,1923,28,20.94,
02OA039,2,1923,29,20.9,
02OA039,2,1923,30,20.82,
02OA039,2,1923,31,20.76,
02OA039,2,1923,32,20.87,
02OA039,2,1923,33,20.91,
02OA039,2,1923,34,20.94,
02OA039,2,1923,35,20.81,
02OA039,2,1923,36,20.71,
02OA039,2,1923,37,20.65,
02OA039,2,1923,38,20.67,
02OA039,2,1923,39,20.7,
02OA039,2,1923,40,20.77,
02OA039,2,1923,41,20.82,
02OA039,2,1923,42,20.87,
02OA039,2,1923,43,20.82,
02OA039,2,1923,44,20.75,
02OA039,2,1923,45,20.69,
02OA039,2,1923,46,20.58,
02OA039,2,1923,47,20.53,
02OA039,2,1923,48,20.56,
02OA039,2,1923,49,20.57,
02OA039,2,1923,50,20.6,
02OA039,2,1923,51,20.67,
02OA039,2,1923,52,20.69,
02OA039,2,1923,53,20.67,
02OA039,2,1923,54,20.56,
02OA039,2,1923,55,20.5,
02OA039,2,1923,56,20.52,
02OA039,2,1923,57,20.56,
02OA039,2,1923,58,20.54,
02OA039,2,1923,59,20.52,
02OA039,2,1923,60,20.41,
02OA039,2,1923,61,20.31,
02OA039,2,1923,62,20.27,
02OA039,2,1923,63,20.25,
02OA039,2,1923,64,20.27,
02OA039,2,1923,65,20.35,
02OA039,2,1923,66,20.41,
02OA039,2,1923,67,20.47,
02OA039,2,1923,68,20.55,
02OA039,2,1923,69,20.55,
02OA039,2,1923,70,20.54,
02OA039,2,1923,71,20.48,
02OA039,2,1923,72,20.45,
02OA039,2,1923,73,20.5,
02OA039,2,1923,74,20.5,
02OA039,2,1923,75,20.44,
02OA039,2,1923,76,20.37,
02OA039,2,1923,77,20.46,
02OA039,2,1923,78,20.51,
02OA039,2,1923,79,20.5,
02OA039,2,1923,80,20.57,
02OA039,2,1923,81,20.6,
02OA039,2,1923,82,20.57,
02OA039,2,1923,83,20.56,
02OA039,2,1923,84,20.59,
02OA039,2,1923,85,20.59,
02OA039,2,1923,86,20.57,
02OA039,2,1923,87,20.48,
02OA039,2,1923,88,20.42,
02OA039,2,1923,89,20.41,
02OA039,2,1923,90,20.42,
02OA039,2,1923,91,20.5,
02OA039,2,1923,92,20.61,
02OA039,2,1923,93,20.63,
02OA039,2,1923,94,20.58,
02OA039,2,1923,95,20.69,
02OA039,2,1923,96,20.81,
02OA039,2,1923,97,21.05,
02OA039,2,1923,98,21.22,
02OA039,2,1923,99,21.3,
02OA039,2,1923,100,21.34,
02OA039,2,1923,101,21.35,
02OA039,2,1923,102,21.41,
02OA039,2,1923,103,21.45,
02OA039,2,1923,104,21.42,
02OA039,2,1923,105,21.27,
02OA039,2,1923,106,21.18,
02OA039,2,1923,107,21.15,
02OA039,2,1923,108,21.12,
02OA039,2,1923,109,21.06,
02OA039,2,1923,110,21,
02OA039,2,1923,111,20.98,
02OA039,2,1923,112,21.02,
02OA039,2,1923,113,21.15,
02OA039,2,1923,114,21.22,
02OA039,2,1923,115,21.22,
02OA039,2,1923,116,21.25,
02OA039,2,1923,117,21.23,
02OA039,2,1923,118,21.22,
02OA039,2,1923,119,21.27,
02OA039,2,1923,120,21.39,
02OA039,2,1923,121,21.48,
02OA039,2,1923,122,21.52,
02OA039,2,1923,123,21.56,
02OA039,2,1923,124,21.6,
02OA039,2,1923,125,21.63,
02OA039,2,1923,126,21.66,
02OA039,2,1923,127,21.7,
02OA039,2,1923,128,21.72,
02OA039,2,1923,129,21.74,
02OA039,2,1923,130,21.76,
02OA039,2,1923,131,21.78,
02OA039,2,1923,132,21.75,
02OA039,2,1923,133,21.74,
02OA039,2,1923,134,21.75,
02OA039,2,1923,135,21.74,
02OA039,2,1923,136,21.73,
02OA039,2,1923,137,21.76,
02OA039,2,1923,138,21.78,
02OA039,2,1923,139,21.76,
02OA039,2,1923,140,21.71,
02OA039,2,1923,141,21.73,
02OA039,2,1923,142,21.78,
02OA039,2,1923,143,21.83,
02OA039,2,1923,144,21.83,
02OA039,2,1923,145,21.82,
02OA039,2,1923,146,21.79,
02OA039,2,1923,147,21.73,
02OA039,2,1923,148,21.7,
02OA039,2,1923,149,21.64,
02OA039,2,1923,150,21.57,
02OA039,2,1923,151,21.5,
02OA039,2,1923,152,21.46,
02OA039,2,1923,153,21.41,
02OA039,2,1923,154,21.36,
02OA039,2,1923,155,21.36,
02OA039,2,1923,156,21.36,
02OA039,2,1923,157,21.37,
02OA039,2,1923,158,21.39,
02OA039,2,1923,159,21.39,
02OA039,2,1923,160,21.53,
02OA039,2,1923,161,21.65,
02OA039,2,1923,162,21.63,
02OA039,2,1923,163,21.54,
02OA039,2,1923,164,21.46,
02OA039,2,1923,165,21.38,
02OA039,2,1923,166,21.32,
02OA039,2,1923,167,21.27,
02OA039,2,1923,168,21.22,
02OA039,2,1923,169,21.22,
02OA039,2,1923,170,21.19,
02OA039,2,1923,171,21.15,
02OA039,2,1923,172,21.11,
02OA039,2,1923,173,21.08,
02OA039,2,1923,174,21.04,
02OA039,2,1923,175,20.98,
02OA039,2,1923,176,21.02,
02OA039,2,1923,177,21.03,
02OA039,2,1923,178,21.04,
02OA039,2,1923,179,21.04,
02OA039,2,1923,180,21.02,
02OA039,2,1923,181,21,
02OA039,2,1923,182,20.98,
02OA039,2,1923,183,20.99,
02OA039,2,1923,184,21,
02OA039,2,1923,185,21.01,
02OA039,2,1923,186,21.01,
02OA039,2,1923,187,20.99,
02OA039,2,1923,188,20.98,
02OA039,2,1923,189,20.95,
02OA039,2,1923,190,20.95,
02OA039,2,1923,191,20.93,
02OA039,2,1923,192,20.9,
02OA039,2,1923,193,20.88,
02OA039,2,1923,194,20.87,
02OA039,2,1923,195,20.85,
02OA039,2,1923,196,20.84,
02OA039,2,1923,197,20.85,
02OA039,2,1923,198,20.85,
02OA039,2,1923,199,20.83,
02OA039,2,1923,200,20.83,
02OA039,2,1923,201,20.82,
02OA039,2,1923,202,20.83,
02OA039,2,1923,203,20.82,
02OA039,2,1923,204,20.8,
02OA039,2,1923,205,20.78,
02OA039,2,1923,206,20.76,
02OA039,2,1923,207,20.74,
02OA039,2,1923,208,20.72,
02OA039,2,1923,209,20.7,
02OA039,2,1923,210,20.68,
02OA039,2,1923,211,20.69,
02OA039,2,1923,212,20.69,
02OA039,2,1923,213,20.69,
02OA039,2,1923,214,20.7,
02OA039,2,1923,215,20.7,
02OA039,2,1923,216,20.69,
02OA039,2,1923,217,20.67,
02OA039,2,1923,218,20.7,
02OA039,2,1923,219,20.69,
02OA039,2,1923,220,20.67,
02OA039,2,1923,221,20.66,
02OA039,2,1923,222,20.65,
02OA039,2,1923,223,20.64,
02OA039,2,1923,224,20.63,
02OA039,2,1923,225,20.67,
02OA039,2,1923,226,20.68,
02OA039,2,1923,227,20.65,
02OA039,2,1923,228,20.63,
02OA039,2,1923,229,20.62,
02OA039,2,1923,230,20.62,
02OA039,2,1923,231,20.62,
02OA039,2,1923,232,20.65,
02OA039,2,1923,233,20.67,
02OA039,2,1923,234,20.65,
02OA039,2,1923,235,20.65,
02OA039,2,1923,236,20.65,
02OA039,2,1923,237,20.65,
02OA039,2,1923,238,20.64,
02OA039,2,1923,239,20.66,
02OA039,2,1923,240,20.66,
02OA039,2,1923,241,20.66,
02OA039,2,1923,242,20.66,
02OA039,2,1923,243,20.64,
02OA039,2,1923,244,20.62,
02OA039,2,1923,245,20.6,
02OA039,2,1923,246,20.62,
02OA039,2,1923,247,20.64,
02OA039,2,1923,248,20.61,
02OA039,2,1923,249,20.58,
02OA039,2,1923,250,20.58,
02OA039,2,1923,251,20.59,
02OA039,2,1923,252,20.59,
02OA039,2,1923,253,20.63,
02OA039,2,1923,254,20.63,
02OA039,2,1923,255,20.61,
02OA039,2,1923,256,20.6,
02OA039,2,1923,257,20.6,
02OA039,2,1923,258,20.59,
02OA039,2,1923,259,20.57,
02OA039,2,1923,260,20.6,
02OA039,2,1923,261,20.6,
02OA039,2,1923,262,20.59,
02OA039,2,1923,263,20.58,
02OA039,2,1923,264,20.57,
02OA039,2,1923,265,20.55,
02OA039,2,1923,266,20.53,
02OA039,2,1923,267,20.56,
02OA039,2,1923,268,20.58,
02OA039,2,1923,269,20.57,
02OA039,2,1923,270,20.56,
02OA039,2,1923,271,20.57,
02OA039,2,1923,272,20.56,
02OA039,2,1923,273,20.52,
02OA039,2,1923,274,20.52,
02OA039,2,1923,275,20.52,
02OA039,2,1923,276,20.51,
02OA039,2,1923,277,20.5,
02OA039,2,1923,278,20.51,
02OA039,2,1923,279,20.47,
02OA039,2,1923,280,20.44,
02OA039,2,1923,281,20.47,
02OA039,2,1923,282,20.47,
02OA039,2,1923,283,20.46,
02OA039,2,1923,284,20.44,
02OA039,2,1923,285,20.43,
02OA039,2,1923,286,20.41,
02OA039,2,1923,287,20.41,
02OA039,2,1923,288,20.44,
02OA039,2,1923,289,20.44,
02OA039,2,1923,290,20.42,
02OA039,2,1923,291,20.4,
02OA039,2,1923,292,20.4,
02OA039,2,1923,293,20.4,
02OA039,2,1923,294,20.38,
02OA039,2,1923,295,20.41,
02OA039,2,1923,296,20.39,
02OA039,2,1923,297,20.37,
02OA039,2,1923,298,20.39,
02OA039,2,1923,299,20.44,
02OA039,2,1923,300,20.45,
02OA039,2,1923,301,20.45,
02OA039,2,1923,302,20.48,
02OA039,2,1923,303,20.49,
02OA039,2,1923,304,20.47,
02OA039,2,1923,305,20.46,
02OA039,2,1923,306,20.46,
02OA039,2,1923,307,20.45,
02OA039,2,1923,308,20.43,
02OA039,2,1923,309,20.45,
02OA039,2,1923,310,20.46,
02OA039,2,1923,311,20.43,
02OA039,2,1923,312,20.44,
02OA039,2,1923,313,20.44,
02OA039,2,1923,314,20.44,
02OA039,2,1923,315,20.44,
02OA039,2,1923,316,20.47,
02OA039,2,1923,317,20.46,
02OA039,2,1923,318,20.42,
02OA039,2,1923,319,20.4,
02OA039,2,1923,320,20.39,
02OA039,2,1923,321,20.38,
02OA039,2,1923,322,20.38,
02OA039,2,1923,323,20.4,
02OA039,2,1923,324,20.41,
02OA039,2,1923,325,20.42,
02OA039,2,1923,326,20.43,
02OA039,2,1923,327,20.4,
02OA039,2,1923,328,20.35,
02OA039,2,1923,329,20.37,
02OA039,2,1923,330,20.4,
02OA039,2,1923,331,20.43,
02OA039,2,1923,332,20.47,
02OA039,2,1923,333,20.49,
02OA039,2,1923,334,20.49,
02OA039,2,1923,335,20.57,
02OA039,2,1923,336,20.64,
02OA039,2,1923,337,20.67,
02OA039,2,1923,338,20.67,
02OA039,2,1923,339,20.61,
02OA039,2,1923,340,20.55,
02OA039,2,1923,341,20.61,
02OA039,2,1923,342,20.67,
02OA039,2,1923,343,20.67,
02OA039,2,1923,344,20.68,
02OA039,2,1923,345,20.65,
02OA039,2,1923,346,20.63,
02OA039,2,1923,347,20.64,
02OA039,2,1923,348,20.66,
02OA039,2,1923,349,20.66,
02OA039,2,1923,350,20.63,
02OA039,2,1923,351,20.65,
02OA039,2,1923,352,20.56,
02OA039,2,1923,353,20.52,
02OA039,2,1923,354,20.55,
02OA039,2,1923,355,20.57,
02OA039,2,1923,356,20.57,
02OA039,2,1923,357,20.55,
02OA039,2,1923,358,20.56,
02OA039,2,1923,359,20.56,
02OA039,2,1923,360,20.59,
02OA039,2,1923,361,20.58,
02OA039,2,1923,362,20.53,
02OA039,2,1923,363,20.54,
02OA039,2,1923,364,20.59,
02OA039,2,1923,365,20.59,
02OA039,2,1924,1,20.54,
02OA039,2,1924,2,20.61,
02OA039,2,1924,3,20.81,
02OA039,2,1924,4,20.95,
02OA039,2,1924,5,20.98,
02OA039,2,1924,6,20.92,
02OA039,2,1924,7,20.92,
02OA039,2,1924,8,20.97,
02OA039,2,1924,9,20.98,
02OA039,2,1924,10,20.91,
02OA039,2,1924,11,20.84,
02OA039,2,1924,12,20.85,
02OA039,2,1924,13,20.98,
02OA039,2,1924,14,21.08,
02OA039,2,1924,15,21.13,
02OA039,2,1924,16,21.17,
02OA039,2,1924,17,21.16,
02OA039,2,1924,18,21.18,
02OA039,2,1924,19,21.21,
02OA039,2,1924,20,21.16,
02OA039,2,1924,21,21,
02OA039,2,1924,22,20.92,
02OA039,2,1924,23,20.92,
02OA039,2,1924,24,20.93,
02OA039,2,1924,25,20.95,
02OA039,2,1924,26,20.82,
02OA039,2,1924,27,20.67,
02OA039,2,1924,28,20.71,
02OA039,2,1924,29,20.79,
02OA039,2,1924,30,20.9,
02OA039,2,1924,31,20.89,
02OA039,2,1924,32,20.87,
02OA039,2,1924,33,20.86,
02OA039,2,1924,34,20.83,
02OA039,2,1924,35,20.89,
02OA039,2,1924,36,20.86,
02OA039,2,1924,37,20.72,
02OA039,2,1924,38,20.77,
02OA039,2,1924,39,20.88,
02OA039,2,1924,40,20.93,
02OA039,2,1924,41,21,
02OA039,2,1924,42,21.06,
02OA039,2,1924,43,21.09,
02OA039,2,1924,44,21.09,
02OA039,2,1924,45,21.07,
02OA039,2,1924,46,21.06,
02OA039,2,1924,47,21,
02OA039,2,1924,48,20.99,
02OA039,2,1924,49,21,
02OA039,2,1924,50,21.03,
02OA039,2,1924,51,20.97,
02OA039,2,1924,52,20.83,
02OA039,2,1924,53,20.85,
02OA039,2,1924,54,20.9,
02OA039,2,1924,55,21,
02OA039,2,1924,56,21.04,
02OA039,2,1924,57,20.95,
02OA039,2,1924,58,20.79,
02OA039,2,1924,59,,
02OA039,2,1924,60,,
02OA039,2,1924,61,20.75,
02OA039,2,1924,62,20.78,
02OA039,2,1924,63,20.68,
02OA039,2,1924,64,20.61,
02OA039,2,1924,65,20.57,
02OA039,2,1924,66,20.57,
02OA039,2,1924,67,20.57,
02OA039,2,1924,68,20.59,
02OA039,2,1924,69,20.59,
02OA039,2,1924,70,20.63,
02OA039,2,1924,71,20.64,
02OA039,2,1924,72,20.63,
02OA039,2,1924,73,20.65,
02OA039,2,1924,74,20.68,
02OA039,2,1924,75,20.67,
02OA039,2,1924,76,20.72,
02OA039,2,1924,77,20.81,
02OA039,2,1924,78,20.74,
02OA039,2,1924,79,20.71,
02OA039,2,1924,80,20.67,
02OA039,2,1924,81,20.66,
02OA039,2,1924,82,20.64,
02OA039,2,1924,83,20.68,
02OA039,2,1924,84,20.83,
02OA039,2,1924,85,20.99,
02OA039,2,1924,86,21.1,
02OA039,2,1924,87,21.15,
02OA039,2,1924,88,21.19,
02OA039,2,1924,89,21.24,
02OA039,2,1924,90,21.2,
02OA039,2,1924,91,21.22,
02OA039,2,1924,92,21.24,
02OA039,2,1924,93,21.15,
02OA039,2,1924,94,21.09,
02OA039,2,1924,95,21.06,
02OA039,2,1924,96,21.12,
02OA039,2,1924,97,21.19,
02OA039,2,1924,98,21.44,
02OA039,2,1924,99,21.7,
02OA039,2,1924,100,21.76,
02OA039,2,1924,101,21.74,
02OA039,2,1924,102,21.72,
02OA039,2,1924,103,21.61,
02OA039,2,1924,104,21.46,
02OA039,2,1924,105,21.42,
02OA039,2,1924,106,21.41,
02OA039,2,1924,107,21.36,
02OA039,2,1924,108,21.28,
02OA039,2,1924,109,21.22,
02OA039,2,1924,110,21.31,
02OA039,2,1924,111,21.41,
02OA039,2,1924,112,21.46,
02OA039,2,1924,113,21.47,
02OA039,2,1924,114,21.52,
02OA039,2,1924,115,21.55,
02OA039,2,1924,116,21.52,
02OA039,2,1924,117,21.46,
02OA039,2,1924,118,21.4,
02OA039,2,1924,119,21.41,
02OA039,2,1924,120,21.41,
02OA039,2,1924,121,21.42,
02OA039,2,1924,122,21.44,
02OA039,2,1924,123,21.5,
02OA039,2,1924,124,21.54,
02OA039,2,1924,125,21.64,
02OA039,2,1924,126,21.77,
02OA039,2,1924,127,21.79,
02OA039,2,1924,128,21.77,
02OA039,2,1924,129,21.72,
02OA039,2,1924,130,21.63,
02OA039,2,1924,131,21.57,
02OA039,2,1924,132,21.6,
02OA039,2,1924,133,21.64,
02OA039,2,1924,134,21.68,
02OA039,2,1924,135,21.74,
02OA039,2,1924,136,21.82,
02OA039,2,1924,137,21.9,
02OA039,2,1924,138,21.95,
02OA039,2,1924,139,21.97,
02OA039,2,1924,140,22.01,
02OA039,2,1924,141,21.99,
02OA039,2,1924,142,21.95,
02OA039,2,1924,143,21.92,
02OA039,2,1924,144,21.9,
02OA039,2,1924,145,21.88,
02OA039,2,1924,146,21.88,
02OA039,2,1924,147,21.92,
02OA039,2,1924,148,21.9,
02OA039,2,1924,149,21.86,
02OA039,2,1924,150,21.82,
02OA039,2,1924,151,21.78,
02OA039,2,1924,152,21.74,
02OA039,2,1924,153,21.68,
02OA039,2,1924,154,21.68,
02OA039,2,1924,155,21.64,
02OA039,2,1924,156,21.6,
02OA039,2,1924,157,21.57,
02OA039,2,1924,158,21.54,
02OA039,2,1924,159,21.51,
02OA039,2,1924,160,21.48,
02OA039,2,1924,161,21.48,
02OA039,2,1924,162,21.43,
02OA039,2,1924,163,21.39,
02OA039,2,1924,164,21.36,
02OA039,2,1924,165,21.35,
02OA039,2,1924,166,21.32,
02OA039,2,1924,167,21.3,
02OA039,2,1924,168,21.31,
02OA039,2,1924,169,21.3,
02OA039,2,1924,170,21.27,
02OA039,2,1924,171,21.25,
02OA039,2,1924,172,21.21,
02OA039,2,1924,173,21.18,
02OA039,2,1924,174,21.19,
02OA039,2,1924,175,21.23,
02OA039,2,1924,176,21.23,
02OA039,2,1924,177,21.21,
02OA039,2,1924,178,21.2,
02OA039,2,1924,179,21.18,
02OA039,2,1924,180,21.16,
02OA039,2,1924,181,21.16,
02OA039,2,1924,182,21.17,
02OA039,2,1924,183,21.15,
02OA039,2,1924,184,21.14,
02OA039,2,1924,185,21.11,
02OA039,2,1924,186,21.08,
02OA039,2,1924,187,21.05,
02OA039,2,1924,188,21.03,
02OA039,2,1924,189,21.02,
02OA039,2,1924,190,21,
02OA039,2,1924,191,21,
02OA039,2,1924,192,20.99,
02OA039,2,1924,193,20.98,
02OA039,2,1924,194,20.97,
02OA039,2,1924,195,20.95,
02OA039,2,1924,196,20.97,
02OA039,2,1924,197,20.98,
02OA039,2,1924,198,20.97,
02OA039,2,1924,199,,
02OA039,2,1924,200,20.96,
02OA039,2,1924,201,20.94,
02OA039,2,1924,202,20.94,
02OA039,2,1924,203,20.96,
02OA039,2,1924,204,20.97,
02OA039,2,1924,205,20.98,
02OA039,2,1924,206,20.96,
02OA039,2,1924,207,20.96,
02OA039,2,1924,208,20.95,
02OA039,2,1924,209,20.93,
02OA039,2,1924,210,20.94,
02OA039,2,1924,211,20.94,
02OA039,2,1924,212,20.93,
02OA039,2,1924,213,20.91,
02OA039,2,1924,214,20.88,
02OA039,2,1924,215,20.84,
02OA039,2,1924,216,20.82,
02OA039,2,1924,217,20.85,
02OA039,2,1924,218,20.86,
02OA039,2,1924,219,20.86,
02OA039,2,1924,220,20.86,
02OA039,2,1924,221,20.86,
02OA039,2,1924,222,20.85,
02OA039,2,1924,223,20.83,
02OA039,2,1924,224,20.87,
02OA039,2,1924,225,20.88,
02OA039,2,1924,226,20.88,
02OA039,2,1924,227,20.86,
02OA039,2,1924,228,20.85,
02OA039,2,1924,229,20.84,
02OA039,2,1924,230,20.85,
02OA039,2,1924,231,20.86,
02OA039,2,1924,232,20.85,
02OA039,2,1924,233,20.83,
02OA039,2,1924,234,20.81,
02OA039,2,1924,235,20.79,
02OA039,2,1924,236,20.78,
02OA039,2,1924,237,20.78,
02OA039,2,1924,238,20.81,
02OA039,2,1924,239,20.82,
02OA039,2,1924,240,20.82,
02OA039,2,1924,241,20.81,
02OA039,2,1924,242,20.8,
02OA039,2,1924,243,20.77,
02OA039,2,1924,244,20.76,
02OA039,2,1924,245,20.79,
02OA039,2,1924,246,20.79,
02OA039,2,1924,247,20.76,
02OA039,2,1924,248,20.73,
02OA039,2,1924,249,20.72,
02OA039,2,1924,250,20.7,
02OA039,2,1924,251,20.68,
02OA039,2,1924,252,20.71,
02OA039,2,1924,253,20.74,
02OA039,2,1924,254,20.74,
02OA039,2,1924,255,20.72,
02OA039,2,1924,256,20.72,
02OA039,2,1924,257,20.73,
02OA039,2,1924,258,20.71,
02OA039,2,1924,259,20.75,
02OA039,2,1924,260,20.75,
02OA039,2,1924,261,20.75,
02OA039,2,1924,262,20.74,
02OA039,2,1924,263,20.73,
02OA039,2,1924,264,20.72,
02OA039,2,1924,265,20.71,
02OA039,2,1924,266,20.75,
02OA039,2,1924,267,20.77,
02OA039,2,1924,268,20.75,
02OA039,2,1924,269,20.72,
02OA039,2,1924,270,20.68,
02OA039,2,1924,271,20.66,
02OA039,2,1924,272,20.66,
02OA039,2,1924,273,20.7,
02OA039,2,1924,274,20.8,
02OA039,2,1924,275,20.94,
02OA039,2,1924,276,21.04,
02OA039,2,1924,277,21.08,
02OA039,2,1924,278,21.06,
02OA039,2,1924,279,21.01,
02OA039,2,1924,280,21,
02OA039,2,1924,281,20.97,
02OA039,2,1924,282,20.93,
02OA039,2,1924,283,20.88,
02OA039,2,1924,284,20.85,
02OA039,2,1924,285,20.82,
02OA039,2,1924,286,20.79,
02OA039,2,1924,287,20.8,
02OA039,2,1924,288,20.78,
02OA039,2,1924,289,20.76,
02OA039,2,1924,290,20.74,
02OA039,2,1924,291,20.73,
02OA039,2,1924,292,20.72,
02OA039,2,1924,293,20.69,
02OA039,2,1924,294,20.7,
02OA039,2,1924,295,20.69,
02OA039,2,1924,296,20.67,
02OA039,2,1924,297,20.65,
02OA039,2,1924,298,20.64,
02OA039,2,1924,299,20.65,
02OA039,2,1924,300,20.63,
02OA039,2,1924,301,20.66,
02OA039,2,1924,302,20.66,
02OA039,2,1924,303,20.63,
02OA039,2,1924,304,20.59,
02OA039,2,1924,305,20.57,
02OA039,2,1924,306,20.6,
02OA039,2,1924,307,20.61,
02OA039,2,1924,308,20.64,
02OA039,2,1924,309,20.63,
02OA039,2,1924,310,20.61,
02OA039,2,1924,311,20.59,
02OA039,2,1924,312,20.6,
02OA039,2,1924,313,20.6,
02OA039,2,1924,314,20.57,
02OA039,2,1924,315,20.57,
02OA039,2,1924,316,20.6,
02OA039,2,1924,317,20.6,
02OA039,2,1924,318,20.62,
02OA039,2,1924,319,20.6,
02OA039,2,1924,320,20.58,
02OA039,2,1924,321,20.57,
02OA039,2,1924,322,20.59,
02OA039,2,1924,323,20.58,
02OA039,2,1924,324,20.58,
02OA039,2,1924,325,20.6,
02OA039,2,1924,326,20.61,
02OA039,2,1924,327,20.59,
02OA039,2,1924,328,20.63,
02OA039,2,1924,329,20.74,
02OA039,2,1924,330,20.78,
02OA039,2,1924,331,20.79,
02OA039,2,1924,332,20.78,
02OA039,2,1924,333,20.77,
02OA039,2,1924,334,20.73,
02OA039,2,1924,335,20.68,
02OA039,2,1924,336,20.67,
02OA039,2,1924,337,20.64,
02OA039,2,1924,338,20.64,
02OA039,2,1924,339,20.63,
02OA039,2,1924,340,20.61,
02OA039,2,1924,341,20.57,
02OA039,2,1924,342,20.6,
02OA039,2,1924,343,20.64,
02OA039,2,1924,344,20.73,
02OA039,2,1924,345,20.8,
02OA039,2,1924,346,20.77,
02OA039,2,1924,347,20.71,
02OA039,2,1924,348,20.64,
02OA039,2,1924,349,20.59,
02OA039,2,1924,350,20.59,
02OA039,2,1924,351,20.65,
02OA039,2,1924,352,20.85,
02OA039,2,1924,353,21.15,
02OA039,2,1924,354,21.26,
02OA039,2,1924,355,21.13,
02OA039,2,1924,356,21.05,
02OA039,2,1924,357,21.12,
02OA039,2,1924,358,21.28,
02OA039,2,1924,359,21.28,
02OA039,2,1924,360,21.25,
02OA039,2,1924,361,21.25,
02OA039,2,1924,362,21.25,
02OA039,2,1924,363,21.18,
02OA039,2,1924,364,21.09,
02OA039,2,1924,365,21,
02OA039,2,1924,366,20.95,
02OA039,2,1925,1,20.93,
02OA039,2,1925,2,20.96,
02OA039,2,1925,3,20.94,
02OA039,2,1925,4,20.95,
02OA039,2,1925,5,20.93,
02OA039,2,1925,6,20.89,
02OA039,2,1925,7,20.89,
02OA039,2,1925,8,20.95,
02OA039,2,1925,9,21.01,
02OA039,2,1925,10,21.04,
02OA039,2,1925,11,21.04,
02OA039,2,1925,12,21.02,
02OA039,2,1925,13,20.84,
02OA039,2,1925,14,20.66,
02OA039,2,1925,15,20.58,
02OA039,2,1925,16,20.62,
02OA039,2,1925,17,20.59,
02OA039,2,1925,18,20.59,
02OA039,2,1925,19,20.57,
02OA039,2,1925,20,20.55,
02OA039,2,1925,21,20.49,
02OA039,2,1925,22,20.59,
02OA039,2,1925,23,20.59,
02OA039,2,1925,24,20.53,
02OA039,2,1925,25,20.51,
02OA039,2,1925,26,20.64,
02OA039,2,1925,27,20.64,
02OA039,2,1925,28,20.6,
02OA039,2,1925,29,20.54,
02OA039,2,1925,30,20.48,
02OA039,2,1925,31,20.44,
02OA039,2,1925,32,20.53,
02OA039,2,1925,33,20.63,
02OA039,2,1925,34,20.62,
02OA039,2,1925,35,20.62,
02OA039,2,1925,36,20.67,
02OA039,2,1925,37,20.78,
02OA039,2,1925,38,20.82,
02OA039,2,1925,39,20.74,
02OA039,2,1925,40,20.63,
02OA039,2,1925,41,20.51,
02OA039,2,1925,42,20.49,
02OA039,2,1925,43,20.55,
02OA039,2,1925,44,20.68,
02OA039,2,1925,45,20.75,
02OA039,2,1925,46,20.79,
02OA039,2,1925,47,20.8,
02OA039,2,1925,48,20.75,
02OA039,2,1925,49,20.73,
02OA039,2,1925,50,20.84,
02OA039,2,1925,51,20.9,
02OA039,2,1925,52,20.82,
02OA039,2,1925,53,20.76,
02OA039,2,1925,54,20.75,
02OA039,2,1925,55,20.77,
02OA039,2,1925,56,20.82,
02OA039,2,1925,57,20.84,
02OA039,2,1925,58,20.68,
02OA039,2,1925,59,20.64,
02OA039,2,1925,60,20.74,
02OA039,2,1925,61,20.85,
02OA039,2,1925,62,20.83,
02OA039,2,1925,63,20.89,
02OA039,2,1925,64,20.89,
02OA039,2,1925,65,20.76,
02OA039,2,1925,66,20.71,
02OA039,2,1925,67,20.68,
02OA039,2,1925,68,20.7,
02OA039,2,1925,69,20.74,
02OA039,2,1925,70,20.78,
02OA039,2,1925,71,20.96,
02OA039,2,1925,72,21.12,
02OA039,2,1925,73,21.12,
02OA039,2,1925,74,21.07,
02OA039,2,1925,75,21.11,
02OA039,2,1925,76,21.11,
02OA039,2,1925,77,21.05,
02OA039,2,1925,78,21.07,
02OA039,2,1925,79,21.22,
02OA039,2,1925,80,21.36,
02OA039,2,1925,81,21.41,
02OA039,2,1925,82,21.46,
02OA039,2,1925,83,21.45,
02OA039,2,1925,84,21.42,
02OA039,2,1925,85,21.44,
02OA039,2,1925,86,21.47,
02OA039,2,1925,87,21.49,
02OA039,2,1925,88,21.61,
02OA039,2,1925,89,21.73,
02OA039,2,1925,90,21.74,
02OA039,2,1925,91,21.67,
02OA039,2,1925,92,21.63,
02OA039,2,1925,93,21.6,
02OA039,2,1925,94,21.6,
02OA039,2,1925,95,21.54,
02OA039,2,1925,96,21.5,
02OA039,2,1925,97,21.49,
02OA039,2,1925,98,21.46,
02OA039,2,1925,99,21.43,
02OA039,2,1925,100,21.4,
02OA039,2,1925,101,21.36,
02OA039,2,1925,102,21.34,
02OA039,2,1925,103,21.37,
02OA039,2,1925,104,21.39,
02OA039,2,1925,105,21.41,
02OA039,2,1925,106,21.42,
02OA039,2,1925,107,21.41,
02OA039,2,1925,108,21.39,
02OA039,2,1925,109,21.35,
02OA039,2,1925,110,21.31,
02OA039,2,1925,111,21.3,
02OA039,2,1925,112,21.3,
02OA039,2,1925,113,21.32,
02OA039,2,1925,114,21.3,
02OA039,2,1925,115,21.27,
02OA039,2,1925,116,21.26,
02OA039,2,1925,117,21.29,
02OA039,2,1925,118,21.32,
02OA039,2,1925,119,21.29,
02OA039,2,1925,120,21.26,
02OA039,2,1925,121,21.3,
02OA039,2,1925,122,21.35,
02OA039,2,1925,123,21.4,
02OA039,2,1925,124,21.45,
02OA039,2,1925,125,21.47,
02OA039,2,1925,126,21.47,
02OA039,2,1925,127,21.47,
02OA039,2,1925,128,21.46,
02OA039,2,1925,129,21.43,
02OA039,2,1925,130,21.41,
02OA039,2,1925,131,21.41,
02OA039,2,1925,132,21.42,
02OA039,2,1925,133,21.39,
02OA039,2,1925,134,21.36,
02OA039,2,1925,135,21.32,
02OA039,2,1925,136,21.28,
02OA039,2,1925,137,21.26,
02OA039,2,1925,138,21.28,
02OA039,2,1925,139,21.27,
02OA039,2,1925,140,21.25,
02OA039,2,1925,141,21.22,
02OA039,2,1925,142,21.2,
02OA039,2,1925,143,21.17,
02OA039,2,1925,144,21.12,
02OA039,2,1925,145,21.11,
02OA039,2,1925,146,21.13,
02OA039,2,1925,147,21.13,
02OA039,2,1925,148,21.11,
02OA039,2,1925,149,21.09,
02OA039,2,1925,150,21.04,
02OA039,2,1925,151,21.02,
02OA039,2,1925,152,21.07,
02OA039,2,1925,153,21.07,
02OA039,2,1925,154,21.08,
02OA039,2,1925,155,21.12,
02OA039,2,1925,156,21.14,
02OA039,2,1925,157,21.15,
02OA039,2,1925,158,21.15,
02OA039,2,1925,159,21.17,
02OA039,2,1925,160,21.18,
02OA039,2,1925,161,21.16,
02OA039,2,1925,162,21.16,
02OA039,2,1925,163,21.15,
02OA039,2,1925,164,21.13,
02OA039,2,1925,165,21.13,
02OA039,2,1925,166,21.16,
02OA039,2,1925,167,21.16,
02OA039,2,1925,168,21.14,
02OA039,2,1925,169,21.12,
02OA039,2,1925,170,21.12,
02OA039,2,1925,171,21.12,
02OA039,2,1925,172,21.12,
02OA039,2,1925,173,21.14,
02OA039,2,1925,174,21.12,
02OA039,2,1925,175,21.08,
02OA039,2,1925,176,21.04,
02OA039,2,1925,177,21.01,
02OA039,2,1925,178,20.99,
02OA039,2,1925,179,20.98,
02OA039,2,1925,180,21,
02OA039,2,1925,181,21,
02OA039,2,1925,182,20.97,
02OA039,2,1925,183,20.99,
02OA039,2,1925,184,20.99,
02OA039,2,1925,185,20.97,
02OA039,2,1925,186,20.97,
02OA039,2,1925,187,20.97,
02OA039,2,1925,188,20.96,
02OA039,2,1925,189,20.95,
02OA039,2,1925,190,20.91,
02OA039,2,1925,191,20.89,
02OA039,2,1925,192,20.86,
02OA039,2,1925,193,20.84,
02OA039,2,1925,194,20.85,
02OA039,2,1925,195,20.83,
02OA039,2,1925,196,20.82,
02OA039,2,1925,197,20.82,
02OA039,2,1925,198,20.83,
02OA039,2,1925,199,20.79,
02OA039,2,1925,200,20.76,
02OA039,2,1925,201,20.78,
02OA039,2,1925,202,20.77,
02OA039,2,1925,203,20.76,
02OA039,2,1925,204,20.77,
02OA039,2,1925,205,20.78,
02OA039,2,1925,206,20.78,
02OA039,2,1925,207,20.77,
02OA039,2,1925,208,20.8,
02OA039,2,1925,209,20.81,
02OA039,2,1925,210,20.81,
02OA039,2,1925,211,20.81,
02OA039,2,1925,212,20.82,
02OA039,2,1925,213,20.82,
02OA039,2,1925,214,20.82,
02OA039,2,1925,215,20.85,
02OA039,2,1925,216,20.84,
02OA039,2,1925,217,20.81,
02OA039,2,1925,218,20.77,
02OA039,2,1925,219,20.74,
02OA039,2,1925,220,20.7,
02OA039,2,1925,221,20.68,
02OA039,2,1925,222,20.71,
02OA039,2,1925,223,20.7,
02OA039,2,1925,224,20.69,
02OA039,2,1925,225,20.67,
02OA039,2,1925,226,20.63,
02OA039,2,1925,227,20.61,
02OA039,2,1925,228,20.6,
02OA039,2,1925,229,20.63,
02OA039,2,1925,230,20.63,
02OA039,2,1925,231,20.63,
02OA039,2,1925,232,20.62,
02OA039,2,1925,233,20.61,
02OA039,2,1925,234,20.59,
02OA039,2,1925,235,20.57,
02OA039,2,1925,236,20.6,
02OA039,2,1925,237,20.61,
02OA039,2,1925,238,20.58,
02OA039,2,1925,239,20.54,
02OA039,2,1925,240,20.5,
02OA039,2,1925,241,20.47,
02OA039,2,1925,242,20.45,
02OA039,2,1925,243,20.49,
02OA039,2,1925,244,20.49,
02OA039,2,1925,245,20.47,
02OA039,2,1925,246,20.44,
02OA039,2,1925,247,20.43,
02OA039,2,1925,248,20.42,
02OA039,2,1925,249,20.41,
02OA039,2,1925,250,20.41,
02OA039,2,1925,251,20.43,
02OA039,2,1925,252,20.42,
02OA039,2,1925,253,20.42,
02OA039,2,1925,254,20.44,
02OA039,2,1925,255,20.44,
02OA039,2,1925,256,20.41,
02OA039,2,1925,257,20.46,
02OA039,2,1925,258,20.47,
02OA039,2,1925,259,20.47,
02OA039,2,1925,260,20.48,
02OA039,2,1925,261,20.52,
02OA039,2,1925,262,20.55,
02OA039,2,1925,263,20.57,
02OA039,2,1925,264,20.64,
02OA039,2,1925,265,20.64,
02OA039,2,1925,266,20.59,
02OA039,2,1925,267,20.55,
02OA039,2,1925,268,20.53,
02OA039,2,1925,269,20.48,
02OA039,2,1925,270,20.44,
02OA039,2,1925,271,20.48,
02OA039,2,1925,272,20.5,
02OA039,2,1925,273,20.47,
02OA039,2,1925,274,20.44,
02OA039,2,1925,275,20.42,
02OA039,2,1925,276,20.41,
02OA039,2,1925,277,20.41,
02OA039,2,1925,278,20.45,
02OA039,2,1925,279,20.47,
02OA039,2,1925,280,20.47,
02OA039,2,1925,281,20.47,
02OA039,2,1925,282,20.44,
02OA039,2,1925,283,20.4,
02OA039,2,1925,284,20.39,
02OA039,2,1925,285,20.42,
02OA039,2,1925,286,20.45,
02OA039,2,1925,287,20.47,
02OA039,2,1925,288,20.47,
02OA039,2,1925,289,20.47,
02OA039,2,1925,290,20.45,
02OA039,2,1925,291,20.42,
02OA039,2,1925,292,20.45,
02OA039,2,1925,293,20.47,
02OA039,2,1925,294,20.51,
02OA039,2,1925,295,20.49,
02OA039,2,1925,296,20.45,
02OA039,2,1925,297,20.4,
02OA039,2,1925,298,20.38,
02OA039,2,1925,299,20.49,
02OA039,2,1925,300,20.56,
02OA039,2,1925,301,20.56,
02OA039,2,1925,302,20.55,
02OA039,2,1925,303,20.53,
02OA039,2,1925,304,20.52,
02OA039,2,1925,305,20.5,
02OA039,2,1925,306,20.48,
02OA039,2,1925,307,20.47,
02OA039,2,1925,308,20.45,
02OA039,2,1925,309,20.42,
02OA039,2,1925,310,20.42,
02OA039,2,1925,311,20.44,
02OA039,2,1925,312,20.44,
02OA039,2,1925,313,20.46,
02OA039,2,1925,314,20.51,
02OA039,2,1925,315,20.53,
02OA039,2,1925,316,20.51,
02OA039,2,1925,317,20.47,
02OA039,2,1925,318,20.54,
02OA039,2,1925,319,20.68,
02OA039,2,1925,320,20.82,
02OA039,2,1925,321,20.91,
02OA039,2,1925,322,20.9,
02OA039,2,1925,323,20.86,
02OA039,2,1925,324,20.83,
02OA039,2,1925,325,20.8,
02OA039,2,1925,326,20.77,
02OA039,2,1925,327,20.76,
02OA039,2,1925,328,20.76,
02OA039,2,1925,329,20.69,
02OA039,2,1925,330,20.67,
02OA039,2,1925,331,20.64,
02OA039,2,1925,332,20.61,
02OA039,2,1925,333,20.54,
02OA039,2,1925,334,20.57,
02OA039,2,1925,335,20.62,
02OA039,2,1925,336,20.62,
02OA039,2,1925,337,20.57,
02OA039,2,1925,338,20.53,
02OA039,2,1925,339,20.51,
02OA039,2,1925,340,20.68,
02OA039,2,1925,341,20.91,
02OA039,2,1925,342,20.99,
02OA039,2,1925,343,20.96,
02OA039,2,1925,344,20.82,
02OA039,2,1925,345,20.78,
02OA039,2,1925,346,20.89,
02OA039,2,1925,347,20.91,
02OA039,2,1925,348,20.96,
02OA039,2,1925,349,20.99,
02OA039,2,1925,350,21.04,
02OA039,2,1925,351,21.13,
02OA039,2,1925,352,21.12,
02OA039,2,1925,353,21.14,
02OA039,2,1925,354,21.09,
02OA039,2,1925,355,21.03,
02OA039,2,1925,356,20.81,
02OA039,2,1925,357,20.74,
02OA039,2,1925,358,20.79,
02OA039,2,1925,359,20.86,
02OA039,2,1925,360,20.82,
02OA039,2,1925,361,20.72,
02OA039,2,1925,362,20.76,
02OA039,2,1925,363,20.89,
02OA039,2,1925,364,20.99,
02OA039,2,1925,365,21.18,
02OA039,2,1926,1,21.23,
02OA039,2,1926,2,21.21,
02OA039,2,1926,3,21.17,
02OA039,2,1926,4,21.15,
02OA039,2,1926,5,21.17,
02OA039,2,1926,6,21.07,
02OA039,2,1926,7,20.85,
02OA039,2,1926,8,20.95,
02OA039,2,1926,9,21.04,
02OA039,2,1926,10,21.03,
02OA039,2,1926,11,21,
02OA039,2,1926,12,20.98,
02OA039,2,1926,13,20.95,
02OA039,2,1926,14,20.98,
02OA039,2,1926,15,21.01,
02OA039,2,1926,16,21.05,
02OA039,2,1926,17,21.12,
02OA039,2,1926,18,21.07,
02OA039,2,1926,19,20.84,
02OA039,2,1926,20,20.73,
02OA039,2,1926,21,20.73,
02OA039,2,1926,22,20.73,
02OA039,2,1926,23,20.72,
02OA039,2,1926,24,20.72,
02OA039,2,1926,25,20.74,
02OA039,2,1926,26,20.72,
02OA039,2,1926,27,20.74,
02OA039,2,1926,28,20.82,
02OA039,2,1926,29,20.78,
02OA039,2,1926,30,20.72,
02OA039,2,1926,31,20.74,
02OA039,2,1926,32,20.82,
02OA039,2,1926,33,20.66,
02OA039,2,1926,34,20.54,
02OA039,2,1926,35,20.54,
02OA039,2,1926,36,20.61,
02OA039,2,1926,37,20.73,
02OA039,2,1926,38,20.77,
02OA039,2,1926,39,20.66,
02OA039,2,1926,40,20.63,
02OA039,2,1926,41,20.62,
02OA039,2,1926,42,20.63,
02OA039,2,1926,43,20.64,
02OA039,2,1926,44,20.73,
02OA039,2,1926,45,20.68,
02OA039,2,1926,46,20.62,
02OA039,2,1926,47,20.53,
02OA039,2,1926,48,20.59,
02OA039,2,1926,49,20.68,
02OA039,2,1926,50,20.66,
02OA039,2,1926,51,20.63,
02OA039,2,1926,52,20.68,
02OA039,2,1926,53,20.76,
02OA039,2,1926,54,20.74,
02OA039,2,1926,55,20.71,
02OA039,2,1926,56,20.71,
02OA039,2,1926,57,20.7,
02OA039,2,1926,58,20.56,
02OA039,2,1926,59,20.55,
02OA039,2,1926,60,20.63,
02OA039,2,1926,61,20.62,
02OA039,2,1926,62,20.6,
02OA039,2,1926,63,20.52,
02OA039,2,1926,64,20.57,
02OA039,2,1926,65,20.64,
02OA039,2,1926,66,20.68,
02OA039,2,1926,67,20.65,
02OA039,2,1926,68,20.56,
02OA039,2,1926,69,20.57,
02OA039,2,1926,70,20.58,
02OA039,2,1926,71,20.54,
02OA039,2,1926,72,20.5,
02OA039,2,1926,73,20.47,
02OA039,2,1926,74,20.5,
02OA039,2,1926,75,20.51,
02OA039,2,1926,76,20.47,
02OA039,2,1926,77,20.45,
02OA039,2,1926,78,20.45,
02OA039,2,1926,79,20.41,
02OA039,2,1926,80,20.4,
02OA039,2,1926,81,20.41,
02OA039,2,1926,82,20.4,
02OA039,2,1926,83,20.4,
02OA039,2,1926,84,20.41,
02OA039,2,1926,85,20.45,
02OA039,2,1926,86,20.46,
02OA039,2,1926,87,20.51,
02OA039,2,1926,88,20.57,
02OA039,2,1926,89,20.6,
02OA039,2,1926,90,20.54,
02OA039,2,1926,91,20.5,
02OA039,2,1926,92,20.48,
02OA039,2,1926,93,20.52,
02OA039,2,1926,94,20.53,
02OA039,2,1926,95,20.57,
02OA039,2,1926,96,20.61,
02OA039,2,1926,97,20.64,
02OA039,2,1926,98,20.62,
02OA039,2,1926,99,20.62,
02OA039,2,1926,100,20.66,
02OA039,2,1926,101,20.76,
02OA039,2,1926,102,20.92,
02OA039,2,1926,103,21,
02OA039,2,1926,104,21.05,
02OA039,2,1926,105,21.17,
02OA039,2,1926,106,21.3,
02OA039,2,1926,107,21.3,
02OA039,2,1926,108,21.26,
02OA039,2,1926,109,21.22,
02OA039,2,1926,110,21.19,
02OA039,2,1926,111,21.17,
02OA039,2,1926,112,21.31,
02OA039,2,1926,113,21.6,
02OA039,2,1926,114,21.77,
02OA039,2,1926,115,21.82,
02OA039,2,1926,116,21.89,
02OA039,2,1926,117,21.9,
02OA039,2,1926,118,21.78,
02OA039,2,1926,119,21.67,
02OA039,2,1926,120,21.6,
02OA039,2,1926,121,21.51,
02OA039,2,1926,122,21.43,
02OA039,2,1926,123,21.43,
02OA039,2,1926,124,21.46,
02OA039,2,1926,125,21.5,
02OA039,2,1926,126,21.52,
02OA039,2,1926,127,21.5,
02OA039,2,1926,128,21.5,
02OA039,2,1926,129,21.47,
02OA039,2,1926,130,21.49,
02OA039,2,1926,131,21.5,
02OA039,2,1926,132,21.52,
02OA039,2,1926,133,21.53,
02OA039,2,1926,134,21.53,
02OA039,2,1926,135,21.52,
02OA039,2,1926,136,21.49,
02OA039,2,1926,137,21.5,
02OA039,2,1926,138,21.5,
02OA039,2,1926,139,21.48,
02OA039,2,1926,140,21.46,
02OA039,2,1926,141,21.48,
02OA039,2,1926,142,21.46,
02OA039,2,1926,143,21.48,
02OA039,2,1926,144,21.5,
02OA039,2,1926,145,21.5,
02OA039,2,1926,146,21.48,
02OA039,2,1926,147,21.46,
02OA039,2,1926,148,21.46,
02OA039,2,1926,149,21.45,
02OA039,2,1926,150,21.44,
02OA039,2,1926,151,21.45,
02OA039,2,1926,152,21.46,
02OA039,2,1926,153,21.45,
02OA039,2,1926,154,21.43,
02OA039,2,1926,155,21.41,
02OA039,2,1926,156,21.37,
02OA039,2,1926,157,21.33,
02OA039,2,1926,158,21.33,
02OA039,2,1926,159,21.33,
02OA039,2,1926,160,21.33,
02OA039,2,1926,161,21.32,
02OA039,2,1926,162,21.3,
02OA039,2,1926,163,21.26,
02OA039,2,1926,164,21.22,
02OA039,2,1926,165,21.22,
02OA039,2,1926,166,21.18,
02OA039,2,1926,167,21.25,
02OA039,2,1926,168,21.31,
02OA039,2,1926,169,21.3,
02OA039,2,1926,170,21.26,
02OA039,2,1926,171,21.21,
02OA039,2,1926,172,21.2,
02OA039,2,1926,173,21.18,
02OA039,2,1926,174,21.16,
02OA039,2,1926,175,21.12,
02OA039,2,1926,176,21.08,
02OA039,2,1926,177,21.04,
02OA039,2,1926,178,21,
02OA039,2,1926,179,21,
02OA039,2,1926,180,20.98,
02OA039,2,1926,181,20.94,
02OA039,2,1926,182,20.9,
02OA039,2,1926,183,20.89,
02OA039,2,1926,184,20.87,
02OA039,2,1926,185,20.85,
02OA039,2,1926,186,20.86,
02OA039,2,1926,187,20.86,
02OA039,2,1926,188,20.85,
02OA039,2,1926,189,20.86,
02OA039,2,1926,190,20.86,
02OA039,2,1926,191,20.91,
02OA039,2,1926,192,20.99,
02OA039,2,1926,193,21.07,
02OA039,2,1926,194,21.07,
02OA039,2,1926,195,21.03,
02OA039,2,1926,196,20.99,
02OA039,2,1926,197,20.96,
02OA039,2,1926,198,20.94,
02OA039,2,1926,199,20.93,
02OA039,2,1926,200,20.97,
02OA039,2,1926,201,20.98,
02OA039,2,1926,202,20.99,
02OA039,2,1926,203,20.99,
02OA039,2,1926,204,20.99,
02OA039,2,1926,205,20.96,
02OA039,2,1926,206,20.92,
02OA039,2,1926,207,20.92,
02OA039,2,1926,208,20.88,
02OA039,2,1926,209,20.84,
02OA039,2,1926,210,20.82,
02OA039,2,1926,211,20.79,
02OA039,2,1926,212,20.78,
02OA039,2,1926,213,20.75,
02OA039,2,1926,214,20.77,
02OA039,2,1926,215,20.78,
02OA039,2,1926,216,20.78,
02OA039,2,1926,217,20.76,
02OA039,2,1926,218,20.72,
02OA039,2,1926,219,20.72,
02OA039,2,1926,220,20.74,
02OA039,2,1926,221,20.76,
02OA039,2,1926,222,20.75,
02OA039,2,1926,223,20.72,
02OA039,2,1926,224,20.68,
02OA039,2,1926,225,20.68,
02OA039,2,1926,226,20.67,
02OA039,2,1926,227,20.65,
02OA039,2,1926,228,20.67,
02OA039,2,1926,229,20.66,
02OA039,2,1926,230,20.64,
02OA039,2,1926,231,20.59,
02OA039,2,1926,232,20.55,
02OA039,2,1926,233,20.52,
02OA039,2,1926,234,20.52,
02OA039,2,1926,235,20.59,
02OA039,2,1926,236,20.63,
02OA039,2,1926,237,20.62,
02OA039,2,1926,238,20.6,
02OA039,2,1926,239,20.6,
02OA039,2,1926,240,20.6,
02OA039,2,1926,241,20.59,
02OA039,2,1926,242,20.61,
02OA039,2,1926,243,20.6,
02OA039,2,1926,244,20.58,
02OA039,2,1926,245,20.57,
02OA039,2,1926,246,20.52,
02OA039,2,1926,247,20.47,
02OA039,2,1926,248,20.46,
02OA039,2,1926,249,20.49,
02OA039,2,1926,250,20.54,
02OA039,2,1926,251,20.56,
02OA039,2,1926,252,20.56,
02OA039,2,1926,253,20.58,
02OA039,2,1926,254,20.57,
02OA039,2,1926,255,20.56,
02OA039,2,1926,256,20.58,
02OA039,2,1926,257,20.57,
02OA039,2,1926,258,20.53,
02OA039,2,1926,259,20.53,
02OA039,2,1926,260,20.52,
02OA039,2,1926,261,20.52,
02OA039,2,1926,262,20.51,
02OA039,2,1926,263,20.54,
02OA039,2,1926,264,20.56,
02OA039,2,1926,265,20.53,
02OA039,2,1926,266,20.52,
02OA039,2,1926,267,20.52,
02OA039,2,1926,268,20.54,
02OA039,2,1926,269,20.54,
02OA039,2,1926,270,20.57,
02OA039,2,1926,271,20.59,
02OA039,2,1926,272,20.58,
02OA039,2,1926,273,20.57,
02OA039,2,1926,274,20.56,
02OA039,2,1926,275,20.54,
02OA039,2,1926,276,20.54,
02OA039,2,1926,277,20.57,
02OA039,2,1926,278,20.58,
02OA039,2,1926,279,20.61,
02OA039,2,1926,280,20.62,
02OA039,2,1926,281,20.62,
02OA039,2,1926,282,20.61,
02OA039,2,1926,283,20.57,
02OA039,2,1926,284,20.56,
02OA039,2,1926,285,20.57,
02OA039,2,1926,286,20.56,
02OA039,2,1926,287,20.55,
02OA039,2,1926,288,20.54,
02OA039,2,1926,289,20.54,
02OA039,2,1926,290,20.52,
02OA039,2,1926,291,20.54,
02OA039,2,1926,292,20.54,
02OA039,2,1926,293,20.51,
02OA039,2,1926,294,20.48,
02OA039,2,1926,295,20.51,
02OA039,2,1926,296,20.53,
02OA039,2,1926,297,20.55,
02OA039,2,1926,298,20.61,
02OA039,2,1926,299,20.76,
02OA039,2,1926,300,20.84,
02OA039,2,1926,301,20.83,
02OA039,2,1926,302,20.8,
02OA039,2,1926,303,20.78,
02OA039,2,1926,304,20.75,
02OA039,2,1926,305,20.74,
02OA039,2,1926,306,20.75,
02OA039,2,1926,307,20.77,
02OA039,2,1926,308,20.78,
02OA039,2,1926,309,20.79,
02OA039,2,1926,310,20.79,
02OA039,2,1926,311,20.78,
02OA039,2,1926,312,20.77,
02OA039,2,1926,313,20.77,
02OA039,2,1926,314,20.79,
02OA039,2,1926,315,20.85,
02OA039,2,1926,316,20.88,
02OA039,2,1926,317,20.86,
02OA039,2,1926,318,20.79,
02OA039,2,1926,319,20.79,
02OA039,2,1926,320,20.85,
02OA039,2,1926,321,20.93,
02OA039,2,1926,322,21.01,
02OA039,2,1926,323,21.1,
02OA039,2,1926,324,21.27,
02OA039,2,1926,325,21.32,
02OA039,2,1926,326,21.34,
02OA039,2,1926,327,21.31,
02OA039,2,1926,328,21.29,
02OA039,2,1926,329,21.25,
02OA039,2,1926,330,21.19,
02OA039,2,1926,331,21.18,
02OA039,2,1926,332,21.19,
02OA039,2,1926,333,21.16,
02OA039,2,1926,334,21.17,
02OA039,2,1926,335,21.17,
02OA039,2,1926,336,21.15,
02OA039,2,1926,337,21.04,
02OA039,2,1926,338,21,
02OA039,2,1926,339,20.95,
02OA039,2,1926,340,20.93,
02OA039,2,1926,341,21.06,
02OA039,2,1926,342,21.19,
02OA039,2,1926,343,21.26,
02OA039,2,1926,344,21.25,
02OA039,2,1926,345,21.17,
02OA039,2,1926,346,21.05,
02OA039,2,1926,347,21.01,
02OA039,2,1926,348,20.98,
02OA039,2,1926,349,20.97,
02OA039,2,1926,350,21.01,
02OA039,2,1926,351,21.08,
02OA039,2,1926,352,21.09,
02OA039,2,1926,353,21.05,
02OA039,2,1926,354,21.19,
02OA039,2,1926,355,21.25,
02OA039,2,1926,356,21.29,
02OA039,2,1926,357,21.31,
02OA039,2,1926,358,21.28,
02OA039,2,1926,359,21.3,
02OA039,2,1926,360,21.39,
02OA039,2,1926,361,21.43,
02OA039,2,1926,362,21.51,
02OA039,2,1926,363,21.53,
02OA039,2,1926,364,21.53,
02OA039,2,1926,365,21.54,
02OA039,2,1927,1,21.49,
02OA039,2,1927,2,21.4,
02OA039,2,1927,3,21.37,
02OA039,2,1927,4,21.4,
02OA039,2,1927,5,21.43,
02OA039,2,1927,6,21.39,
02OA039,2,1927,7,21.31,
02OA039,2,1927,8,21.29,
02OA039,2,1927,9,21.32,
02OA039,2,1927,10,21.35,
02OA039,2,1927,11,21.34,
02OA039,2,1927,12,21.32,
02OA039,2,1927,13,21.32,
02OA039,2,1927,14,21.37,
02OA039,2,1927,15,21.35,
02OA039,2,1927,16,21.28,
02OA039,2,1927,17,21.15,
02OA039,2,1927,18,21.06,
02OA039,2,1927,19,20.99,
02OA039,2,1927,20,20.9,
02OA039,2,1927,21,20.85,
02OA039,2,1927,22,20.84,
02OA039,2,1927,23,20.84,
02OA039,2,1927,24,20.93,
02OA039,2,1927,25,21.06,
02OA039,2,1927,26,21.17,
02OA039,2,1927,27,21.19,
02OA039,2,1927,28,21.17,
02OA039,2,1927,29,21.07,
02OA039,2,1927,30,20.9,
02OA039,2,1927,31,20.8,
02OA039,2,1927,32,20.86,
02OA039,2,1927,33,20.94,
02OA039,2,1927,34,20.96,
02OA039,2,1927,35,20.97,
02OA039,2,1927,36,21,
02OA039,2,1927,37,21.01,
02OA039,2,1927,38,21.02,
02OA039,2,1927,39,21.08,
02OA039,2,1927,40,21.12,
02OA039,2,1927,41,21.1,
02OA039,2,1927,42,21.07,
02OA039,2,1927,43,21.07,
02OA039,2,1927,44,21.04,
02OA039,2,1927,45,21,
02OA039,2,1927,46,20.98,
02OA039,2,1927,47,20.96,
02OA039,2,1927,48,20.97,
02OA039,2,1927,49,20.87,
02OA039,2,1927,50,20.79,
02OA039,2,1927,51,20.76,
02OA039,2,1927,52,20.71,
02OA039,2,1927,53,20.7,
02OA039,2,1927,54,20.74,
02OA039,2,1927,55,20.82,
02OA039,2,1927,56,20.82,
02OA039,2,1927,57,20.72,
02OA039,2,1927,58,20.67,
02OA039,2,1927,59,20.67,
02OA039,2,1927,60,20.71,
02OA039,2,1927,61,20.75,
02OA039,2,1927,62,20.76,
02OA039,2,1927,63,20.76,
02OA039,2,1927,64,20.75,
02OA039,2,1927,65,20.75,
02OA039,2,1927,66,20.73,
02OA039,2,1927,67,20.72,
02OA039,2,1927,68,20.7,
02OA039,2,1927,69,20.69,
02OA039,2,1927,70,20.7,
02OA039,2,1927,71,20.71,
02OA039,2,1927,72,20.75,
02OA039,2,1927,73,20.88,
02OA039,2,1927,74,21.11,
02OA039,2,1927,75,21.35,
02OA039,2,1927,76,21.53,
02OA039,2,1927,77,21.6,
02OA039,2,1927,78,21.65,
02OA039,2,1927,79,21.69,
02OA039,2,1927,80,21.67,
02OA039,2,1927,81,21.62,
02OA039,2,1927,82,21.56,
02OA039,2,1927,83,21.51,
02OA039,2,1927,84,21.46,
02OA039,2,1927,85,21.4,
02OA039,2,1927,86,21.34,
02OA039,2,1927,87,21.31,
02OA039,2,1927,88,21.31,
02OA039,2,1927,89,21.31,
02OA039,2,1927,90,21.32,
02OA039,2,1927,91,21.34,
02OA039,2,1927,92,21.33,
02OA039,2,1927,93,21.23,
02OA039,2,1927,94,21.18,
02OA039,2,1927,95,21.18,
02OA039,2,1927,96,21.17,
02OA039,2,1927,97,21.18,
02OA039,2,1927,98,21.18,
02OA039,2,1927,99,21.14,
02OA039,2,1927,100,21.09,
02OA039,2,1927,101,21.09,
02OA039,2,1927,102,21.07,
02OA039,2,1927,103,21.05,
02OA039,2,1927,104,21.04,
02OA039,2,1927,105,21.02,
02OA039,2,1927,106,21.01,
02OA039,2,1927,107,20.99,
02OA039,2,1927,108,21.02,
02OA039,2,1927,109,21.04,
02OA039,2,1927,110,21.05,
02OA039,2,1927,111,21.07,
02OA039,2,1927,112,21.09,
02OA039,2,1927,113,21.13,
02OA039,2,1927,114,21.14,
02OA039,2,1927,115,21.18,
02OA039,2,1927,116,21.24,
02OA039,2,1927,117,21.27,
02OA039,2,1927,118,21.28,
02OA039,2,1927,119,21.26,
02OA039,2,1927,120,21.22,
02OA039,2,1927,121,21.19,
02OA039,2,1927,122,21.2,
02OA039,2,1927,123,21.19,
02OA039,2,1927,124,21.16,
02OA039,2,1927,125,21.15,
02OA039,2,1927,126,21.16,
02OA039,2,1927,127,21.15,
02OA039,2,1927,128,21.13,
02OA039,2,1927,129,21.12,
02OA039,2,1927,130,21.1,
02OA039,2,1927,131,21.09,
02OA039,2,1927,132,21.1,
02OA039,2,1927,133,21.09,
02OA039,2,1927,134,21.07,
02OA039,2,1927,135,21.05,
02OA039,2,1927,136,21.12,
02OA039,2,1927,137,21.18,
02OA039,2,1927,138,21.21,
02OA039,2,1927,139,21.22,
02OA039,2,1927,140,21.22,
02OA039,2,1927,141,21.24,
02OA039,2,1927,142,21.24,
02OA039,2,1927,143,21.28,
02OA039,2,1927,144,21.26,
02OA039,2,1927,145,21.25,
02OA039,2,1927,146,21.28,
02OA039,2,1927,147,21.29,
02OA039,2,1927,148,21.27,
02OA039,2,1927,149,21.24,
02OA039,2,1927,150,21.23,
02OA039,2,1927,151,21.22,
02OA039,2,1927,152,21.25,
02OA039,2,1927,153,21.27,
02OA039,2,1927,154,21.26,
02OA039,2,1927,155,21.26,
02OA039,2,1927,156,21.26,
02OA039,2,1927,157,21.32,
02OA039,2,1927,158,21.34,
02OA039,2,1927,159,21.31,
02OA039,2,1927,160,21.27,
02OA039,2,1927,161,21.25,
02OA039,2,1927,162,21.25,
02OA039,2,1927,163,21.24,
02OA039,2,1927,164,21.27,
02OA039,2,1927,165,21.28,
02OA039,2,1927,166,21.27,
02OA039,2,1927,167,21.26,
02OA039,2,1927,168,21.24,
02OA039,2,1927,169,21.21,
02OA039,2,1927,170,21.18,
02OA039,2,1927,171,21.19,
02OA039,2,1927,172,21.18,
02OA039,2,1927,173,21.17,
02OA039,2,1927,174,21.15,
02OA039,2,1927,175,21.14,
02OA039,2,1927,176,21.12,
02OA039,2,1927,177,21.13,
02OA039,2,1927,178,21.15,
02OA039,2,1927,179,21.15,
02OA039,2,1927,180,21.14,
02OA039,2,1927,181,21.13,
02OA039,2,1927,182,21.12,
02OA039,2,1927,183,21.11,
02OA039,2,1927,184,21.11,
02OA039,2,1927,185,21.13,
02OA039,2,1927,186,21.12,
02OA039,2,1927,187,21.11,
02OA039,2,1927,188,21.1,
02OA039,2,1927,189,21.13,
02OA039,2,1927,190,21.12,
02OA039,2,1927,191,21.11,
02OA039,2,1927,192,21.12,
02OA039,2,1927,193,21.11,
02OA039,2,1927,194,21.09,
02OA039,2,1927,195,21.08,
02OA039,2,1927,196,21.07,
02OA039,2,1927,197,21.05,
02OA039,2,1927,198,21.03,
02OA039,2,1927,199,21.05,
02OA039,2,1927,200,21.05,
02OA039,2,1927,201,21.03,
02OA039,2,1927,202,21,
02OA039,2,1927,203,20.98,
02OA039,2,1927,204,20.97,
02OA039,2,1927,205,20.99,
02OA039,2,1927,206,21.04,
02OA039,2,1927,207,21.09,
02OA039,2,1927,208,21.1,
02OA039,2,1927,209,21.1,
02OA039,2,1927,210,21.12,
02OA039,2,1927,211,21.13,
02OA039,2,1927,212,21.13,
02OA039,2,1927,213,21.16,
02OA039,2,1927,214,21.18,
02OA039,2,1927,215,21.15,
02OA039,2,1927,216,21.14,
02OA039,2,1927,217,21.11,
02OA039,2,1927,218,21.09,
02OA039,2,1927,219,21.06,
02OA039,2,1927,220,21.06,
02OA039,2,1927,221,21.06,
02OA039,2,1927,222,21.03,
02OA039,2,1927,223,21,
02OA039,2,1927,224,20.97,
02OA039,2,1927,225,20.94,
02OA039,2,1927,226,20.91,
02OA039,2,1927,227,20.92,
02OA039,2,1927,228,20.9,
02OA039,2,1927,229,20.88,
02OA039,2,1927,230,20.86,
02OA039,2,1927,231,20.85,
02OA039,2,1927,232,20.85,
02OA039,2,1927,233,20.83,
02OA039,2,1927,234,20.85,
02OA039,2,1927,235,20.86,
02OA039,2,1927,236,20.85,
02OA039,2,1927,237,20.83,
02OA039,2,1927,238,20.8,
02OA039,2,1927,239,20.76,
02OA039,2,1927,240,20.72,
02OA039,2,1927,241,20.75,
02OA039,2,1927,242,20.79,
02OA039,2,1927,243,20.8,
02OA039,2,1927,244,20.8,
02OA039,2,1927,245,20.78,
02OA039,2,1927,246,20.78,
02OA039,2,1927,247,20.76,
02OA039,2,1927,248,20.77,
02OA039,2,1927,249,20.77,
02OA039,2,1927,250,20.75,
02OA039,2,1927,251,20.73,
02OA039,2,1927,252,20.71,
02OA039,2,1927,253,20.68,
02OA039,2,1927,254,20.66,
02OA039,2,1927,255,20.68,
02OA039,2,1927,256,20.68,
02OA039,2,1927,257,20.66,
02OA039,2,1927,258,20.66,
02OA039,2,1927,259,20.65,
02OA039,2,1927,260,20.64,
02OA039,2,1927,261,20.63,
02OA039,2,1927,262,20.66,
02OA039,2,1927,263,20.68,
02OA039,2,1927,264,20.68,
02OA039,2,1927,265,20.64,
02OA039,2,1927,266,20.65,
02OA039,2,1927,267,20.64,
02OA039,2,1927,268,20.63,
02OA039,2,1927,269,20.65,
02OA039,2,1927,270,20.61,
02OA039,2,1927,271,20.56,
02OA039,2,1927,272,20.57,
02OA039,2,1927,273,20.61,
02OA039,2,1927,274,20.61,
02OA039,2,1927,275,20.6,
02OA039,2,1927,276,20.61,
02OA039,2,1927,277,20.65,
02OA039,2,1927,278,20.66,
02OA039,2,1927,279,20.65,
02OA039,2,1927,280,20.64,
02OA039,2,1927,281,20.63,
02OA039,2,1927,282,20.6,
02OA039,2,1927,283,20.61,
02OA039,2,1927,284,20.62,
02OA039,2,1927,285,20.63,
02OA039,2,1927,286,20.68,
02OA039,2,1927,287,20.68,
02OA039,2,1927,288,20.67,
02OA039,2,1927,289,20.65,
02OA039,2,1927,290,20.68,
02OA039,2,1927,291,20.66,
02OA039,2,1927,292,20.6,
02OA039,2,1927,293,20.62,
02OA039,2,1927,294,20.62,
02OA039,2,1927,295,20.62,
02OA039,2,1927,296,20.63,
02OA039,2,1927,297,20.66,
02OA039,2,1927,298,20.66,
02OA039,2,1927,299,20.64,
02OA039,2,1927,300,20.64,
02OA039,2,1927,301,20.62,
02OA039,2,1927,302,20.62,
02OA039,2,1927,303,20.59,
02OA039,2,1927,304,20.6,
02OA039,2,1927,305,20.61,
02OA039,2,1927,306,20.62,
02OA039,2,1927,307,20.63,
02OA039,2,1927,308,20.66,
02OA039,2,1927,309,20.68,
02OA039,2,1927,310,20.69,
02OA039,2,1927,311,20.73,
02OA039,2,1927,312,20.74,
02OA039,2,1927,313,20.7,
02OA039,2,1927,314,20.67,
02OA039,2,1927,315,20.65,
02OA039,2,1927,316,20.67,
02OA039,2,1927,317,20.69,
02OA039,2,1927,318,20.74,
02OA039,2,1927,319,20.73,
02OA039,2,1927,320,20.75,
02OA039,2,1927,321,20.93,
02OA039,2,1927,322,21.33,
02OA039,2,1927,323,21.56,
02OA039,2,1927,324,21.49,
02OA039,2,1927,325,21.41,
02OA039,2,1927,326,21.34,
02OA039,2,1927,327,21.39,
02OA039,2,1927,328,21.46,
02OA039,2,1927,329,21.39,
02OA039,2,1927,330,21.3,
02OA039,2,1927,331,21.24,
02OA039,2,1927,332,21.25,
02OA039,2,1927,333,21.25,
02OA039,2,1927,334,21.34,
02OA039,2,1927,335,21.48,
02OA039,2,1927,336,21.52,
02OA039,2,1927,337,21.45,
02OA039,2,1927,338,21.29,
02OA039,2,1927,339,21.22,
02OA039,2,1927,340,21.16,
02OA039,2,1927,341,21.1,
02OA039,2,1927,342,21.12,
02OA039,2,1927,343,21.16,
02OA039,2,1927,344,21.22,
02OA039,2,1927,345,21.21,
02OA039,2,1927,346,21.18,
02OA039,2,1927,347,21.12,
02OA039,2,1927,348,21.1,
02OA039,2,1927,349,21.13,
02OA039,2,1927,350,21.08,
02OA039,2,1927,351,21.12,
02OA039,2,1927,352,21.17,
02OA039,2,1927,353,21.22,
02OA039,2,1927,354,21.25,
02OA039,2,1927,355,21.19,
02OA039,2,1927,356,21.13,
02OA039,2,1927,357,21.1,
02OA039,2,1927,358,21.09,
02OA039,2,1927,359,21.05,
02OA039,2,1927,360,21.15,
02OA039,2,1927,361,21.38,
02OA039,2,1927,362,21.45,
02OA039,2,1927,363,21.3,
02OA039,2,1927,364,21.18,
02OA039,2,1927,365,21.16,
02OA039,2,1928,1,21.26,
02OA039,2,1928,2,21.31,
02OA039,2,1928,3,21.33,
02OA039,2,1928,4,21.4,
02OA039,2,1928,5,21.44,
02OA039,2,1928,6,21.42,
02OA039,2,1928,7,21.38,
02OA039,2,1928,8,21.29,
02OA039,2,1928,9,21.24,
02OA039,2,1928,10,21.19,
02OA039,2,1928,11,21.18,
02OA039,2,1928,12,21.18,
02OA039,2,1928,13,21.14,
02OA039,2,1928,14,21.14,
02OA039,2,1928,15,21.11,
02OA039,2,1928,16,21.14,
02OA039,2,1928,17,21.13,
02OA039,2,1928,18,21.18,
02OA039,2,1928,19,21.29,
02OA039,2,1928,20,21.39,
02OA039,2,1928,21,21.46,
02OA039,2,1928,22,21.4,
02OA039,2,1928,23,21.39,
02OA039,2,1928,24,21.39,
02OA039,2,1928,25,21.43,
02OA039,2,1928,26,21.41,
02OA039,2,1928,27,21.42,
02OA039,2,1928,28,21.43,
02OA039,2,1928,29,21.42,
02OA039,2,1928,30,21.46,
02OA039,2,1928,31,21.45,
02OA039,2,1928,32,21.52,
02OA039,2,1928,33,21.48,
02OA039,2,1928,34,21.44,
02OA039,2,1928,35,21.39,
02OA039,2,1928,36,21.44,
02OA039,2,1928,37,21.44,
02OA039,2,1928,38,21.51,
02OA039,2,1928,39,21.45,
02OA039,2,1928,40,21.42,
02OA039,2,1928,41,21.39,
02OA039,2,1928,42,21.36,
02OA039,2,1928,43,21.25,
02OA039,2,1928,44,21.21,
02OA039,2,1928,45,21.19,
02OA039,2,1928,46,21.21,
02OA039,2,1928,47,21.17,
02OA039,2,1928,48,21.1,
02OA039,2,1928,49,21.1,
02OA039,2,1928,50,21.1,
02OA039,2,1928,51,21.09,
02OA039,2,1928,52,21.17,
02OA039,2,1928,53,21.24,
02OA039,2,1928,54,21.28,
02OA039,2,1928,55,21.18,
02OA039,2,1928,56,21.11,
02OA039,2,1928,57,21.16,
02OA039,2,1928,58,21.27,
02OA039,2,1928,59,21.27,
02OA039,2,1928,60,21.22,
02OA039,2,1928,61,21.22,
02OA039,2,1928,62,21.14,
02OA039,2,1928,63,21.13,
02OA039,2,1928,64,21.17,
02OA039,2,1928,65,21.19,
02OA039,2,1928,66,21.18,
02OA039,2,1928,67,21.21,
02OA039,2,1928,68,21.18,
02OA039,2,1928,69,21.07,
02OA039,2,1928,70,20.97,
02OA039,2,1928,71,20.94,
02OA039,2,1928,72,20.93,
02OA039,2,1928,73,20.92,
02OA039,2,1928,74,20.92,
02OA039,2,1928,75,20.98,
02OA039,2,1928,76,21.09,
02OA039,2,1928,77,21.14,
02OA039,2,1928,78,21.09,
02OA039,2,1928,79,21.07,
02OA039,2,1928,80,21.04,
02OA039,2,1928,81,21.03,
02OA039,2,1928,82,21.03,
02OA039,2,1928,83,21.04,
02OA039,2,1928,84,21.05,
02OA039,2,1928,85,21.06,
02OA039,2,1928,86,21.16,
02OA039,2,1928,87,21.3,
02OA039,2,1928,88,21.47,
02OA039,2,1928,89,21.59,
02OA039,2,1928,90,21.57,
02OA039,2,1928,91,21.47,
02OA039,2,1928,92,21.4,
02OA039,2,1928,93,21.39,
02OA039,2,1928,94,21.35,
02OA039,2,1928,95,21.38,
02OA039,2,1928,96,21.48,
02OA039,2,1928,97,21.65,
02OA039,2,1928,98,21.9,
02OA039,2,1928,99,22.19,
02OA039,2,1928,100,22.41,
02OA039,2,1928,101,22.48,
02OA039,2,1928,102,22.37,
02OA039,2,1928,103,22.25,
02OA039,2,1928,104,22.17,
02OA039,2,1928,105,22.1,
02OA039,2,1928,106,22.1,
02OA039,2,1928,107,22.12,
02OA039,2,1928,108,22.08,
02OA039,2,1928,109,22.02,
02OA039,2,1928,110,21.95,
02OA039,2,1928,111,21.96,
02OA039,2,1928,112,21.93,
02OA039,2,1928,113,21.87,
02OA039,2,1928,114,21.85,
02OA039,2,1928,115,21.86,
02OA039,2,1928,116,21.89,
02OA039,2,1928,117,21.9,
02OA039,2,1928,118,21.86,
02OA039,2,1928,119,21.78,
02OA039,2,1928,120,21.73,
02OA039,2,1928,121,21.78,
02OA039,2,1928,122,21.85,
02OA039,2,1928,123,21.91,
02OA039,2,1928,124,21.92,
02OA039,2,1928,125,21.92,
02OA039,2,1928,126,21.95,
02OA039,2,1928,127,21.98,
02OA039,2,1928,128,22.03,
02OA039,2,1928,129,22.06,
02OA039,2,1928,130,22.11,
02OA039,2,1928,131,22.17,
02OA039,2,1928,132,22.23,
02OA039,2,1928,133,22.27,
02OA039,2,1928,134,22.28,
02OA039,2,1928,135,22.32,
02OA039,2,1928,136,22.34,
02OA039,2,1928,137,22.33,
02OA039,2,1928,138,22.31,
02OA039,2,1928,139,22.28,
02OA039,2,1928,140,22.27,
02OA039,2,1928,141,22.28,
02OA039,2,1928,142,22.32,
02OA039,2,1928,143,22.31,
02OA039,2,1928,144,22.29,
02OA039,2,1928,145,22.24,
02OA039,2,1928,146,22.22,
02OA039,2,1928,147,22.21,
02OA039,2,1928,148,22.19,
02OA039,2,1928,149,22.19,
02OA039,2,1928,150,22.17,
02OA039,2,1928,151,22.15,
02OA039,2,1928,152,22.13,
02OA039,2,1928,153,22.1,
02OA039,2,1928,154,22.06,
02OA039,2,1928,155,22.03,
02OA039,2,1928,156,22.01,
02OA039,2,1928,157,21.96,
02OA039,2,1928,158,21.9,
02OA039,2,1928,159,21.88,
02OA039,2,1928,160,21.87,
02OA039,2,1928,161,21.86,
02OA039,2,1928,162,21.84,
02OA039,2,1928,163,21.84,
02OA039,2,1928,164,21.81,
02OA039,2,1928,165,21.75,
02OA039,2,1928,166,21.69,
02OA039,2,1928,167,21.62,
02OA039,2,1928,168,21.55,
02OA039,2,1928,169,21.49,
02OA039,2,1928,170,21.46,
02OA039,2,1928,171,21.41,
02OA039,2,1928,172,21.36,
02OA039,2,1928,173,21.33,
02OA039,2,1928,174,21.32,
02OA039,2,1928,175,21.29,
02OA039,2,1928,176,21.29,
02OA039,2,1928,177,21.31,
02OA039,2,1928,178,21.33,
02OA039,2,1928,179,21.32,
02OA039,2,1928,180,21.31,
02OA039,2,1928,181,21.29,
02OA039,2,1928,182,21.27,
02OA039,2,1928,183,21.28,
02OA039,2,1928,184,21.3,
02OA039,2,1928,185,21.32,
02OA039,2,1928,186,21.33,
02OA039,2,1928,187,21.35,
02OA039,2,1928,188,21.35,
02OA039,2,1928,189,21.35,
02OA039,2,1928,190,21.34,
02OA039,2,1928,191,21.35,
02OA039,2,1928,192,21.35,
02OA039,2,1928,193,21.33,
02OA039,2,1928,194,21.29,
02OA039,2,1928,195,21.25,
02OA039,2,1928,196,21.21,
02OA039,2,1928,197,21.22,
02OA039,2,1928,198,21.29,
02OA039,2,1928,199,21.32,
02OA039,2,1928,200,21.34,
02OA039,2,1928,201,21.32,
02OA039,2,1928,202,21.29,
02OA039,2,1928,203,21.26,
02OA039,2,1928,204,21.25,
02OA039,2,1928,205,21.28,
02OA039,2,1928,206,21.3,
02OA039,2,1928,207,21.3,
02OA039,2,1928,208,21.28,
02OA039,2,1928,209,21.26,
02OA039,2,1928,210,21.26,
02OA039,2,1928,211,21.28,
02OA039,2,1928,212,21.28,
02OA039,2,1928,213,21.26,
02OA039,2,1928,214,21.23,
02OA039,2,1928,215,21.22,
02OA039,2,1928,216,21.19,
02OA039,2,1928,217,21.18,
02OA039,2,1928,218,21.22,
02OA039,2,1928,219,21.23,
02OA039,2,1928,220,21.23,
02OA039,2,1928,221,21.23,
02OA039,2,1928,222,21.26,
02OA039,2,1928,223,21.25,
02OA039,2,1928,224,21.23,
02OA039,2,1928,225,21.21,
02OA039,2,1928,226,21.2,
02OA039,2,1928,227,21.17,
02OA039,2,1928,228,21.15,
02OA039,2,1928,229,21.12,
02OA039,2,1928,230,21.1,
02OA039,2,1928,231,21.1,
02OA039,2,1928,232,21.07,
02OA039,2,1928,233,21.08,
02OA039,2,1928,234,21.07,
02OA039,2,1928,235,21.05,
02OA039,2,1928,236,21.03,
02OA039,2,1928,237,21,
02OA039,2,1928,238,21.03,
02OA039,2,1928,239,21.02,
02OA039,2,1928,240,21.03,
02OA039,2,1928,241,21.03,
02OA039,2,1928,242,21.01,
02OA039,2,1928,243,21,
02OA039,2,1928,244,20.99,
02OA039,2,1928,245,20.98,
02OA039,2,1928,246,20.97,
02OA039,2,1928,247,21,
02OA039,2,1928,248,21.02,
02OA039,2,1928,249,21,
02OA039,2,1928,250,20.97,
02OA039,2,1928,251,20.94,
02OA039,2,1928,252,20.93,
02OA039,2,1928,253,20.91,
02OA039,2,1928,254,20.93,
02OA039,2,1928,255,20.92,
02OA039,2,1928,256,20.94,
02OA039,2,1928,257,20.98,
02OA039,2,1928,258,21.02,
02OA039,2,1928,259,21.04,
02OA039,2,1928,260,21.06,
02OA039,2,1928,261,21.11,
02OA039,2,1928,262,21.11,
02OA039,2,1928,263,21.07,
02OA039,2,1928,264,21.01,
02OA039,2,1928,265,21.01,
02OA039,2,1928,266,21.03,
02OA039,2,1928,267,21.04,
02OA039,2,1928,268,21.06,
02OA039,2,1928,269,21.05,
02OA039,2,1928,270,21.04,
02OA039,2,1928,271,21.03,
02OA039,2,1928,272,21.01,
02OA039,2,1928,273,21,
02OA039,2,1928,274,20.98,
02OA039,2,1928,275,20.99,
02OA039,2,1928,276,21,
02OA039,2,1928,277,20.98,
02OA039,2,1928,278,20.97,
02OA039,2,1928,279,20.96,
02OA039,2,1928,280,20.97,
02OA039,2,1928,281,20.97,
02OA039,2,1928,282,21,
02OA039,2,1928,283,20.98,
02OA039,2,1928,284,20.98,
02OA039,2,1928,285,20.96,
02OA039,2,1928,286,20.96,
02OA039,2,1928,287,21,
02OA039,2,1928,288,21.04,
02OA039,2,1928,289,21.09,
02OA039,2,1928,290,21.11,
02OA039,2,1928,291,21.15,
02OA039,2,1928,292,21.25,
02OA039,2,1928,293,21.39,
02OA039,2,1928,294,21.5,
02OA039,2,1928,295,21.51,
02OA039,2,1928,296,21.51,
02OA039,2,1928,297,21.51,
02OA039,2,1928,298,21.51,
02OA039,2,1928,299,21.5,
02OA039,2,1928,300,21.47,
02OA039,2,1928,301,21.48,
02OA039,2,1928,302,21.49,
02OA039,2,1928,303,21.53,
02OA039,2,1928,304,21.55,
02OA039,2,1928,305,21.53,
02OA039,2,1928,306,21.52,
02OA039,2,1928,307,21.5,
02OA039,2,1928,308,21.45,
02OA039,2,1928,309,21.43,
02OA039,2,1928,310,21.45,
02OA039,2,1928,311,21.43,
02OA039,2,1928,312,21.43,
02OA039,2,1928,313,21.39,
02OA039,2,1928,314,21.32,
02OA039,2,1928,315,21.27,
02OA039,2,1928,316,21.21,
02OA039,2,1928,317,21.19,
02OA039,2,1928,318,21.18,
02OA039,2,1928,319,21.13,
02OA039,2,1928,320,21.11,
02OA039,2,1928,321,21.09,
02OA039,2,1928,322,21.06,
02OA039,2,1928,323,21.07,
02OA039,2,1928,324,21.21,
02OA039,2,1928,325,21.33,
02OA039,2,1928,326,21.39,
02OA039,2,1928,327,21.39,
02OA039,2,1928,328,21.37,
02OA039,2,1928,329,21.35,
02OA039,2,1928,330,21.3,
02OA039,2,1928,331,21.29,
02OA039,2,1928,332,21.24,
02OA039,2,1928,333,21.21,
02OA039,2,1928,334,21.18,
02OA039,2,1928,335,21.14,
02OA039,2,1928,336,21.12,
02OA039,2,1928,337,21.14,
02OA039,2,1928,338,21.14,
02OA039,2,1928,339,21.13,
02OA039,2,1928,340,21.15,
02OA039,2,1928,341,21.15,
02OA039,2,1928,342,21.18,
02OA039,2,1928,343,21.15,
02OA039,2,1928,344,21.07,
02OA039,2,1928,345,21.06,
02OA039,2,1928,346,21.04,
02OA039,2,1928,347,21.04,
02OA039,2,1928,348,21.04,
02OA039,2,1928,349,21.01,
02OA039,2,1928,350,20.97,
02OA039,2,1928,351,20.95,
02OA039,2,1928,352,21,
02OA039,2,1928,353,21.06,
02OA039,2,1928,354,21.16,
02OA039,2,1928,355,21.22,
02OA039,2,1928,356,21.22,
02OA039,2,1928,357,21.15,
02OA039,2,1928,358,21.11,
02OA039,2,1928,359,21.1,
02OA039,2,1928,360,21.09,
02OA039,2,1928,361,21.09,
02OA039,2,1928,362,21.07,
02OA039,2,1928,363,21.05,
02OA039,2,1928,364,21.03,
02OA039,2,1928,365,20.96,
02OA039,2,1928,366,20.95,
02OA039,2,1929,1,21.01,
02OA039,2,1929,2,21.03,
02OA039,2,1929,3,21.06,
02OA039,2,1929,4,21.18,
02OA039,2,1929,5,21.18,
02OA039,2,1929,6,21.28,
02OA039,2,1929,7,21.26,
02OA039,2,1929,8,21.19,
02OA039,2,1929,9,21.26,
02OA039,2,1929,10,21.3,
02OA039,2,1929,11,21.22,
02OA039,2,1929,12,21.18,
02OA039,2,1929,13,21.24,
02OA039,2,1929,14,21.28,
02OA039,2,1929,15,21.26,
02OA039,2,1929,16,21.21,
02OA039,2,1929,17,21.28,
02OA039,2,1929,18,21.27,
02OA039,2,1929,19,21.33,
02OA039,2,1929,20,21.46,
02OA039,2,1929,21,21.46,
02OA039,2,1929,22,21.5,
02OA039,2,1929,23,21.56,
02OA039,2,1929,24,21.62,
02OA039,2,1929,25,21.73,
02OA039,2,1929,26,21.68,
02OA039,2,1929,27,21.68,
02OA039,2,1929,28,21.75,
02OA039,2,1929,29,21.7,
02OA039,2,1929,30,21.61,
02OA039,2,1929,31,21.61,
02OA039,2,1929,32,21.57,
02OA039,2,1929,33,21.5,
02OA039,2,1929,34,21.5,
02OA039,2,1929,35,21.56,
02OA039,2,1929,36,21.61,
02OA039,2,1929,37,21.57,
02OA039,2,1929,38,21.52,
02OA039,2,1929,39,21.46,
02OA039,2,1929,40,21.4,
02OA039,2,1929,41,21.33,
02OA039,2,1929,42,21.32,
02OA039,2,1929,43,21.33,
02OA039,2,1929,44,21.33,
02OA039,2,1929,45,21.32,
02OA039,2,1929,46,21.28,
02OA039,2,1929,47,21.32,
02OA039,2,1929,48,21.25,
02OA039,2,1929,49,21.18,
02OA039,2,1929,50,21.14,
02OA039,2,1929,51,21.18,
02OA039,2,1929,52,21.25,
02OA039,2,1929,53,21.28,
02OA039,2,1929,54,21.33,
02OA039,2,1929,55,21.34,
02OA039,2,1929,56,21.23,
02OA039,2,1929,57,21.13,
02OA039,2,1929,58,21.07,
02OA039,2,1929,59,20.98,
02OA039,2,1929,60,20.99,
02OA039,2,1929,61,21.03,
02OA039,2,1929,62,21.04,
02OA039,2,1929,63,21,
02OA039,2,1929,64,20.99,
02OA039,2,1929,65,21.04,
02OA039,2,1929,66,21.05,
02OA039,2,1929,67,21.13,
02OA039,2,1929,68,21.19,
02OA039,2,1929,69,21.2,
02OA039,2,1929,70,21.24,
02OA039,2,1929,71,21.26,
02OA039,2,1929,72,21.25,
02OA039,2,1929,73,21.2,
02OA039,2,1929,74,21.26,
02OA039,2,1929,75,21.43,
02OA039,2,1929,76,21.57,
02OA039,2,1929,77,21.61,
02OA039,2,1929,78,21.57,
02OA039,2,1929,79,21.62,
02OA039,2,1929,80,21.73,
02OA039,2,1929,81,21.82,
02OA039,2,1929,82,21.91,
02OA039,2,1929,83,21.88,
02OA039,2,1929,84,21.84,
02OA039,2,1929,85,21.83,
02OA039,2,1929,86,21.83,
02OA039,2,1929,87,21.81,
02OA039,2,1929,88,21.79,
02OA039,2,1929,89,21.75,
02OA039,2,1929,90,21.71,
02OA039,2,1929,91,21.65,
02OA039,2,1929,92,21.65,
02OA039,2,1929,93,21.66,
02OA039,2,1929,94,21.63,
02OA039,2,1929,95,21.59,
02OA039,2,1929,96,21.57,
02OA039,2,1929,97,21.67,
02OA039,2,1929,98,21.79,
02OA039,2,1929,99,21.92,
02OA039,2,1929,100,21.95,
02OA039,2,1929,101,21.89,
02OA039,2,1929,102,21.85,
02OA039,2,1929,103,21.9,
02OA039,2,1929,104,21.94,
02OA039,2,1929,105,21.99,
02OA039,2,1929,106,21.98,
02OA039,2,1929,107,21.98,
02OA039,2,1929,108,22.08,
02OA039,2,1929,109,22.14,
02OA039,2,1929,110,22.1,
02OA039,2,1929,111,22.03,
02OA039,2,1929,112,21.99,
02OA039,2,1929,113,21.96,
02OA039,2,1929,114,21.93,
02OA039,2,1929,115,21.89,
02OA039,2,1929,116,21.91,
02OA039,2,1929,117,21.96,
02OA039,2,1929,118,22,
02OA039,2,1929,119,22.04,
02OA039,2,1929,120,22.09,
02OA039,2,1929,121,22.08,
02OA039,2,1929,122,22.07,
02OA039,2,1929,123,22.14,
02OA039,2,1929,124,22.36,
02OA039,2,1929,125,22.41,
02OA039,2,1929,126,22.44,
02OA039,2,1929,127,22.47,
02OA039,2,1929,128,22.5,
02OA039,2,1929,129,22.51,
02OA039,2,1929,130,22.5,
02OA039,2,1929,131,22.46,
02OA039,2,1929,132,22.44,
02OA039,2,1929,133,22.45,
02OA039,2,1929,134,22.42,
02OA039,2,1929,135,22.4,
02OA039,2,1929,136,22.45,
02OA039,2,1929,137,22.48,
02OA039,2,1929,138,22.44,
02OA039,2,1929,139,22.39,
02OA039,2,1929,140,22.39,
02OA039,2,1929,141,22.37,
02OA039,2,1929,142,22.35,
02OA039,2,1929,143,22.32,
02OA039,2,1929,144,22.29,
02OA039,2,1929,145,22.26,
02OA039,2,1929,146,22.21,
02OA039,2,1929,147,22.19,
02OA039,2,1929,148,22.14,
02OA039,2,1929,149,22.09,
02OA039,2,1929,150,22.05,
02OA039,2,1929,151,22.03,
02OA039,2,1929,152,22,
02OA039,2,1929,153,21.95,
02OA039,2,1929,154,21.94,
02OA039,2,1929,155,21.93,
02OA039,2,1929,156,21.91,
02OA039,2,1929,157,21.9,
02OA039,2,1929,158,21.86,
02OA039,2,1929,159,21.83,
02OA039,2,1929,160,21.78,
02OA039,2,1929,161,21.78,
02OA039,2,1929,162,21.76,
02OA039,2,1929,163,21.73,
02OA039,2,1929,164,21.71,
02OA039,2,1929,165,21.69,
02OA039,2,1929,166,21.68,
02OA039,2,1929,167,21.68,
02OA039,2,1929,168,21.7,
02OA039,2,1929,169,21.68,
02OA039,2,1929,170,21.66,
02OA039,2,1929,171,21.64,
02OA039,2,1929,172,21.63,
02OA039,2,1929,173,21.62,
02OA039,2,1929,174,21.6,
02OA039,2,1929,175,21.61,
02OA039,2,1929,176,21.65,
02OA039,2,1929,177,21.68,
02OA039,2,1929,178,21.66,
02OA039,2,1929,179,21.64,
02OA039,2,1929,180,21.61,
02OA039,2,1929,181,21.61,
02OA039,2,1929,182,21.61,
02OA039,2,1929,183,21.6,
02OA039,2,1929,184,21.59,
02OA039,2,1929,185,21.58,
02OA039,2,1929,186,21.57,
02OA039,2,1929,187,21.54,
02OA039,2,1929,188,21.52,
02OA039,2,1929,189,21.54,
02OA039,2,1929,190,21.52,
02OA039,2,1929,191,21.5,
02OA039,2,1929,192,21.49,
02OA039,2,1929,193,21.49,
02OA039,2,1929,194,21.49,
02OA039,2,1929,195,21.5,
02OA039,2,1929,196,21.52,
02OA039,2,1929,197,21.53,
02OA039,2,1929,198,21.54,
02OA039,2,1929,199,21.55,
02OA039,2,1929,200,21.54,
02OA039,2,1929,201,21.52,
02OA039,2,1929,202,21.5,
02OA039,2,1929,203,21.5,
02OA039,2,1929,204,21.49,
02OA039,2,1929,205,21.46,
02OA039,2,1929,206,21.43,
02OA039,2,1929,207,21.39,
02OA039,2,1929,208,21.36,
02OA039,2,1929,209,21.36,
02OA039,2,1929,210,21.38,
02OA039,2,1929,211,21.37,
02OA039,2,1929,212,21.34,
02OA039,2,1929,213,21.33,
02OA039,2,1929,214,21.3,
02OA039,2,1929,215,21.28,
02OA039,2,1929,216,21.28,
02OA039,2,1929,217,21.3,
02OA039,2,1929,218,21.31,
02OA039,2,1929,219,21.31,
02OA039,2,1929,220,21.3,
02OA039,2,1929,221,21.3,
02OA039,2,1929,222,21.29,
02OA039,2,1929,223,21.29,
02OA039,2,1929,224,21.31,
02OA039,2,1929,225,21.28,
02OA039,2,1929,226,21.26,
02OA039,2,1929,227,21.27,
02OA039,2,1929,228,21.26,
02OA039,2,1929,229,21.27,
02OA039,2,1929,230,21.26,
02OA039,2,1929,231,21.25,
02OA039,2,1929,232,21.23,
02OA039,2,1929,233,21.2,
02OA039,2,1929,234,21.2,
02OA039,2,1929,235,21.2,
02OA039,2,1929,236,21.2,
02OA039,2,1929,237,21.18,
02OA039,2,1929,238,21.2,
02OA039,2,1929,239,21.2,
02OA039,2,1929,240,21.18,
02OA039,2,1929,241,21.16,
02OA039,2,1929,242,21.15,
02OA039,2,1929,243,21.13,
02OA039,2,1929,244,21.13,
02OA039,2,1929,245,21.15,
02OA039,2,1929,246,21.16,
02OA039,2,1929,247,21.14,
02OA039,2,1929,248,21.14,
02OA039,2,1929,249,21.13,
02OA039,2,1929,250,21.12,
02OA039,2,1929,251,21.1,
02OA039,2,1929,252,21.09,
02OA039,2,1929,253,21.08,
02OA039,2,1929,254,21.09,
02OA039,2,1929,255,21.11,
02OA039,2,1929,256,21.11,
02OA039,2,1929,257,21.12,
02OA039,2,1929,258,21.11,
02OA039,2,1929,259,21.14,
02OA039,2,1929,260,21.15,
02OA039,2,1929,261,21.14,
02OA039,2,1929,262,21.11,
02OA039,2,1929,263,21.08,
02OA039,2,1929,264,21.06,
02OA039,2,1929,265,21.03,
02OA039,2,1929,266,21.05,
02OA039,2,1929,267,21.05,
02OA039,2,1929,268,21.05,
02OA039,2,1929,269,21.03,
02OA039,2,1929,270,21.01,
02OA039,2,1929,271,20.99,
02OA039,2,1929,272,20.99,
02OA039,2,1929,273,21.02,
02OA039,2,1929,274,21,
02OA039,2,1929,275,20.97,
02OA039,2,1929,276,20.96,
02OA039,2,1929,277,20.98,
02OA039,2,1929,278,21,
02OA039,2,1929,279,21.04,
02OA039,2,1929,280,21.09,
02OA039,2,1929,281,21.09,
02OA039,2,1929,282,21.06,
02OA039,2,1929,283,21.03,
02OA039,2,1929,284,21.02,
02OA039,2,1929,285,21,
02OA039,2,1929,286,21,
02OA039,2,1929,287,21.04,
02OA039,2,1929,288,21.03,
02OA039,2,1929,289,21,
02OA039,2,1929,290,20.99,
02OA039,2,1929,291,20.97,
02OA039,2,1929,292,20.96,
02OA039,2,1929,293,20.96,
02OA039,2,1929,294,20.98,
02OA039,2,1929,295,20.97,
02OA039,2,1929,296,20.94,
02OA039,2,1929,297,20.94,
02OA039,2,1929,298,20.96,
02OA039,2,1929,299,20.97,
02OA039,2,1929,300,20.99,
02OA039,2,1929,301,21.01,
02OA039,2,1929,302,20.98,
02OA039,2,1929,303,20.93,
02OA039,2,1929,304,20.91,
02OA039,2,1929,305,20.94,
02OA039,2,1929,306,21,
02OA039,2,1929,307,21.04,
02OA039,2,1929,308,21.07,
02OA039,2,1929,309,21.09,
02OA039,2,1929,310,21.09,
02OA039,2,1929,311,21.09,
02OA039,2,1929,312,21.07,
02OA039,2,1929,313,21.04,
02OA039,2,1929,314,21.02,
02OA039,2,1929,315,21.02,
02OA039,2,1929,316,21.03,
02OA039,2,1929,317,21.01,
02OA039,2,1929,318,20.98,
02OA039,2,1929,319,20.99,
02OA039,2,1929,320,21.03,
02OA039,2,1929,321,21.05,
02OA039,2,1929,322,21.04,
02OA039,2,1929,323,21.09,
02OA039,2,1929,324,21.12,
02OA039,2,1929,325,21.09,
02OA039,2,1929,326,21.04,
02OA039,2,1929,327,21.02,
02OA039,2,1929,328,21,
02OA039,2,1929,329,21.02,
02OA039,2,1929,330,21.02,
02OA039,2,1929,331,21.02,
02OA039,2,1929,332,21.02,
02OA039,2,1929,333,20.98,
02OA039,2,1929,334,21,
02OA039,2,1929,335,21.1,
02OA039,2,1929,336,21.13,
02OA039,2,1929,337,21.07,
02OA039,2,1929,338,21,
02OA039,2,1929,339,20.98,
02OA039,2,1929,340,20.95,
02OA039,2,1929,341,20.92,
02OA039,2,1929,342,20.92,
02OA039,2,1929,343,21.04,
02OA039,2,1929,344,21.15,
02OA039,2,1929,345,21.26,
02OA039,2,1929,346,21.29,
02OA039,2,1929,347,21.25,
02OA039,2,1929,348,21.28,
02OA039,2,1929,349,21.23,
02OA039,2,1929,350,21.18,
02OA039,2,1929,351,21.25,
02OA039,2,1929,352,21.26,
02OA039,2,1929,353,21.23,
02OA039,2,1929,354,21.18,
02OA039,2,1929,355,21.16,
02OA039,2,1929,356,21.26,
02OA039,2,1929,357,21.33,
02OA039,2,1929,358,21.28,
02OA039,2,1929,359,21.16,
02OA039,2,1929,360,21.33,
02OA039,2,1929,361,21.43,
02OA039,2,1929,362,21.28,
02OA039,2,1929,363,21.08,
02OA039,2,1929,364,21.06,
02OA039,2,1929,365,21.02,
02OA039,2,1930,1,21.07,
02OA039,2,1930,2,21.06,
02OA039,2,1930,3,21.03,
02OA039,2,1930,4,21.03,
02OA039,2,1930,5,21.13,
02OA039,2,1930,6,21.28,
02OA039,2,1930,7,21.46,
02OA039,2,1930,8,21.45,
02OA039,2,1930,9,21.61,
02OA039,2,1930,10,21.62,
02OA039,2,1930,11,21.53,
02OA039,2,1930,12,21.54,
02OA039,2,1930,13,21.6,
02OA039,2,1930,14,21.6,
02OA039,2,1930,15,21.58,
02OA039,2,1930,16,21.52,
02OA039,2,1930,17,21.46,
02OA039,2,1930,18,21.47,
02OA039,2,1930,19,21.5,
02OA039,2,1930,20,21.57,
02OA039,2,1930,21,21.61,
02OA039,2,1930,22,21.61,
02OA039,2,1930,23,21.66,
02OA039,2,1930,24,21.66,
02OA039,2,1930,25,21.6,
02OA039,2,1930,26,21.54,
02OA039,2,1930,27,21.54,
02OA039,2,1930,28,21.54,
02OA039,2,1930,29,21.52,
02OA039,2,1930,30,21.54,
02OA039,2,1930,31,21.54,
02OA039,2,1930,32,21.54,
02OA039,2,1930,33,21.55,
02OA039,2,1930,34,21.55,
02OA039,2,1930,35,21.54,
02OA039,2,1930,36,21.51,
02OA039,2,1930,37,21.45,
02OA039,2,1930,38,21.41,
02OA039,2,1930,39,21.42,
02OA039,2,1930,40,21.59,
02OA039,2,1930,41,21.56,
02OA039,2,1930,42,21.43,
02OA039,2,1930,43,21.46,
02OA039,2,1930,44,21.51,
02OA039,2,1930,45,21.49,
02OA039,2,1930,46,21.5,
02OA039,2,1930,47,21.48,
02OA039,2,1930,48,21.47,
02OA039,2,1930,49,21.53,
02OA039,2,1930,50,21.52,
02OA039,2,1930,51,21.31,
02OA039,2,1930,52,21.27,
02OA039,2,1930,53,21.32,
02OA039,2,1930,54,21.28,
02OA039,2,1930,55,21.32,
02OA039,2,1930,56,21.41,
02OA039,2,1930,57,21.47,
02OA039,2,1930,58,21.43,
02OA039,2,1930,59,21.36,
02OA039,2,1930,60,21.36,
02OA039,2,1930,61,21.3,
02OA039,2,1930,62,21.29,
02OA039,2,1930,63,21.34,
02OA039,2,1930,64,21.5,
02OA039,2,1930,65,21.46,
02OA039,2,1930,66,21.32,
02OA039,2,1930,67,21.24,
02OA039,2,1930,68,21.22,
02OA039,2,1930,69,21.32,
02OA039,2,1930,70,21.37,
02OA039,2,1930,71,21.4,
02OA039,2,1930,72,21.46,
02OA039,2,1930,73,21.5,
02OA039,2,1930,74,21.59,
02OA039,2,1930,75,21.54,
02OA039,2,1930,76,21.47,
02OA039,2,1930,77,21.44,
02OA039,2,1930,78,21.39,
02OA039,2,1930,79,21.39,
02OA039,2,1930,80,21.37,
02OA039,2,1930,81,21.38,
02OA039,2,1930,82,21.5,
02OA039,2,1930,83,21.56,
02OA039,2,1930,84,21.41,
02OA039,2,1930,85,21.28,
02OA039,2,1930,86,21.26,
02OA039,2,1930,87,21.33,
02OA039,2,1930,88,21.4,
02OA039,2,1930,89,21.39,
02OA039,2,1930,90,21.4,
02OA039,2,1930,91,21.43,
02OA039,2,1930,92,21.52,
02OA039,2,1930,93,21.64,
02OA039,2,1930,94,21.65,
02OA039,2,1930,95,21.64,
02OA039,2,1930,96,21.63,
02OA039,2,1930,97,21.7,
02OA039,2,1930,98,21.84,
02OA039,2,1930,99,21.88,
02OA039,2,1930,100,21.82,
02OA039,2,1930,101,21.72,
02OA039,2,1930,102,21.64,
02OA039,2,1930,103,21.6,
02OA039,2,1930,104,21.62,
02OA039,2,1930,105,21.64,
02OA039,2,1930,106,21.62,
02OA039,2,1930,107,21.58,
02OA039,2,1930,108,21.55,
02OA039,2,1930,109,21.58,
02OA039,2,1930,110,21.59,
02OA039,2,1930,111,21.61,
02OA039,2,1930,112,21.61,
02OA039,2,1930,113,21.64,
02OA039,2,1930,114,21.63,
02OA039,2,1930,115,21.61,
02OA039,2,1930,116,21.61,
02OA039,2,1930,117,21.61,
02OA039,2,1930,118,21.61,
02OA039,2,1930,119,21.58,
02OA039,2,1930,120,21.55,
02OA039,2,1930,121,21.56,
02OA039,2,1930,122,21.58,
02OA039,2,1930,123,21.61,
02OA039,2,1930,124,21.64,
02OA039,2,1930,125,21.66,
02OA039,2,1930,126,21.67,
02OA039,2,1930,127,21.67,
02OA039,2,1930,128,21.66,
02OA039,2,1930,129,21.66,
02OA039,2,1930,130,21.65,
02OA039,2,1930,131,21.62,
02OA039,2,1930,132,21.62,
02OA039,2,1930,133,21.61,
02OA039,2,1930,134,21.6,
02OA039,2,1930,135,21.58,
02OA039,2,1930,136,21.59,
02OA039,2,1930,137,21.62,
02OA039,2,1930,138,21.63,
02OA039,2,1930,139,21.62,
02OA039,2,1930,140,21.63,
02OA039,2,1930,141,21.7,
02OA039,2,1930,142,21.71,
02OA039,2,1930,143,21.72,
02OA039,2,1930,144,21.71,
02OA039,2,1930,145,21.7,
02OA039,2,1930,146,21.7,
02OA039,2,1930,147,21.7,
02OA039,2,1930,148,21.68,
02OA039,2,1930,149,21.66,
02OA039,2,1930,150,21.65,
02OA039,2,1930,151,21.62,
02OA039,2,1930,152,21.6,
02OA039,2,1930,153,21.59,
02OA039,2,1930,154,21.59,
02OA039,2,1930,155,21.58,
02OA039,2,1930,156,21.57,
02OA039,2,1930,157,21.56,
02OA039,2,1930,158,21.54,
02OA039,2,1930,159,21.52,
02OA039,2,1930,160,21.51,
02OA039,2,1930,161,21.51,
02OA039,2,1930,162,21.51,
02OA039,2,1930,163,21.51,
02OA039,2,1930,164,21.51,
02OA039,2,1930,165,21.52,
02OA039,2,1930,166,21.53,
02OA039,2,1930,167,21.54,
02OA039,2,1930,168,21.54,
02OA039,2,1930,169,21.54,
02OA039,2,1930,170,21.58,
02OA039,2,1930,171,21.62,
02OA039,2,1930,172,21.68,
02OA039,2,1930,173,21.74,
02OA039,2,1930,174,21.78,
02OA039,2,1930,175,21.75,
02OA039,2,1930,176,21.73,
02OA039,2,1930,177,21.7,
02OA039,2,1930,178,21.68,
02OA039,2,1930,179,21.66,
02OA039,2,1930,180,21.64,
02OA039,2,1930,181,21.64,
02OA039,2,1930,182,21.65,
02OA039,2,1930,183,21.66,
02OA039,2,1930,184,21.64,
02OA039,2,1930,185,21.63,
02OA039,2,1930,186,21.63,
02OA039,2,1930,187,21.64,
02OA039,2,1930,188,21.68,
02OA039,2,1930,189,21.69,
02OA039,2,1930,190,21.69,
02OA039,2,1930,191,21.68,
02OA039,2,1930,192,21.67,
02OA039,2,1930,193,21.67,
02OA039,2,1930,194,21.65,
02OA039,2,1930,195,21.68,
02OA039,2,1930,196,21.68,
02OA039,2,1930,197,21.66,
02OA039,2,1930,198,21.63,
02OA039,2,1930,199,21.59,
02OA039,2,1930,200,21.57,
02OA039,2,1930,201,21.54,
02OA039,2,1930,202,21.53,
02OA039,2,1930,203,21.49,
02OA039,2,1930,204,21.46,
02OA039,2,1930,205,21.43,
02OA039,2,1930,206,21.4,
02OA039,2,1930,207,21.39,
02OA039,2,1930,208,21.4,
02OA039,2,1930,209,21.41,
02OA039,2,1930,210,21.43,
02OA039,2,1930,211,21.41,
02OA039,2,1930,212,21.39,
02OA039,2,1930,213,21.37,
02OA039,2,1930,214,21.36,
02OA039,2,1930,215,21.34,
02OA039,2,1930,216,21.34,
02OA039,2,1930,217,21.32,
02OA039,2,1930,218,21.29,
02OA039,2,1930,219,21.24,
02OA039,2,1930,220,21.21,
02OA039,2,1930,221,21.21,
02OA039,2,1930,222,21.2,
02OA039,2,1930,223,21.21,
02OA039,2,1930,224,21.19,
02OA039,2,1930,225,21.19,
02OA039,2,1930,226,21.18,
02OA039,2,1930,227,21.19,
02OA039,2,1930,228,21.21,
02OA039,2,1930,229,21.21,
02OA039,2,1930,230,21.2,
02OA039,2,1930,231,21.19,
02OA039,2,1930,232,21.17,
02OA039,2,1930,233,21.14,
02OA039,2,1930,234,21.1,
02OA039,2,1930,235,21.06,
02OA039,2,1930,236,21.05,
02OA039,2,1930,237,21.09,
02OA039,2,1930,238,21.09,
02OA039,2,1930,239,21.08,
02OA039,2,1930,240,21.06,
02OA039,2,1930,241,21.05,
02OA039,2,1930,242,21.04,
02OA039,2,1930,243,21.04,
02OA039,2,1930,244,21.04,
02OA039,2,1930,245,21.04,
02OA039,2,1930,246,21.03,
02OA039,2,1930,247,21.01,
02OA039,2,1930,248,21.01,
02OA039,2,1930,249,21.01,
02OA039,2,1930,250,21,
02OA039,2,1930,251,21,
02OA039,2,1930,252,20.99,
02OA039,2,1930,253,20.96,
02OA039,2,1930,254,20.95,
02OA039,2,1930,255,20.95,
02OA039,2,1930,256,20.93,
02OA039,2,1930,257,20.92,
02OA039,2,1930,258,20.95,
02OA039,2,1930,259,20.96,
02OA039,2,1930,260,20.96,
02OA039,2,1930,261,20.96,
02OA039,2,1930,262,20.96,
02OA039,2,1930,263,20.96,
02OA039,2,1930,264,20.99,
02OA039,2,1930,265,21,
02OA039,2,1930,266,20.99,
02OA039,2,1930,267,20.97,
02OA039,2,1930,268,20.96,
02OA039,2,1930,269,20.96,
02OA039,2,1930,270,20.97,
02OA039,2,1930,271,20.99,
02OA039,2,1930,272,21.03,
02OA039,2,1930,273,21.03,
02OA039,2,1930,274,21,
02OA039,2,1930,275,20.97,
02OA039,2,1930,276,20.95,
02OA039,2,1930,277,20.93,
02OA039,2,1930,278,20.91,
02OA039,2,1930,279,20.91,
02OA039,2,1930,280,20.89,
02OA039,2,1930,281,20.88,
02OA039,2,1930,282,20.89,
02OA039,2,1930,283,20.89,
02OA039,2,1930,284,20.88,
02OA039,2,1930,285,20.87,
02OA039,2,1930,286,20.87,
02OA039,2,1930,287,20.86,
02OA039,2,1930,288,20.83,
02OA039,2,1930,289,20.82,
02OA039,2,1930,290,20.82,
02OA039,2,1930,291,20.82,
02OA039,2,1930,292,20.85,
02OA039,2,1930,293,20.87,
02OA039,2,1930,294,20.89,
02OA039,2,1930,295,20.87,
02OA039,2,1930,296,20.86,
02OA039,2,1930,297,20.84,
02OA039,2,1930,298,20.8,
02OA039,2,1930,299,20.79,
02OA039,2,1930,300,20.79,
02OA039,2,1930,301,20.78,
02OA039,2,1930,302,20.8,
02OA039,2,1930,303,20.81,
02OA039,2,1930,304,20.8,
02OA039,2,1930,305,20.77,
02OA039,2,1930,306,20.75,
02OA039,2,1930,307,20.77,
02OA039,2,1930,308,20.76,
02OA039,2,1930,309,20.76,
02OA039,2,1930,310,20.74,
02OA039,2,1930,311,20.74,
02OA039,2,1930,312,20.75,
02OA039,2,1930,313,20.78,
02OA039,2,1930,314,20.8,
02OA039,2,1930,315,20.75,
02OA039,2,1930,316,20.7,
02OA039,2,1930,317,20.7,
02OA039,2,1930,318,20.7,
02OA039,2,1930,319,20.68,
02OA039,2,1930,320,20.64,
02OA039,2,1930,321,20.7,
02OA039,2,1930,322,20.7,
02OA039,2,1930,323,20.69,
02OA039,2,1930,324,20.68,
02OA039,2,1930,325,20.67,
02OA039,2,1930,326,20.69,
02OA039,2,1930,327,20.72,
02OA039,2,1930,328,20.76,
02OA039,2,1930,329,20.75,
02OA039,2,1930,330,20.72,
02OA039,2,1930,331,20.7,
02OA039,2,1930,332,20.68,
02OA039,2,1930,333,20.67,
02OA039,2,1930,334,20.7,
02OA039,2,1930,335,20.75,
02OA039,2,1930,336,20.7,
02OA039,2,1930,337,20.68,
02OA039,2,1930,338,20.69,
02OA039,2,1930,339,20.66,
02OA039,2,1930,340,20.64,
02OA039,2,1930,341,20.64,
02OA039,2,1930,342,20.65,
02OA039,2,1930,343,20.68,
02OA039,2,1930,344,20.68,
02OA039,2,1930,345,20.66,
02OA039,2,1930,346,20.64,
02OA039,2,1930,347,20.64,
02OA039,2,1930,348,20.63,
02OA039,2,1930,349,20.68,
02OA039,2,1930,350,20.66,
02OA039,2,1930,351,20.73,
02OA039,2,1930,352,20.83,
02OA039,2,1930,353,20.85,
02OA039,2,1930,354,20.76,
02OA039,2,1930,355,20.7,
02OA039,2,1930,356,20.67,
02OA039,2,1930,357,20.63,
02OA039,2,1930,358,20.6,
02OA039,2,1930,359,20.58,
02OA039,2,1930,360,20.62,
02OA039,2,1930,361,20.61,
02OA039,2,1930,362,20.6,
02OA039,2,1930,363,20.63,
02OA039,2,1930,364,20.62,
02OA039,2,1930,365,20.61,
02OA039,2,1931,1,20.61,
02OA039,2,1931,2,20.63,
02OA039,2,1931,3,20.67,
02OA039,2,1931,4,20.64,
02OA039,2,1931,5,20.64,
02OA039,2,1931,6,20.56,
02OA039,2,1931,7,20.59,
02OA039,2,1931,8,20.61,
02OA039,2,1931,9,20.71,
02OA039,2,1931,10,20.86,
02OA039,2,1931,11,20.91,
02OA039,2,1931,12,20.88,
02OA039,2,1931,13,20.84,
02OA039,2,1931,14,20.83,
02OA039,2,1931,15,20.85,
02OA039,2,1931,16,20.84,
02OA039,2,1931,17,20.97,
02OA039,2,1931,18,21.08,
02OA039,2,1931,19,21.14,
02OA039,2,1931,20,21.09,
02OA039,2,1931,21,21.08,
02OA039,2,1931,22,21.03,
02OA039,2,1931,23,21,
02OA039,2,1931,24,21.01,
02OA039,2,1931,25,20.99,
02OA039,2,1931,26,20.98,
02OA039,2,1931,27,21.08,
02OA039,2,1931,28,21.08,
02OA039,2,1931,29,21.05,
02OA039,2,1931,30,21.01,
02OA039,2,1931,31,20.97,
02OA039,2,1931,32,20.99,
02OA039,2,1931,33,21.04,
02OA039,2,1931,34,21.06,
02OA039,2,1931,35,21.11,
02OA039,2,1931,36,21.04,
02OA039,2,1931,37,20.97,
02OA039,2,1931,38,20.84,
02OA039,2,1931,39,20.79,
02OA039,2,1931,40,20.78,
02OA039,2,1931,41,20.86,
02OA039,2,1931,42,20.84,
02OA039,2,1931,43,20.82,
02OA039,2,1931,44,20.8,
02OA039,2,1931,45,20.71,
02OA039,2,1931,46,20.65,
02OA039,2,1931,47,20.75,
02OA039,2,1931,48,20.8,
02OA039,2,1931,49,20.75,
02OA039,2,1931,50,20.69,
02OA039,2,1931,51,20.62,
02OA039,2,1931,52,20.61,
02OA039,2,1931,53,20.58,
02OA039,2,1931,54,20.59,
02OA039,2,1931,55,20.6,
02OA039,2,1931,56,20.63,
02OA039,2,1931,57,20.66,
02OA039,2,1931,58,20.6,
02OA039,2,1931,59,20.6,
02OA039,2,1931,60,20.62,
02OA039,2,1931,61,20.63,
02OA039,2,1931,62,20.64,
02OA039,2,1931,63,20.61,
02OA039,2,1931,64,20.55,
02OA039,2,1931,65,20.53,
02OA039,2,1931,66,20.51,
02OA039,2,1931,67,20.52,
02OA039,2,1931,68,20.49,
02OA039,2,1931,69,20.41,
02OA039,2,1931,70,20.44,
02OA039,2,1931,71,20.49,
02OA039,2,1931,72,20.52,
02OA039,2,1931,73,20.54,
02OA039,2,1931,74,20.55,
02OA039,2,1931,75,20.54,
02OA039,2,1931,76,20.51,
02OA039,2,1931,77,20.5,
02OA039,2,1931,78,20.52,
02OA039,2,1931,79,20.52,
02OA039,2,1931,80,20.51,
02OA039,2,1931,81,20.52,
02OA039,2,1931,82,20.55,
02OA039,2,1931,83,20.58,
02OA039,2,1931,84,20.67,
02OA039,2,1931,85,20.75,
02OA039,2,1931,86,20.81,
02OA039,2,1931,87,20.82,
02OA039,2,1931,88,20.82,
02OA039,2,1931,89,20.88,
02OA039,2,1931,90,20.9,
02OA039,2,1931,91,20.86,
02OA039,2,1931,92,20.82,
02OA039,2,1931,93,20.86,
02OA039,2,1931,94,20.87,
02OA039,2,1931,95,20.87,
02OA039,2,1931,96,20.83,
02OA039,2,1931,97,20.8,
02OA039,2,1931,98,20.76,
02OA039,2,1931,99,20.76,
02OA039,2,1931,100,20.76,
02OA039,2,1931,101,20.78,
02OA039,2,1931,102,20.83,
02OA039,2,1931,103,20.88,
02OA039,2,1931,104,20.88,
02OA039,2,1931,105,20.86,
02OA039,2,1931,106,20.84,
02OA039,2,1931,107,20.82,
02OA039,2,1931,108,20.82,
02OA039,2,1931,109,20.82,
02OA039,2,1931,110,20.82,
02OA039,2,1931,111,20.83,
02OA039,2,1931,112,20.85,
02OA039,2,1931,113,20.85,
02OA039,2,1931,114,20.86,
02OA039,2,1931,115,20.87,
02OA039,2,1931,116,20.88,
02OA039,2,1931,117,20.93,
02OA039,2,1931,118,21,
02OA039,2,1931,119,21.04,
02OA039,2,1931,120,21.05,
02OA039,2,1931,121,21.03,
02OA039,2,1931,122,21.01,
02OA039,2,1931,123,21.01,
02OA039,2,1931,124,21.03,
02OA039,2,1931,125,21.01,
02OA039,2,1931,126,20.98,
02OA039,2,1931,127,20.96,
02OA039,2,1931,128,20.93,
02OA039,2,1931,129,20.91,
02OA039,2,1931,130,20.86,
02OA039,2,1931,131,20.87,
02OA039,2,1931,132,20.87,
02OA039,2,1931,133,20.86,
02OA039,2,1931,134,20.84,
02OA039,2,1931,135,20.85,
02OA039,2,1931,136,20.85,
02OA039,2,1931,137,20.86,
02OA039,2,1931,138,20.84,
02OA039,2,1931,139,20.82,
02OA039,2,1931,140,20.82,
02OA039,2,1931,141,20.83,
02OA039,2,1931,142,20.83,
02OA039,2,1931,143,20.79,
02OA039,2,1931,144,20.82,
02OA039,2,1931,145,20.85,
02OA039,2,1931,146,20.87,
02OA039,2,1931,147,20.88,
02OA039,2,1931,148,20.88,
02OA039,2,1931,149,20.86,
02OA039,2,1931,150,20.84,
02OA039,2,1931,151,20.83,
02OA039,2,1931,152,20.83,
02OA039,2,1931,153,20.82,
02OA039,2,1931,154,20.81,
02OA039,2,1931,155,20.81,
02OA039,2,1931,156,20.81,
02OA039,2,1931,157,20.8,
02OA039,2,1931,158,20.81,
02OA039,2,1931,159,20.83,
02OA039,2,1931,160,20.87,
02OA039,2,1931,161,20.89,
02OA039,2,1931,162,20.9,
02OA039,2,1931,163,20.89,
02OA039,2,1931,164,20.87,
02OA039,2,1931,165,20.84,
02OA039,2,1931,166,20.87,
02OA039,2,1931,167,20.86,
02OA039,2,1931,168,20.85,
02OA039,2,1931,169,20.84,
02OA039,2,1931,170,20.84,
02OA039,2,1931,171,20.82,
02OA039,2,1931,172,20.81,
02OA039,2,1931,173,20.79,
02OA039,2,1931,174,20.75,
02OA039,2,1931,175,20.72,
02OA039,2,1931,176,20.71,
02OA039,2,1931,177,20.71,
02OA039,2,1931,178,20.7,
02OA039,2,1931,179,20.68,
02OA039,2,1931,180,20.68,
02OA039,2,1931,181,20.68,
02OA039,2,1931,182,20.66,
02OA039,2,1931,183,20.65,
02OA039,2,1931,184,20.66,
02OA039,2,1931,185,20.65,
02OA039,2,1931,186,20.62,
02OA039,2,1931,187,20.62,
02OA039,2,1931,188,20.62,
02OA039,2,1931,189,20.62,
02OA039,2,1931,190,20.62,
02OA039,2,1931,191,20.62,
02OA039,2,1931,192,20.61,
02OA039,2,1931,193,20.6,
02OA039,2,1931,194,20.61,
02OA039,2,1931,195,20.61,
02OA039,2,1931,196,20.62,
02OA039,2,1931,197,20.62,
02OA039,2,1931,198,20.61,
02OA039,2,1931,199,20.6,
02OA039,2,1931,200,20.59,
02OA039,2,1931,201,20.61,
02OA039,2,1931,202,20.62,
02OA039,2,1931,203,20.65,
02OA039,2,1931,204,20.67,
02OA039,2,1931,205,20.66,
02OA039,2,1931,206,20.65,
02OA039,2,1931,207,20.63,
02OA039,2,1931,208,20.63,
02OA039,2,1931,209,20.62,
02OA039,2,1931,210,20.64,
02OA039,2,1931,211,20.64,
02OA039,2,1931,212,20.61,
02OA039,2,1931,213,20.58,
02OA039,2,1931,214,20.55,
02OA039,2,1931,215,20.56,
02OA039,2,1931,216,20.57,
02OA039,2,1931,217,20.58,
02OA039,2,1931,218,20.57,
02OA039,2,1931,219,20.56,
02OA039,2,1931,220,20.53,
02OA039,2,1931,221,20.49,
02OA039,2,1931,222,20.5,
02OA039,2,1931,223,20.5,
02OA039,2,1931,224,20.49,
02OA039,2,1931,225,20.47,
02OA039,2,1931,226,20.46,
02OA039,2,1931,227,20.48,
02OA039,2,1931,228,20.51,
02OA039,2,1931,229,20.54,
02OA039,2,1931,230,20.55,
02OA039,2,1931,231,20.54,
02OA039,2,1931,232,20.53,
02OA039,2,1931,233,20.52,
02OA039,2,1931,234,20.5,
02OA039,2,1931,235,20.48,
02OA039,2,1931,236,20.48,
02OA039,2,1931,237,20.48,
02OA039,2,1931,238,20.47,
02OA039,2,1931,239,20.43,
02OA039,2,1931,240,20.42,
02OA039,2,1931,241,20.44,
02OA039,2,1931,242,20.44,
02OA039,2,1931,243,20.46,
02OA039,2,1931,244,20.47,
02OA039,2,1931,245,20.48,
02OA039,2,1931,246,20.48,
02OA039,2,1931,247,20.47,
02OA039,2,1931,248,20.45,
02OA039,2,1931,249,20.44,
02OA039,2,1931,250,20.43,
02OA039,2,1931,251,20.43,
02OA039,2,1931,252,20.43,
02OA039,2,1931,253,20.44,
02OA039,2,1931,254,20.43,
02OA039,2,1931,255,20.42,
02OA039,2,1931,256,20.41,
02OA039,2,1931,257,20.42,
02OA039,2,1931,258,20.44,
02OA039,2,1931,259,20.42,
02OA039,2,1931,260,20.43,
02OA039,2,1931,261,20.41,
02OA039,2,1931,262,20.4,
02OA039,2,1931,263,20.36,
02OA039,2,1931,264,20.36,
02OA039,2,1931,265,20.4,
02OA039,2,1931,266,20.42,
02OA039,2,1931,267,20.43,
02OA039,2,1931,268,20.42,
02OA039,2,1931,269,20.4,
02OA039,2,1931,270,20.4,
02OA039,2,1931,271,20.42,
02OA039,2,1931,272,20.41,
02OA039,2,1931,273,20.4,
02OA039,2,1931,274,20.4,
02OA039,2,1931,275,20.41,
02OA039,2,1931,276,20.41,
02OA039,2,1931,277,20.41,
02OA039,2,1931,278,20.41,
02OA039,2,1931,279,20.4,
02OA039,2,1931,280,20.39,
02OA039,2,1931,281,20.37,
02OA039,2,1931,282,20.38,
02OA039,2,1931,283,20.35,
02OA039,2,1931,284,20.34,
02OA039,2,1931,285,20.35,
02OA039,2,1931,286,20.35,
02OA039,2,1931,287,20.34,
02OA039,2,1931,288,20.32,
02OA039,2,1931,289,20.33,
02OA039,2,1931,290,20.35,
02OA039,2,1931,291,20.33,
02OA039,2,1931,292,20.34,
02OA039,2,1931,293,20.36,
02OA039,2,1931,294,20.38,
02OA039,2,1931,295,20.38,
02OA039,2,1931,296,20.36,
02OA039,2,1931,297,20.32,
02OA039,2,1931,298,20.32,
02OA039,2,1931,299,20.34,
02OA039,2,1931,300,20.33,
02OA039,2,1931,301,20.33,
02OA039,2,1931,302,20.34,
02OA039,2,1931,303,20.36,
02OA039,2,1931,304,20.36,
02OA039,2,1931,305,20.35,
02OA039,2,1931,306,20.36,
02OA039,2,1931,307,20.36,
02OA039,2,1931,308,20.36,
02OA039,2,1931,309,20.38,
02OA039,2,1931,310,20.38,
02OA039,2,1931,311,20.36,
02OA039,2,1931,312,20.33,
02OA039,2,1931,313,20.33,
02OA039,2,1931,314,20.36,
02OA039,2,1931,315,20.35,
02OA039,2,1931,316,20.34,
02OA039,2,1931,317,20.35,
02OA039,2,1931,318,20.36,
02OA039,2,1931,319,20.34,
02OA039,2,1931,320,20.35,
02OA039,2,1931,321,20.38,
02OA039,2,1931,322,20.41,
02OA039,2,1931,323,20.41,
02OA039,2,1931,324,20.38,
02OA039,2,1931,325,20.37,
02OA039,2,1931,326,20.38,
02OA039,2,1931,327,20.4,
02OA039,2,1931,328,20.42,
02OA039,2,1931,329,20.42,
02OA039,2,1931,330,20.43,
02OA039,2,1931,331,20.43,
02OA039,2,1931,332,20.39,
02OA039,2,1931,333,20.37,
02OA039,2,1931,334,20.39,
02OA039,2,1931,335,20.41,
02OA039,2,1931,336,20.42,
02OA039,2,1931,337,20.42,
02OA039,2,1931,338,20.43,
02OA039,2,1931,339,20.43,
02OA039,2,1931,340,20.37,
02OA039,2,1931,341,20.37,
02OA039,2,1931,342,20.38,
02OA039,2,1931,343,20.4,
02OA039,2,1931,344,20.45,
02OA039,2,1931,345,20.44,
02OA039,2,1931,346,20.43,
02OA039,2,1931,347,20.44,
02OA039,2,1931,348,20.44,
02OA039,2,1931,349,20.43,
02OA039,2,1931,350,20.41,
02OA039,2,1931,351,20.46,
02OA039,2,1931,352,20.49,
02OA039,2,1931,353,20.48,
02OA039,2,1931,354,20.44,
02OA039,2,1931,355,20.41,
02OA039,2,1931,356,20.39,
02OA039,2,1931,357,20.39,
02OA039,2,1931,358,20.44,
02OA039,2,1931,359,20.51,
02OA039,2,1931,360,20.56,
02OA039,2,1931,361,20.52,
02OA039,2,1931,362,20.51,
02OA039,2,1931,363,20.49,
02OA039,2,1931,364,20.49,
02OA039,2,1931,365,20.5,
02OA039,2,1932,1,20.44,
02OA039,2,1932,2,20.39,
02OA039,2,1932,3,20.44,
02OA039,2,1932,4,20.57,
02OA039,2,1932,5,20.6,
02OA039,2,1932,6,20.48,
02OA039,2,1932,7,20.48,
02OA039,2,1932,8,20.58,
02OA039,2,1932,9,20.6,
02OA039,2,1932,10,20.55,
02OA039,2,1932,11,20.51,
02OA039,2,1932,12,20.47,
02OA039,2,1932,13,20.52,
02OA039,2,1932,14,20.67,
02OA039,2,1932,15,20.84,
02OA039,2,1932,16,20.95,
02OA039,2,1932,17,20.9,
02OA039,2,1932,18,20.86,
02OA039,2,1932,19,20.88,
02OA039,2,1932,20,20.87,
02OA039,2,1932,21,20.8,
02OA039,2,1932,22,20.73,
02OA039,2,1932,23,20.7,
02OA039,2,1932,24,20.69,
02OA039,2,1932,25,20.71,
02OA039,2,1932,26,20.71,
02OA039,2,1932,27,20.7,
02OA039,2,1932,28,20.71,
02OA039,2,1932,29,20.7,
02OA039,2,1932,30,20.7,
02OA039,2,1932,31,20.72,
02OA039,2,1932,32,20.79,
02OA039,2,1932,33,20.88,
02OA039,2,1932,34,20.97,
02OA039,2,1932,35,21.07,
02OA039,2,1932,36,21.11,
02OA039,2,1932,37,21.1,
02OA039,2,1932,38,21.02,
02OA039,2,1932,39,20.99,
02OA039,2,1932,40,20.98,
02OA039,2,1932,41,21.08,
02OA039,2,1932,42,21.09,
02OA039,2,1932,43,21.06,
02OA039,2,1932,44,21.07,
02OA039,2,1932,45,21.11,
02OA039,2,1932,46,21.22,
02OA039,2,1932,47,21.24,
02OA039,2,1932,48,21.1,
02OA039,2,1932,49,21.01,
02OA039,2,1932,50,21.07,
02OA039,2,1932,51,21.12,
02OA039,2,1932,52,21.13,
02OA039,2,1932,53,21.14,
02OA039,2,1932,54,21.06,
02OA039,2,1932,55,21.03,
02OA039,2,1932,56,21.05,
02OA039,2,1932,57,20.92,
02OA039,2,1932,58,20.92,
02OA039,2,1932,59,20.87,
02OA039,2,1932,60,20.82,
02OA039,2,1932,61,20.8,
02OA039,2,1932,62,20.74,
02OA039,2,1932,63,20.71,
02OA039,2,1932,64,20.73,
02OA039,2,1932,65,20.7,
02OA039,2,1932,66,20.69,
02OA039,2,1932,67,20.72,
02OA039,2,1932,68,20.75,
02OA039,2,1932,69,20.77,
02OA039,2,1932,70,20.84,
02OA039,2,1932,71,20.81,
02OA039,2,1932,72,20.9,
02OA039,2,1932,73,20.92,
02OA039,2,1932,74,20.89,
02OA039,2,1932,75,20.84,
02OA039,2,1932,76,20.83,
02OA039,2,1932,77,20.89,
02OA039,2,1932,78,20.82,
02OA039,2,1932,79,20.81,
02OA039,2,1932,80,20.89,
02OA039,2,1932,81,20.9,
02OA039,2,1932,82,20.82,
02OA039,2,1932,83,20.72,
02OA039,2,1932,84,20.74,
02OA039,2,1932,85,20.75,
02OA039,2,1932,86,20.72,
02OA039,2,1932,87,20.7,
02OA039,2,1932,88,20.79,
02OA039,2,1932,89,20.83,
02OA039,2,1932,90,20.83,
02OA039,2,1932,91,20.89,
02OA039,2,1932,92,21.1,
02OA039,2,1932,93,21.29,
02OA039,2,1932,94,21.31,
02OA039,2,1932,95,21.27,
02OA039,2,1932,96,21.21,
02OA039,2,1932,97,21.16,
02OA039,2,1932,98,21.19,
02OA039,2,1932,99,21.25,
02OA039,2,1932,100,21.42,
02OA039,2,1932,101,21.56,
02OA039,2,1932,102,21.66,
02OA039,2,1932,103,21.83,
02OA039,2,1932,104,21.99,
02OA039,2,1932,105,21.99,
02OA039,2,1932,106,21.86,
02OA039,2,1932,107,21.72,
02OA039,2,1932,108,21.6,
02OA039,2,1932,109,21.53,
02OA039,2,1932,110,21.49,
02OA039,2,1932,111,21.49,
02OA039,2,1932,112,21.5,
02OA039,2,1932,113,21.5,
02OA039,2,1932,114,21.49,
02OA039,2,1932,115,21.48,
02OA039,2,1932,116,21.49,
02OA039,2,1932,117,21.47,
02OA039,2,1932,118,21.48,
02OA039,2,1932,119,21.48,
02OA039,2,1932,120,21.46,
02OA039,2,1932,121,21.43,
02OA039,2,1932,122,21.4,
02OA039,2,1932,123,21.43,
02OA039,2,1932,124,21.44,
02OA039,2,1932,125,21.43,
02OA039,2,1932,126,21.41,
02OA039,2,1932,127,21.39,
02OA039,2,1932,128,21.34,
02OA039,2,1932,129,21.3,
02OA039,2,1932,130,21.28,
02OA039,2,1932,131,21.26,
02OA039,2,1932,132,21.26,
02OA039,2,1932,133,21.25,
02OA039,2,1932,134,21.25,
02OA039,2,1932,135,21.24,
02OA039,2,1932,136,21.22,
02OA039,2,1932,137,21.21,
02OA039,2,1932,138,21.18,
02OA039,2,1932,139,21.17,
02OA039,2,1932,140,21.16,
02OA039,2,1932,141,21.14,
02OA039,2,1932,142,21.13,
02OA039,2,1932,143,21.1,
02OA039,2,1932,144,21.09,
02OA039,2,1932,145,21.08,
02OA039,2,1932,146,21.09,
02OA039,2,1932,147,21.08,
02OA039,2,1932,148,21.05,
02OA039,2,1932,149,21.06,
02OA039,2,1932,150,21.07,
02OA039,2,1932,151,21.09,
02OA039,2,1932,152,21.11,
02OA039,2,1932,153,21.11,
02OA039,2,1932,154,21.08,
02OA039,2,1932,155,21.07,
02OA039,2,1932,156,21.06,
02OA039,2,1932,157,21.06,
02OA039,2,1932,158,21.07,
02OA039,2,1932,159,21.03,
02OA039,2,1932,160,21,
02OA039,2,1932,161,20.98,
02OA039,2,1932,162,20.98,
02OA039,2,1932,163,20.97,
02OA039,2,1932,164,20.96,
02OA039,2,1932,165,20.98,
02OA039,2,1932,166,20.96,
02OA039,2,1932,167,20.94,
02OA039,2,1932,168,20.92,
02OA039,2,1932,169,20.9,
02OA039,2,1932,170,20.89,
02OA039,2,1932,171,20.88,
02OA039,2,1932,172,20.88,
02OA039,2,1932,173,20.87,
02OA039,2,1932,174,20.88,
02OA039,2,1932,175,20.88,
02OA039,2,1932,176,20.86,
02OA039,2,1932,177,20.86,
02OA039,2,1932,178,20.84,
02OA039,2,1932,179,20.84,
02OA039,2,1932,180,20.83,
02OA039,2,1932,181,20.82,
02OA039,2,1932,182,20.82,
02OA039,2,1932,183,20.81,
02OA039,2,1932,184,20.81,
02OA039,2,1932,185,20.81,
02OA039,2,1932,186,20.83,
02OA039,2,1932,187,20.83,
02OA039,2,1932,188,20.82,
02OA039,2,1932,189,20.83,
02OA039,2,1932,190,20.85,
02OA039,2,1932,191,20.87,
02OA039,2,1932,192,20.9,
02OA039,2,1932,193,20.93,
02OA039,2,1932,194,20.93,
02OA039,2,1932,195,20.93,
02OA039,2,1932,196,20.92,
02OA039,2,1932,197,20.89,
02OA039,2,1932,198,20.88,
02OA039,2,1932,199,20.87,
02OA039,2,1932,200,20.89,
02OA039,2,1932,201,20.87,
02OA039,2,1932,202,20.86,
02OA039,2,1932,203,20.86,
02OA039,2,1932,204,20.86,
02OA039,2,1932,205,20.86,
02OA039,2,1932,206,20.84,
02OA039,2,1932,207,20.85,
02OA039,2,1932,208,20.85,
02OA039,2,1932,209,20.84,
02OA039,2,1932,210,20.82,
02OA039,2,1932,211,20.8,
02OA039,2,1932,212,20.79,
02OA039,2,1932,213,20.79,
02OA039,2,1932,214,20.79,
02OA039,2,1932,215,20.77,
02OA039,2,1932,216,20.76,
02OA039,2,1932,217,20.77,
02OA039,2,1932,218,20.78,
02OA039,2,1932,219,20.79,
02OA039,2,1932,220,20.78,
02OA039,2,1932,221,20.77,
02OA039,2,1932,222,20.77,
02OA039,2,1932,223,20.76,
02OA039,2,1932,224,20.75,
02OA039,2,1932,225,20.74,
02OA039,2,1932,226,20.73,
02OA039,2,1932,227,20.73,
02OA039,2,1932,228,20.74,
02OA039,2,1932,229,20.74,
02OA039,2,1932,230,20.72,
02OA039,2,1932,231,20.75,
02OA039,2,1932,232,20.77,
02OA039,2,1932,233,20.76,
02OA039,2,1932,234,20.75,
02OA039,2,1932,235,20.76,
02OA039,2,1932,236,20.77,
02OA039,2,1932,237,20.77,
02OA039,2,1932,238,20.76,
02OA039,2,1932,239,20.77,
02OA039,2,1932,240,20.8,
02OA039,2,1932,241,20.81,
02OA039,2,1932,242,20.82,
02OA039,2,1932,243,20.82,
02OA039,2,1932,244,20.82,
02OA039,2,1932,245,20.84,
02OA039,2,1932,246,20.82,
02OA039,2,1932,247,20.79,
02OA039,2,1932,248,20.8,
02OA039,2,1932,249,20.82,
02OA039,2,1932,250,20.83,
02OA039,2,1932,251,20.83,
02OA039,2,1932,252,20.85,
02OA039,2,1932,253,20.85,
02OA039,2,1932,254,20.87,
02OA039,2,1932,255,20.88,
02OA039,2,1932,256,20.91,
02OA039,2,1932,257,20.9,
02OA039,2,1932,258,20.89,
02OA039,2,1932,259,20.88,
02OA039,2,1932,260,20.85,
02OA039,2,1932,261,20.81,
02OA039,2,1932,262,20.77,
02OA039,2,1932,263,20.77,
02OA039,2,1932,264,20.76,
02OA039,2,1932,265,20.75,
02OA039,2,1932,266,20.75,
02OA039,2,1932,267,20.72,
02OA039,2,1932,268,20.69,
02OA039,2,1932,269,20.68,
02OA039,2,1932,270,20.68,
02OA039,2,1932,271,20.69,
02OA039,2,1932,272,20.68,
02OA039,2,1932,273,20.68,
02OA039,2,1932,274,20.66,
02OA039,2,1932,275,20.67,
02OA039,2,1932,276,20.67,
02OA039,2,1932,277,20.68,
02OA039,2,1932,278,20.67,
02OA039,2,1932,279,20.68,
02OA039,2,1932,280,20.75,
02OA039,2,1932,281,20.83,
02OA039,2,1932,282,20.92,
02OA039,2,1932,283,20.97,
02OA039,2,1932,284,20.97,
02OA039,2,1932,285,20.96,
02OA039,2,1932,286,20.92,
02OA039,2,1932,287,20.91,
02OA039,2,1932,288,20.88,
02OA039,2,1932,289,20.87,
02OA039,2,1932,290,20.87,
02OA039,2,1932,291,20.9,
02OA039,2,1932,292,20.87,
02OA039,2,1932,293,20.86,
02OA039,2,1932,294,20.84,
02OA039,2,1932,295,20.86,
02OA039,2,1932,296,20.9,
02OA039,2,1932,297,20.91,
02OA039,2,1932,298,20.91,
02OA039,2,1932,299,20.89,
02OA039,2,1932,300,20.91,
02OA039,2,1932,301,20.93,
02OA039,2,1932,302,20.95,
02OA039,2,1932,303,20.96,
02OA039,2,1932,304,20.95,
02OA039,2,1932,305,20.97,
02OA039,2,1932,306,20.99,
02OA039,2,1932,307,21.03,
02OA039,2,1932,308,21.07,
02OA039,2,1932,309,21.07,
02OA039,2,1932,310,21.09,
02OA039,2,1932,311,21.1,
02OA039,2,1932,312,21.09,
02OA039,2,1932,313,21.04,
02OA039,2,1932,314,20.96,
02OA039,2,1932,315,20.9,
02OA039,2,1932,316,21,
02OA039,2,1932,317,21.1,
02OA039,2,1932,318,21.14,
02OA039,2,1932,319,21.18,
02OA039,2,1932,320,21.18,
02OA039,2,1932,321,21.13,
02OA039,2,1932,322,21.09,
02OA039,2,1932,323,21.03,
02OA039,2,1932,324,21.01,
02OA039,2,1932,325,21.07,
02OA039,2,1932,326,21.11,
02OA039,2,1932,327,21.11,
02OA039,2,1932,328,21.06,
02OA039,2,1932,329,21.01,
02OA039,2,1932,330,21.01,
02OA039,2,1932,331,21,
02OA039,2,1932,332,20.95,
02OA039,2,1932,333,20.91,
02OA039,2,1932,334,20.86,
02OA039,2,1932,335,20.79,
02OA039,2,1932,336,20.75,
02OA039,2,1932,337,20.71,
02OA039,2,1932,338,20.7,
02OA039,2,1932,339,20.69,
02OA039,2,1932,340,20.72,
02OA039,2,1932,341,20.75,
02OA039,2,1932,342,20.75,
02OA039,2,1932,343,20.76,
02OA039,2,1932,344,20.75,
02OA039,2,1932,345,20.74,
02OA039,2,1932,346,20.71,
02OA039,2,1932,347,20.67,
02OA039,2,1932,348,20.74,
02OA039,2,1932,349,20.86,
02OA039,2,1932,350,20.91,
02OA039,2,1932,351,20.93,
02OA039,2,1932,352,20.91,
02OA039,2,1932,353,20.96,
02OA039,2,1932,354,21.07,
02OA039,2,1932,355,21.05,
02OA039,2,1932,356,21.02,
02OA039,2,1932,357,20.85,
02OA039,2,1932,358,20.76,
02OA039,2,1932,359,20.71,
02OA039,2,1932,360,20.68,
02OA039,2,1932,361,20.77,
02OA039,2,1932,362,20.84,
02OA039,2,1932,363,20.82,
02OA039,2,1932,364,20.77,
02OA039,2,1932,365,20.72,
02OA039,2,1932,366,20.71,
02OA039,2,1933,1,20.72,
02OA039,2,1933,2,20.86,
02OA039,2,1933,3,20.87,
02OA039,2,1933,4,20.78,
02OA039,2,1933,5,20.74,
02OA039,2,1933,6,20.74,
02OA039,2,1933,7,20.73,
02OA039,2,1933,8,20.71,
02OA039,2,1933,9,20.7,
02OA039,2,1933,10,20.73,
02OA039,2,1933,11,20.8,
02OA039,2,1933,12,20.77,
02OA039,2,1933,13,20.83,
02OA039,2,1933,14,20.89,
02OA039,2,1933,15,20.98,
02OA039,2,1933,16,20.89,
02OA039,2,1933,17,20.73,
02OA039,2,1933,18,20.68,
02OA039,2,1933,19,20.63,
02OA039,2,1933,20,20.63,
02OA039,2,1933,21,20.72,
02OA039,2,1933,22,20.75,
02OA039,2,1933,23,20.75,
02OA039,2,1933,24,20.75,
02OA039,2,1933,25,20.71,
02OA039,2,1933,26,20.66,
02OA039,2,1933,27,20.62,
02OA039,2,1933,28,20.58,
02OA039,2,1933,29,20.57,
02OA039,2,1933,30,20.56,
02OA039,2,1933,31,20.62,
02OA039,2,1933,32,20.61,
02OA039,2,1933,33,20.6,
02OA039,2,1933,34,20.61,
02OA039,2,1933,35,20.64,
02OA039,2,1933,36,20.66,
02OA039,2,1933,37,20.64,
02OA039,2,1933,38,20.75,
02OA039,2,1933,39,20.85,
02OA039,2,1933,40,20.8,
02OA039,2,1933,41,20.79,
02OA039,2,1933,42,20.88,
02OA039,2,1933,43,20.87,
02OA039,2,1933,44,20.89,
02OA039,2,1933,45,20.84,
02OA039,2,1933,46,20.73,
02OA039,2,1933,47,20.7,
02OA039,2,1933,48,20.7,
02OA039,2,1933,49,20.64,
02OA039,2,1933,50,20.61,
02OA039,2,1933,51,20.57,
02OA039,2,1933,52,20.57,
02OA039,2,1933,53,20.61,
02OA039,2,1933,54,20.6,
02OA039,2,1933,55,20.59,
02OA039,2,1933,56,20.62,
02OA039,2,1933,57,20.58,
02OA039,2,1933,58,20.5,
02OA039,2,1933,59,20.48,
02OA039,2,1933,60,20.51,
02OA039,2,1933,61,20.5,
02OA039,2,1933,62,20.52,
02OA039,2,1933,63,20.48,
02OA039,2,1933,64,20.47,
02OA039,2,1933,65,20.54,
02OA039,2,1933,66,20.58,
02OA039,2,1933,67,20.56,
02OA039,2,1933,68,20.56,
02OA039,2,1933,69,20.57,
02OA039,2,1933,70,20.59,
02OA039,2,1933,71,20.63,
02OA039,2,1933,72,20.65,
02OA039,2,1933,73,20.56,
02OA039,2,1933,74,20.54,
02OA039,2,1933,75,20.58,
02OA039,2,1933,76,20.63,
02OA039,2,1933,77,20.61,
02OA039,2,1933,78,20.55,
02OA039,2,1933,79,20.5,
02OA039,2,1933,80,20.47,
02OA039,2,1933,81,20.47,
02OA039,2,1933,82,20.54,
02OA039,2,1933,83,20.6,
02OA039,2,1933,84,20.59,
02OA039,2,1933,85,20.57,
02OA039,2,1933,86,20.57,
02OA039,2,1933,87,20.57,
02OA039,2,1933,88,20.59,
02OA039,2,1933,89,20.62,
02OA039,2,1933,90,20.64,
02OA039,2,1933,91,20.66,
02OA039,2,1933,92,20.76,
02OA039,2,1933,93,21.02,
02OA039,2,1933,94,21.25,
02OA039,2,1933,95,21.4,
02OA039,2,1933,96,21.44,
02OA039,2,1933,97,21.45,
02OA039,2,1933,98,21.54,
02OA039,2,1933,99,21.6,
02OA039,2,1933,100,21.55,
02OA039,2,1933,101,21.46,
02OA039,2,1933,102,21.47,
02OA039,2,1933,103,21.61,
02OA039,2,1933,104,21.65,
02OA039,2,1933,105,21.61,
02OA039,2,1933,106,21.57,
02OA039,2,1933,107,21.6,
02OA039,2,1933,108,21.72,
02OA039,2,1933,109,21.84,
02OA039,2,1933,110,21.84,
02OA039,2,1933,111,21.81,
02OA039,2,1933,112,21.77,
02OA039,2,1933,113,21.74,
02OA039,2,1933,114,21.75,
02OA039,2,1933,115,21.76,
02OA039,2,1933,116,21.73,
02OA039,2,1933,117,21.68,
02OA039,2,1933,118,21.66,
02OA039,2,1933,119,21.62,
02OA039,2,1933,120,21.56,
02OA039,2,1933,121,21.53,
02OA039,2,1933,122,21.51,
02OA039,2,1933,123,21.59,
02OA039,2,1933,124,21.76,
02OA039,2,1933,125,21.81,
02OA039,2,1933,126,21.74,
02OA039,2,1933,127,21.68,
02OA039,2,1933,128,21.66,
02OA039,2,1933,129,21.62,
02OA039,2,1933,130,21.6,
02OA039,2,1933,131,21.6,
02OA039,2,1933,132,21.55,
02OA039,2,1933,133,21.53,
02OA039,2,1933,134,21.52,
02OA039,2,1933,135,21.52,
02OA039,2,1933,136,21.48,
02OA039,2,1933,137,21.41,
02OA039,2,1933,138,21.36,
02OA039,2,1933,139,21.33,
02OA039,2,1933,140,21.3,
02OA039,2,1933,141,21.28,
02OA039,2,1933,142,21.3,
02OA039,2,1933,143,21.31,
02OA039,2,1933,144,21.27,
02OA039,2,1933,145,21.23,
02OA039,2,1933,146,21.22,
02OA039,2,1933,147,21.21,
02OA039,2,1933,148,21.22,
02OA039,2,1933,149,21.21,
02OA039,2,1933,150,21.19,
02OA039,2,1933,151,21.17,
02OA039,2,1933,152,21.14,
02OA039,2,1933,153,21.14,
02OA039,2,1933,154,21.1,
02OA039,2,1933,155,21.09,
02OA039,2,1933,156,21.1,
02OA039,2,1933,157,21.08,
02OA039,2,1933,158,21.05,
02OA039,2,1933,159,21.02,
02OA039,2,1933,160,20.99,
02OA039,2,1933,161,20.96,
02OA039,2,1933,162,20.95,
02OA039,2,1933,163,20.97,
02OA039,2,1933,164,20.97,
02OA039,2,1933,165,20.96,
02OA039,2,1933,166,20.94,
02OA039,2,1933,167,20.93,
02OA039,2,1933,168,20.92,
02OA039,2,1933,169,20.89,
02OA039,2,1933,170,20.89,
02OA039,2,1933,171,20.88,
02OA039,2,1933,172,20.86,
02OA039,2,1933,173,20.83,
02OA039,2,1933,174,20.83,
02OA039,2,1933,175,20.82,
02OA039,2,1933,176,20.81,
02OA039,2,1933,177,20.82,
02OA039,2,1933,178,20.8,
02OA039,2,1933,179,20.79,
02OA039,2,1933,180,20.76,
02OA039,2,1933,181,20.74,
02OA039,2,1933,182,20.73,
02OA039,2,1933,183,20.72,
02OA039,2,1933,184,20.72,
02OA039,2,1933,185,20.69,
02OA039,2,1933,186,20.68,
02OA039,2,1933,187,20.68,
02OA039,2,1933,188,20.7,
02OA039,2,1933,189,20.69,
02OA039,2,1933,190,20.67,
02OA039,2,1933,191,20.66,
02OA039,2,1933,192,20.65,
02OA039,2,1933,193,20.64,
02OA039,2,1933,194,20.64,
02OA039,2,1933,195,20.64,
02OA039,2,1933,196,20.64,
02OA039,2,1933,197,20.62,
02OA039,2,1933,198,20.64,
02OA039,2,1933,199,20.62,
02OA039,2,1933,200,20.61,
02OA039,2,1933,201,20.6,
02OA039,2,1933,202,20.6,
02OA039,2,1933,203,20.61,
02OA039,2,1933,204,20.6,
02OA039,2,1933,205,20.6,
02OA039,2,1933,206,20.59,
02OA039,2,1933,207,20.57,
02OA039,2,1933,208,20.55,
02OA039,2,1933,209,20.56,
02OA039,2,1933,210,20.59,
02OA039,2,1933,211,20.59,
02OA039,2,1933,212,20.6,
02OA039,2,1933,213,20.59,
02OA039,2,1933,214,20.59,
02OA039,2,1933,215,20.57,
02OA039,2,1933,216,20.56,
02OA039,2,1933,217,20.53,
02OA039,2,1933,218,20.51,
02OA039,2,1933,219,20.52,
02OA039,2,1933,220,20.53,
02OA039,2,1933,221,20.54,
02OA039,2,1933,222,20.53,
02OA039,2,1933,223,20.53,
02OA039,2,1933,224,20.52,
02OA039,2,1933,225,20.53,
02OA039,2,1933,226,20.54,
02OA039,2,1933,227,20.54,
02OA039,2,1933,228,20.52,
02OA039,2,1933,229,20.52,
02OA039,2,1933,230,20.54,
02OA039,2,1933,231,20.54,
02OA039,2,1933,232,20.51,
02OA039,2,1933,233,20.49,
02OA039,2,1933,234,20.47,
02OA039,2,1933,235,20.44,
02OA039,2,1933,236,20.44,
02OA039,2,1933,237,20.48,
02OA039,2,1933,238,20.49,
02OA039,2,1933,239,20.51,
02OA039,2,1933,240,20.52,
02OA039,2,1933,241,20.49,
02OA039,2,1933,242,20.47,
02OA039,2,1933,243,20.47,
02OA039,2,1933,244,20.46,
02OA039,2,1933,245,20.46,
02OA039,2,1933,246,20.44,
02OA039,2,1933,247,20.43,
02OA039,2,1933,248,20.43,
02OA039,2,1933,249,20.42,
02OA039,2,1933,250,20.41,
02OA039,2,1933,251,20.41,
02OA039,2,1933,252,20.41,
02OA039,2,1933,253,20.4,
02OA039,2,1933,254,20.42,
02OA039,2,1933,255,20.4,
02OA039,2,1933,256,20.39,
02OA039,2,1933,257,20.38,
02OA039,2,1933,258,20.35,
02OA039,2,1933,259,20.32,
02OA039,2,1933,260,20.3,
02OA039,2,1933,261,20.35,
02OA039,2,1933,262,20.4,
02OA039,2,1933,263,20.42,
02OA039,2,1933,264,20.4,
02OA039,2,1933,265,20.39,
02OA039,2,1933,266,20.36,
02OA039,2,1933,267,20.33,
02OA039,2,1933,268,20.35,
02OA039,2,1933,269,20.35,
02OA039,2,1933,270,20.35,
02OA039,2,1933,271,20.35,
02OA039,2,1933,272,20.33,
02OA039,2,1933,273,20.31,
02OA039,2,1933,274,20.32,
02OA039,2,1933,275,20.37,
02OA039,2,1933,276,20.38,
02OA039,2,1933,277,20.35,
02OA039,2,1933,278,20.32,
02OA039,2,1933,279,20.3,
02OA039,2,1933,280,20.27,
02OA039,2,1933,281,20.21,
02OA039,2,1933,282,20.19,
02OA039,2,1933,283,20.25,
02OA039,2,1933,284,20.29,
02OA039,2,1933,285,20.3,
02OA039,2,1933,286,20.31,
02OA039,2,1933,287,20.28,
02OA039,2,1933,288,20.26,
02OA039,2,1933,289,20.28,
02OA039,2,1933,290,20.32,
02OA039,2,1933,291,20.31,
02OA039,2,1933,292,20.3,
02OA039,2,1933,293,20.29,
02OA039,2,1933,294,20.27,
02OA039,2,1933,295,20.25,
02OA039,2,1933,296,20.28,
02OA039,2,1933,297,20.28,
02OA039,2,1933,298,20.27,
02OA039,2,1933,299,20.27,
02OA039,2,1933,300,20.25,
02OA039,2,1933,301,20.24,
02OA039,2,1933,302,20.22,
02OA039,2,1933,303,20.22,
02OA039,2,1933,304,20.23,
02OA039,2,1933,305,20.22,
02OA039,2,1933,306,20.21,
02OA039,2,1933,307,20.25,
02OA039,2,1933,308,20.24,
02OA039,2,1933,309,20.19,
02OA039,2,1933,310,20.15,
02OA039,2,1933,311,20.13,
02OA039,2,1933,312,20.14,
02OA039,2,1933,313,20.16,
02OA039,2,1933,314,20.15,
02OA039,2,1933,315,20.17,
02OA039,2,1933,316,20.19,
02OA039,2,1933,317,20.2,
02OA039,2,1933,318,20.2,
02OA039,2,1933,319,20.19,
02OA039,2,1933,320,20.18,
02OA039,2,1933,321,20.24,
02OA039,2,1933,322,20.28,
02OA039,2,1933,323,20.23,
02OA039,2,1933,324,20.21,
02OA039,2,1933,325,20.21,
02OA039,2,1933,326,20.19,
02OA039,2,1933,327,20.18,
02OA039,2,1933,328,20.17,
02OA039,2,1933,329,20.14,
02OA039,2,1933,330,20.14,
02OA039,2,1933,331,20.18,
02OA039,2,1933,332,20.23,
02OA039,2,1933,333,20.26,
02OA039,2,1933,334,20.21,
02OA039,2,1933,335,20.23,
02OA039,2,1933,336,20.32,
02OA039,2,1933,337,20.35,
02OA039,2,1933,338,20.32,
02OA039,2,1933,339,20.3,
02OA039,2,1933,340,20.27,
02OA039,2,1933,341,20.29,
02OA039,2,1933,342,20.3,
02OA039,2,1933,343,20.26,
02OA039,2,1933,344,20.18,
02OA039,2,1933,345,20.3,
02OA039,2,1933,346,20.34,
02OA039,2,1933,347,20.44,
02OA039,2,1933,348,20.54,
02OA039,2,1933,349,20.65,
02OA039,2,1933,350,20.67,
02OA039,2,1933,351,20.64,
02OA039,2,1933,352,20.6,
02OA039,2,1933,353,20.6,
02OA039,2,1933,354,20.56,
02OA039,2,1933,355,20.6,
02OA039,2,1933,356,20.66,
02OA039,2,1933,357,20.74,
02OA039,2,1933,358,20.72,
02OA039,2,1933,359,20.64,
02OA039,2,1933,360,20.62,
02OA039,2,1933,361,20.65,
02OA039,2,1933,362,20.66,
02OA039,2,1933,363,20.54,
02OA039,2,1933,364,20.44,
02OA039,2,1933,365,20.32,
02OA039,2,1934,1,20.29,
02OA039,2,1934,2,20.32,
02OA039,2,1934,3,20.37,
02OA039,2,1934,4,20.38,
02OA039,2,1934,5,20.38,
02OA039,2,1934,6,20.5,
02OA039,2,1934,7,20.54,
02OA039,2,1934,8,20.51,
02OA039,2,1934,9,20.47,
02OA039,2,1934,10,20.5,
02OA039,2,1934,11,20.5,
02OA039,2,1934,12,20.41,
02OA039,2,1934,13,20.29,
02OA039,2,1934,14,20.22,
02OA039,2,1934,15,20.26,
02OA039,2,1934,16,20.35,
02OA039,2,1934,17,20.36,
02OA039,2,1934,18,20.31,
02OA039,2,1934,19,20.25,
02OA039,2,1934,20,20.27,
02OA039,2,1934,21,20.31,
02OA039,2,1934,22,20.26,
02OA039,2,1934,23,20.25,
02OA039,2,1934,24,20.28,
02OA039,2,1934,25,20.41,
02OA039,2,1934,26,20.51,
02OA039,2,1934,27,20.6,
02OA039,2,1934,28,20.63,
02OA039,2,1934,29,20.56,
02OA039,2,1934,30,20.49,
02OA039,2,1934,31,20.38,
02OA039,2,1934,32,20.28,
02OA039,2,1934,33,20.19,
02OA039,2,1934,34,20.14,
02OA039,2,1934,35,20.14,
02OA039,2,1934,36,20.21,
02OA039,2,1934,37,20.33,
02OA039,2,1934,38,20.55,
02OA039,2,1934,39,20.55,
02OA039,2,1934,40,20.45,
02OA039,2,1934,41,20.52,
02OA039,2,1934,42,20.6,
02OA039,2,1934,43,20.63,
02OA039,2,1934,44,20.64,
02OA039,2,1934,45,20.6,
02OA039,2,1934,46,20.55,
02OA039,2,1934,47,20.56,
02OA039,2,1934,48,20.55,
02OA039,2,1934,49,20.5,
02OA039,2,1934,50,20.53,
02OA039,2,1934,51,20.57,
02OA039,2,1934,52,20.54,
02OA039,2,1934,53,20.59,
02OA039,2,1934,54,20.59,
02OA039,2,1934,55,20.53,
02OA039,2,1934,56,20.51,
02OA039,2,1934,57,20.56,
02OA039,2,1934,58,20.56,
02OA039,2,1934,59,20.58,
02OA039,2,1934,60,20.68,
02OA039,2,1934,61,20.61,
02OA039,2,1934,62,20.47,
02OA039,2,1934,63,20.38,
02OA039,2,1934,64,20.39,
02OA039,2,1934,65,20.55,
02OA039,2,1934,66,20.59,
02OA039,2,1934,67,20.53,
02OA039,2,1934,68,20.5,
02OA039,2,1934,69,20.51,
02OA039,2,1934,70,20.49,
02OA039,2,1934,71,20.51,
02OA039,2,1934,72,20.54,
02OA039,2,1934,73,20.5,
02OA039,2,1934,74,20.5,
02OA039,2,1934,75,20.49,
02OA039,2,1934,76,20.46,
02OA039,2,1934,77,20.44,
02OA039,2,1934,78,20.53,
02OA039,2,1934,79,20.6,
02OA039,2,1934,80,20.64,
02OA039,2,1934,81,20.65,
02OA039,2,1934,82,20.7,
02OA039,2,1934,83,20.7,
02OA039,2,1934,84,20.68,
02OA039,2,1934,85,20.64,
02OA039,2,1934,86,20.58,
02OA039,2,1934,87,20.54,
02OA039,2,1934,88,20.6,
02OA039,2,1934,89,20.61,
02OA039,2,1934,90,20.6,
02OA039,2,1934,91,20.65,
02OA039,2,1934,92,20.95,
02OA039,2,1934,93,21.28,
02OA039,2,1934,94,21.48,
02OA039,2,1934,95,21.44,
02OA039,2,1934,96,21.4,
02OA039,2,1934,97,21.35,
02OA039,2,1934,98,21.34,
02OA039,2,1934,99,21.46,
02OA039,2,1934,100,21.52,
02OA039,2,1934,101,21.52,
02OA039,2,1934,102,21.65,
02OA039,2,1934,103,21.97,
02OA039,2,1934,104,22.01,
02OA039,2,1934,105,21.83,
02OA039,2,1934,106,21.71,
02OA039,2,1934,107,21.57,
02OA039,2,1934,108,21.49,
02OA039,2,1934,109,21.45,
02OA039,2,1934,110,21.43,
02OA039,2,1934,111,21.43,
02OA039,2,1934,112,21.37,
02OA039,2,1934,113,21.33,
02OA039,2,1934,114,21.32,
02OA039,2,1934,115,21.33,
02OA039,2,1934,116,21.35,
02OA039,2,1934,117,21.36,
02OA039,2,1934,118,21.36,
02OA039,2,1934,119,21.32,
02OA039,2,1934,120,21.28,
02OA039,2,1934,121,21.26,
02OA039,2,1934,122,21.25,
02OA039,2,1934,123,21.24,
02OA039,2,1934,124,21.23,
02OA039,2,1934,125,21.23,
02OA039,2,1934,126,21.28,
02OA039,2,1934,127,21.39,
02OA039,2,1934,128,21.46,
02OA039,2,1934,129,21.5,
02OA039,2,1934,130,21.51,
02OA039,2,1934,131,21.56,
02OA039,2,1934,132,21.57,
02OA039,2,1934,133,21.52,
02OA039,2,1934,134,21.54,
02OA039,2,1934,135,21.53,
02OA039,2,1934,136,21.49,
02OA039,2,1934,137,21.46,
02OA039,2,1934,138,21.42,
02OA039,2,1934,139,21.38,
02OA039,2,1934,140,21.28,
02OA039,2,1934,141,21.28,
02OA039,2,1934,142,21.28,
02OA039,2,1934,143,21.26,
02OA039,2,1934,144,21.21,
02OA039,2,1934,145,21.19,
02OA039,2,1934,146,21.16,
02OA039,2,1934,147,21.1,
02OA039,2,1934,148,21.1,
02OA039,2,1934,149,21.11,
02OA039,2,1934,150,21.1,
02OA039,2,1934,151,21.04,
02OA039,2,1934,152,20.99,
02OA039,2,1934,153,20.93,
02OA039,2,1934,154,20.93,
02OA039,2,1934,155,20.91,
02OA039,2,1934,156,20.88,
02OA039,2,1934,157,20.83,
02OA039,2,1934,158,20.79,
02OA039,2,1934,159,20.75,
02OA039,2,1934,160,20.7,
02OA039,2,1934,161,20.72,
02OA039,2,1934,162,20.76,
02OA039,2,1934,163,20.77,
02OA039,2,1934,164,20.68,
02OA039,2,1934,165,20.68,
02OA039,2,1934,166,20.7,
02OA039,2,1934,167,20.71,
02OA039,2,1934,168,20.68,
02OA039,2,1934,169,20.69,
02OA039,2,1934,170,20.75,
02OA039,2,1934,171,20.79,
02OA039,2,1934,172,20.82,
02OA039,2,1934,173,20.81,
02OA039,2,1934,174,20.79,
02OA039,2,1934,175,20.77,
02OA039,2,1934,176,20.77,
02OA039,2,1934,177,20.78,
02OA039,2,1934,178,20.74,
02OA039,2,1934,179,20.71,
02OA039,2,1934,180,20.68,
02OA039,2,1934,181,20.66,
02OA039,2,1934,182,20.67,
02OA039,2,1934,183,20.69,
02OA039,2,1934,184,20.71,
02OA039,2,1934,185,20.69,
02OA039,2,1934,186,20.66,
02OA039,2,1934,187,20.63,
02OA039,2,1934,188,20.6,
02OA039,2,1934,189,20.57,
02OA039,2,1934,190,20.57,
02OA039,2,1934,191,20.57,
02OA039,2,1934,192,20.54,
02OA039,2,1934,193,20.53,
02OA039,2,1934,194,20.52,
02OA039,2,1934,195,20.49,
02OA039,2,1934,196,20.47,
02OA039,2,1934,197,20.5,
02OA039,2,1934,198,20.49,
02OA039,2,1934,199,20.46,
02OA039,2,1934,200,20.44,
02OA039,2,1934,201,20.42,
02OA039,2,1934,202,20.4,
02OA039,2,1934,203,20.37,
02OA039,2,1934,204,20.39,
02OA039,2,1934,205,20.38,
02OA039,2,1934,206,20.35,
02OA039,2,1934,207,20.34,
02OA039,2,1934,208,20.33,
02OA039,2,1934,209,20.29,
02OA039,2,1934,210,20.28,
02OA039,2,1934,211,20.32,
02OA039,2,1934,212,20.32,
02OA039,2,1934,213,20.29,
02OA039,2,1934,214,20.3,
02OA039,2,1934,215,20.3,
02OA039,2,1934,216,20.29,
02OA039,2,1934,217,20.22,
02OA039,2,1934,218,20.24,
02OA039,2,1934,219,20.25,
02OA039,2,1934,220,20.25,
02OA039,2,1934,221,20.24,
02OA039,2,1934,222,20.24,
02OA039,2,1934,223,20.2,
02OA039,2,1934,224,20.13,
02OA039,2,1934,225,20.15,
02OA039,2,1934,226,20.17,
02OA039,2,1934,227,20.14,
02OA039,2,1934,228,20.13,
02OA039,2,1934,229,20.14,
02OA039,2,1934,230,20.15,
02OA039,2,1934,231,20.16,
02OA039,2,1934,232,20.18,
02OA039,2,1934,233,20.2,
02OA039,2,1934,234,20.19,
02OA039,2,1934,235,20.19,
02OA039,2,1934,236,20.2,
02OA039,2,1934,237,20.19,
02OA039,2,1934,238,20.16,
02OA039,2,1934,239,20.17,
02OA039,2,1934,240,20.18,
02OA039,2,1934,241,20.14,
02OA039,2,1934,242,20.12,
02OA039,2,1934,243,20.12,
02OA039,2,1934,244,20.12,
02OA039,2,1934,245,20.1,
02OA039,2,1934,246,20.1,
02OA039,2,1934,247,20.15,
02OA039,2,1934,248,20.17,
02OA039,2,1934,249,20.15,
02OA039,2,1934,250,20.14,
02OA039,2,1934,251,20.11,
02OA039,2,1934,252,20.03,
02OA039,2,1934,253,20.04,
02OA039,2,1934,254,20.09,
02OA039,2,1934,255,20.11,
02OA039,2,1934,256,20.11,
02OA039,2,1934,257,20.11,
02OA039,2,1934,258,20.12,
02OA039,2,1934,259,20.1,
02OA039,2,1934,260,20.13,
02OA039,2,1934,261,20.15,
02OA039,2,1934,262,20.14,
02OA039,2,1934,263,20.13,
02OA039,2,1934,264,20.14,
02OA039,2,1934,265,20.15,
02OA039,2,1934,266,20.13,
02OA039,2,1934,267,20.13,
02OA039,2,1934,268,20.16,
02OA039,2,1934,269,20.15,
02OA039,2,1934,270,20.14,
02OA039,2,1934,271,20.14,
02OA039,2,1934,272,20.15,
02OA039,2,1934,273,20.13,
02OA039,2,1934,274,20.15,
02OA039,2,1934,275,20.18,
02OA039,2,1934,276,20.16,
02OA039,2,1934,277,20.12,
02OA039,2,1934,278,20.09,
02OA039,2,1934,279,20.1,
02OA039,2,1934,280,20.08,
02OA039,2,1934,281,20.11,
02OA039,2,1934,282,20.15,
02OA039,2,1934,283,20.15,
02OA039,2,1934,284,20.16,
02OA039,2,1934,285,20.15,
02OA039,2,1934,286,20.12,
02OA039,2,1934,287,20.07,
02OA039,2,1934,288,20.1,
02OA039,2,1934,289,20.13,
02OA039,2,1934,290,20.12,
02OA039,2,1934,291,20.12,
02OA039,2,1934,292,20.12,
02OA039,2,1934,293,20.09,
02OA039,2,1934,294,20.04,
02OA039,2,1934,295,20.05,
02OA039,2,1934,296,20.08,
02OA039,2,1934,297,20.08,
02OA039,2,1934,298,20.08,
02OA039,2,1934,299,20.1,
02OA039,2,1934,300,20.11,
02OA039,2,1934,301,20.06,
02OA039,2,1934,302,20.07,
02OA039,2,1934,303,20.09,
02OA039,2,1934,304,20.14,
02OA039,2,1934,305,20.13,
02OA039,2,1934,306,20.13,
02OA039,2,1934,307,20.11,
02OA039,2,1934,308,20.07,
02OA039,2,1934,309,20.1,
02OA039,2,1934,310,20.14,
02OA039,2,1934,311,20.11,
02OA039,2,1934,312,20.07,
02OA039,2,1934,313,20.04,
02OA039,2,1934,314,20.04,
02OA039,2,1934,315,19.97,
02OA039,2,1934,316,20.01,
02OA039,2,1934,317,20.07,
02OA039,2,1934,318,20.03,
02OA039,2,1934,319,20,
02OA039,2,1934,320,20.02,
02OA039,2,1934,321,20.04,
02OA039,2,1934,322,20.03,
02OA039,2,1934,323,20.06,
02OA039,2,1934,324,20.07,
02OA039,2,1934,325,20.05,
02OA039,2,1934,326,20.06,
02OA039,2,1934,327,20.07,
02OA039,2,1934,328,20.05,
02OA039,2,1934,329,20.04,
02OA039,2,1934,330,20.08,
02OA039,2,1934,331,20.09,
02OA039,2,1934,332,20.09,
02OA039,2,1934,333,20.11,
02OA039,2,1934,334,20.12,
02OA039,2,1934,335,20.11,
02OA039,2,1934,336,20.13,
02OA039,2,1934,337,20.21,
02OA039,2,1934,338,20.2,
02OA039,2,1934,339,20.2,
02OA039,2,1934,340,20.25,
02OA039,2,1934,341,20.25,
02OA039,2,1934,342,20.22,
02OA039,2,1934,343,20.19,
02OA039,2,1934,344,20.2,
02OA039,2,1934,345,20.16,
02OA039,2,1934,346,20.22,
02OA039,2,1934,347,20.24,
02OA039,2,1934,348,20.26,
02OA039,2,1934,349,20.4,
02OA039,2,1934,350,20.52,
02OA039,2,1934,351,20.58,
02OA039,2,1934,352,20.62,
02OA039,2,1934,353,20.67,
02OA039,2,1934,354,20.61,
02OA039,2,1934,355,20.54,
02OA039,2,1934,356,20.55,
02OA039,2,1934,357,20.64,
02OA039,2,1934,358,20.67,
02OA039,2,1934,359,20.71,
02OA039,2,1934,360,20.8,
02OA039,2,1934,361,20.72,
02OA039,2,1934,362,20.73,
02OA039,2,1934,363,20.7,
02OA039,2,1934,364,20.63,
02OA039,2,1934,365,20.61,
02OA039,2,1935,1,20.68,
02OA039,2,1935,2,20.71,
02OA039,2,1935,3,20.73,
02OA039,2,1935,4,20.71,
02OA039,2,1935,5,20.7,
02OA039,2,1935,6,20.57,
02OA039,2,1935,7,20.44,
02OA039,2,1935,8,20.37,
02OA039,2,1935,9,20.32,
02OA039,2,1935,10,20.45,
02OA039,2,1935,11,20.49,
02OA039,2,1935,12,20.63,
02OA039,2,1935,13,20.72,
02OA039,2,1935,14,20.72,
02OA039,2,1935,15,20.66,
02OA039,2,1935,16,20.65,
02OA039,2,1935,17,20.73,
02OA039,2,1935,18,20.74,
02OA039,2,1935,19,20.82,
02OA039,2,1935,20,20.74,
02OA039,2,1935,21,20.78,
02OA039,2,1935,22,20.77,
02OA039,2,1935,23,20.82,
02OA039,2,1935,24,20.85,
02OA039,2,1935,25,20.75,
02OA039,2,1935,26,20.59,
02OA039,2,1935,27,20.61,
02OA039,2,1935,28,20.8,
02OA039,2,1935,29,20.75,
02OA039,2,1935,30,20.67,
02OA039,2,1935,31,20.65,
02OA039,2,1935,32,20.7,
02OA039,2,1935,33,20.74,
02OA039,2,1935,34,20.68,
02OA039,2,1935,35,20.57,
02OA039,2,1935,36,20.55,
02OA039,2,1935,37,20.54,
02OA039,2,1935,38,20.62,
02OA039,2,1935,39,20.65,
02OA039,2,1935,40,20.56,
02OA039,2,1935,41,20.48,
02OA039,2,1935,42,20.48,
02OA039,2,1935,43,20.64,
02OA039,2,1935,44,20.55,
02OA039,2,1935,45,20.56,
02OA039,2,1935,46,20.56,
02OA039,2,1935,47,20.4,
02OA039,2,1935,48,20.29,
02OA039,2,1935,49,20.35,
02OA039,2,1935,50,20.51,
02OA039,2,1935,51,20.57,
02OA039,2,1935,52,20.58,
02OA039,2,1935,53,20.6,
02OA039,2,1935,54,20.58,
02OA039,2,1935,55,20.53,
02OA039,2,1935,56,20.52,
02OA039,2,1935,57,20.52,
02OA039,2,1935,58,20.54,
02OA039,2,1935,59,20.53,
02OA039,2,1935,60,20.48,
02OA039,2,1935,61,20.32,
02OA039,2,1935,62,20.21,
02OA039,2,1935,63,20.35,
02OA039,2,1935,64,20.49,
02OA039,2,1935,65,20.5,
02OA039,2,1935,66,20.49,
02OA039,2,1935,67,20.44,
02OA039,2,1935,68,20.35,
02OA039,2,1935,69,20.27,
02OA039,2,1935,70,20.29,
02OA039,2,1935,71,20.36,
02OA039,2,1935,72,20.48,
02OA039,2,1935,73,20.59,
02OA039,2,1935,74,20.58,
02OA039,2,1935,75,20.52,
02OA039,2,1935,76,20.51,
02OA039,2,1935,77,20.88,
02OA039,2,1935,78,20.92,
02OA039,2,1935,79,20.87,
02OA039,2,1935,80,20.91,
02OA039,2,1935,81,20.91,
02OA039,2,1935,82,20.85,
02OA039,2,1935,83,20.85,
02OA039,2,1935,84,20.93,
02OA039,2,1935,85,20.98,
02OA039,2,1935,86,21,
02OA039,2,1935,87,20.97,
02OA039,2,1935,88,20.96,
02OA039,2,1935,89,20.98,
02OA039,2,1935,90,20.95,
02OA039,2,1935,91,20.95,
02OA039,2,1935,92,20.92,
02OA039,2,1935,93,20.87,
02OA039,2,1935,94,20.85,
02OA039,2,1935,95,20.79,
02OA039,2,1935,96,20.71,
02OA039,2,1935,97,20.66,
02OA039,2,1935,98,20.63,
02OA039,2,1935,99,20.57,
02OA039,2,1935,100,20.51,
02OA039,2,1935,101,20.35,
02OA039,2,1935,102,20.58,
02OA039,2,1935,103,20.64,
02OA039,2,1935,104,20.64,
02OA039,2,1935,105,20.68,
02OA039,2,1935,106,20.77,
02OA039,2,1935,107,20.87,
02OA039,2,1935,108,20.99,
02OA039,2,1935,109,20.98,
02OA039,2,1935,110,21.01,
02OA039,2,1935,111,20.98,
02OA039,2,1935,112,20.94,
02OA039,2,1935,113,20.93,
02OA039,2,1935,114,20.89,
02OA039,2,1935,115,20.86,
02OA039,2,1935,116,20.82,
02OA039,2,1935,117,20.81,
02OA039,2,1935,118,20.77,
02OA039,2,1935,119,20.79,
02OA039,2,1935,120,20.83,
02OA039,2,1935,121,20.89,
02OA039,2,1935,122,21.01,
02OA039,2,1935,123,21.03,
02OA039,2,1935,124,20.98,
02OA039,2,1935,125,20.87,
02OA039,2,1935,126,20.82,
02OA039,2,1935,127,20.87,
02OA039,2,1935,128,20.93,
02OA039,2,1935,129,20.97,
02OA039,2,1935,130,20.96,
02OA039,2,1935,131,20.94,
02OA039,2,1935,132,20.9,
02OA039,2,1935,133,20.89,
02OA039,2,1935,134,20.88,
02OA039,2,1935,135,20.82,
02OA039,2,1935,136,20.75,
02OA039,2,1935,137,20.69,
02OA039,2,1935,138,20.65,
02OA039,2,1935,139,20.58,
02OA039,2,1935,140,20.6,
02OA039,2,1935,141,20.62,
02OA039,2,1935,142,20.6,
02OA039,2,1935,143,20.55,
02OA039,2,1935,144,20.47,
02OA039,2,1935,145,20.49,
02OA039,2,1935,146,20.47,
02OA039,2,1935,147,20.49,
02OA039,2,1935,148,20.52,
02OA039,2,1935,149,20.5,
02OA039,2,1935,150,20.46,
02OA039,2,1935,151,20.47,
02OA039,2,1935,152,20.44,
02OA039,2,1935,153,20.4,
02OA039,2,1935,154,20.43,
02OA039,2,1935,155,20.47,
02OA039,2,1935,156,20.47,
02OA039,2,1935,157,20.44,
02OA039,2,1935,158,20.47,
02OA039,2,1935,159,20.41,
02OA039,2,1935,160,20.36,
02OA039,2,1935,161,20.41,
02OA039,2,1935,162,20.44,
02OA039,2,1935,163,20.44,
02OA039,2,1935,164,20.45,
02OA039,2,1935,165,20.45,
02OA039,2,1935,166,20.47,
02OA039,2,1935,167,20.5,
02OA039,2,1935,168,20.54,
02OA039,2,1935,169,20.57,
02OA039,2,1935,170,20.61,
02OA039,2,1935,171,20.64,
02OA039,2,1935,172,20.7,
02OA039,2,1935,173,20.75,
02OA039,2,1935,174,20.77,
02OA039,2,1935,175,20.83,
02OA039,2,1935,176,20.85,
02OA039,2,1935,177,20.85,
02OA039,2,1935,178,20.85,
02OA039,2,1935,179,20.83,
02OA039,2,1935,180,20.8,
02OA039,2,1935,181,20.79,
02OA039,2,1935,182,20.77,
02OA039,2,1935,183,20.68,
02OA039,2,1935,184,20.65,
02OA039,2,1935,185,20.65,
02OA039,2,1935,186,20.66,
02OA039,2,1935,187,20.63,
02OA039,2,1935,188,20.62,
02OA039,2,1935,189,20.58,
02OA039,2,1935,190,20.54,
02OA039,2,1935,191,20.57,
02OA039,2,1935,192,20.61,
02OA039,2,1935,193,20.64,
02OA039,2,1935,194,20.65,
02OA039,2,1935,195,20.65,
02OA039,2,1935,196,20.64,
02OA039,2,1935,197,20.6,
02OA039,2,1935,198,20.6,
02OA039,2,1935,199,20.61,
02OA039,2,1935,200,20.58,
02OA039,2,1935,201,20.56,
02OA039,2,1935,202,20.57,
02OA039,2,1935,203,20.57,
02OA039,2,1935,204,20.55,
02OA039,2,1935,205,20.56,
02OA039,2,1935,206,20.55,
02OA039,2,1935,207,20.57,
02OA039,2,1935,208,20.53,
02OA039,2,1935,209,20.52,
02OA039,2,1935,210,20.52,
02OA039,2,1935,211,20.52,
02OA039,2,1935,212,20.49,
02OA039,2,1935,213,20.51,
02OA039,2,1935,214,20.52,
02OA039,2,1935,215,20.49,
02OA039,2,1935,216,20.48,
02OA039,2,1935,217,20.47,
02OA039,2,1935,218,20.47,
02OA039,2,1935,219,20.48,
02OA039,2,1935,220,20.46,
02OA039,2,1935,221,20.45,
02OA039,2,1935,222,20.47,
02OA039,2,1935,223,20.43,
02OA039,2,1935,224,20.45,
02OA039,2,1935,225,20.45,
02OA039,2,1935,226,20.47,
02OA039,2,1935,227,20.44,
02OA039,2,1935,228,20.41,
02OA039,2,1935,229,20.4,
02OA039,2,1935,230,20.41,
02OA039,2,1935,231,20.4,
02OA039,2,1935,232,20.38,
02OA039,2,1935,233,20.37,
02OA039,2,1935,234,20.38,
02OA039,2,1935,235,20.36,
02OA039,2,1935,236,20.34,
02OA039,2,1935,237,20.3,
02OA039,2,1935,238,20.32,
02OA039,2,1935,239,20.32,
02OA039,2,1935,240,20.33,
02OA039,2,1935,241,20.32,
02OA039,2,1935,242,20.32,
02OA039,2,1935,243,20.32,
02OA039,2,1935,244,20.29,
02OA039,2,1935,245,20.29,
02OA039,2,1935,246,20.32,
02OA039,2,1935,247,20.34,
02OA039,2,1935,248,20.32,
02OA039,2,1935,249,20.31,
02OA039,2,1935,250,20.29,
02OA039,2,1935,251,20.22,
02OA039,2,1935,252,20.28,
02OA039,2,1935,253,20.31,
02OA039,2,1935,254,20.31,
02OA039,2,1935,255,20.28,
02OA039,2,1935,256,20.26,
02OA039,2,1935,257,20.24,
02OA039,2,1935,258,20.18,
02OA039,2,1935,259,20.25,
02OA039,2,1935,260,20.28,
02OA039,2,1935,261,20.27,
02OA039,2,1935,262,20.27,
02OA039,2,1935,263,20.28,
02OA039,2,1935,264,20.25,
02OA039,2,1935,265,20.21,
02OA039,2,1935,266,20.25,
02OA039,2,1935,267,20.28,
02OA039,2,1935,268,20.27,
02OA039,2,1935,269,20.26,
02OA039,2,1935,270,20.26,
02OA039,2,1935,271,20.22,
02OA039,2,1935,272,20.14,
02OA039,2,1935,273,20.26,
02OA039,2,1935,274,20.32,
02OA039,2,1935,275,20.29,
02OA039,2,1935,276,20.29,
02OA039,2,1935,277,20.29,
02OA039,2,1935,278,20.31,
02OA039,2,1935,279,20.25,
02OA039,2,1935,280,20.28,
02OA039,2,1935,281,20.28,
02OA039,2,1935,282,20.24,
02OA039,2,1935,283,20.23,
02OA039,2,1935,284,20.21,
02OA039,2,1935,285,20.19,
02OA039,2,1935,286,20.16,
02OA039,2,1935,287,20.15,
02OA039,2,1935,288,20.19,
02OA039,2,1935,289,20.18,
02OA039,2,1935,290,20.13,
02OA039,2,1935,291,20.1,
02OA039,2,1935,292,20.1,
02OA039,2,1935,293,20.14,
02OA039,2,1935,294,20.16,
02OA039,2,1935,295,20.1,
02OA039,2,1935,296,20.09,
02OA039,2,1935,297,20.16,
02OA039,2,1935,298,20.25,
02OA039,2,1935,299,20.25,
02OA039,2,1935,300,20.23,
02OA039,2,1935,301,20.21,
02OA039,2,1935,302,20.17,
02OA039,2,1935,303,20.12,
02OA039,2,1935,304,20.11,
02OA039,2,1935,305,20.14,
02OA039,2,1935,306,20.16,
02OA039,2,1935,307,20.06,
02OA039,2,1935,308,20.11,
02OA039,2,1935,309,20.13,
02OA039,2,1935,310,20.2,
02OA039,2,1935,311,20.23,
02OA039,2,1935,312,20.2,
02OA039,2,1935,313,20.19,
02OA039,2,1935,314,20.18,
02OA039,2,1935,315,20.23,
02OA039,2,1935,316,20.22,
02OA039,2,1935,317,20.18,
02OA039,2,1935,318,20.18,
02OA039,2,1935,319,20.18,
02OA039,2,1935,320,20.17,
02OA039,2,1935,321,20.13,
02OA039,2,1935,322,20.16,
02OA039,2,1935,323,20.16,
02OA039,2,1935,324,20.18,
02OA039,2,1935,325,20.21,
02OA039,2,1935,326,20.25,
02OA039,2,1935,327,20.26,
02OA039,2,1935,328,20.22,
02OA039,2,1935,329,20.22,
02OA039,2,1935,330,20.17,
02OA039,2,1935,331,20.16,
02OA039,2,1935,332,20.18,
02OA039,2,1935,333,20.23,
02OA039,2,1935,334,20.23,
02OA039,2,1935,335,20.21,
02OA039,2,1935,336,20.24,
02OA039,2,1935,337,20.2,
02OA039,2,1935,338,20.18,
02OA039,2,1935,339,20.18,
02OA039,2,1935,340,20.21,
02OA039,2,1935,341,20.28,
02OA039,2,1935,342,20.23,
02OA039,2,1935,343,20.25,
02OA039,2,1935,344,20.22,
02OA039,2,1935,345,20.19,
02OA039,2,1935,346,20.2,
02OA039,2,1935,347,20.2,
02OA039,2,1935,348,20.17,
02OA039,2,1935,349,20.15,
02OA039,2,1935,350,20.15,
02OA039,2,1935,351,20.15,
02OA039,2,1935,352,20.17,
02OA039,2,1935,353,20.2,
02OA039,2,1935,354,20.22,
02OA039,2,1935,355,20.2,
02OA039,2,1935,356,20.25,
02OA039,2,1935,357,20.45,
02OA039,2,1935,358,20.54,
02OA039,2,1935,359,20.53,
02OA039,2,1935,360,20.7,
02OA039,2,1935,361,20.68,
02OA039,2,1935,362,20.58,
02OA039,2,1935,363,20.57,
02OA039,2,1935,364,20.63,
02OA039,2,1935,365,20.72,
02OA039,2,1936,1,20.71,
02OA039,2,1936,2,20.76,
02OA039,2,1936,3,20.75,
02OA039,2,1936,4,20.47,
02OA039,2,1936,5,20.3,
02OA039,2,1936,6,20.32,
02OA039,2,1936,7,20.35,
02OA039,2,1936,8,20.38,
02OA039,2,1936,9,20.43,
02OA039,2,1936,10,20.52,
02OA039,2,1936,11,20.51,
02OA039,2,1936,12,20.37,
02OA039,2,1936,13,20.33,
02OA039,2,1936,14,20.27,
02OA039,2,1936,15,20.43,
02OA039,2,1936,16,20.56,
02OA039,2,1936,17,20.62,
02OA039,2,1936,18,20.7,
02OA039,2,1936,19,20.66,
02OA039,2,1936,20,20.61,
02OA039,2,1936,21,20.58,
02OA039,2,1936,22,20.64,
02OA039,2,1936,23,20.67,
02OA039,2,1936,24,20.62,
02OA039,2,1936,25,20.65,
02OA039,2,1936,26,20.56,
02OA039,2,1936,27,20.51,
02OA039,2,1936,28,20.54,
02OA039,2,1936,29,20.51,
02OA039,2,1936,30,20.49,
02OA039,2,1936,31,20.49,
02OA039,2,1936,32,20.44,
02OA039,2,1936,33,20.47,
02OA039,2,1936,34,20.47,
02OA039,2,1936,35,20.54,
02OA039,2,1936,36,20.45,
02OA039,2,1936,37,20.38,
02OA039,2,1936,38,20.35,
02OA039,2,1936,39,20.35,
02OA039,2,1936,40,20.4,
02OA039,2,1936,41,20.38,
02OA039,2,1936,42,20.36,
02OA039,2,1936,43,20.39,
02OA039,2,1936,44,20.44,
02OA039,2,1936,45,20.47,
02OA039,2,1936,46,20.36,
02OA039,2,1936,47,20.32,
02OA039,2,1936,48,20.27,
02OA039,2,1936,49,20.19,
02OA039,2,1936,50,20.18,
02OA039,2,1936,51,20.22,
02OA039,2,1936,52,20.29,
02OA039,2,1936,53,20.33,
02OA039,2,1936,54,20.28,
02OA039,2,1936,55,20.29,
02OA039,2,1936,56,20.24,
02OA039,2,1936,57,20.19,
02OA039,2,1936,58,20.18,
02OA039,2,1936,59,20.16,
02OA039,2,1936,60,20.25,
02OA039,2,1936,61,20.24,
02OA039,2,1936,62,20.25,
02OA039,2,1936,63,20.25,
02OA039,2,1936,64,20.22,
02OA039,2,1936,65,20.21,
02OA039,2,1936,66,20.25,
02OA039,2,1936,67,20.29,
02OA039,2,1936,68,20.22,
02OA039,2,1936,69,20.22,
02OA039,2,1936,70,20.2,
02OA039,2,1936,71,20.21,
02OA039,2,1936,72,20.27,
02OA039,2,1936,73,20.46,
02OA039,2,1936,74,20.64,
02OA039,2,1936,75,20.71,
02OA039,2,1936,76,20.72,
02OA039,2,1936,77,20.73,
02OA039,2,1936,78,20.81,
02OA039,2,1936,79,21.03,
02OA039,2,1936,80,21.33,
02OA039,2,1936,81,21.5,
02OA039,2,1936,82,21.52,
02OA039,2,1936,83,21.58,
02OA039,2,1936,84,21.54,
02OA039,2,1936,85,21.52,
02OA039,2,1936,86,21.52,
02OA039,2,1936,87,21.49,
02OA039,2,1936,88,21.46,
02OA039,2,1936,89,21.45,
02OA039,2,1936,90,21.45,
02OA039,2,1936,91,21.43,
02OA039,2,1936,92,21.39,
02OA039,2,1936,93,21.36,
02OA039,2,1936,94,21.28,
02OA039,2,1936,95,21.24,
02OA039,2,1936,96,21.19,
02OA039,2,1936,97,21.17,
02OA039,2,1936,98,21.17,
02OA039,2,1936,99,21.18,
02OA039,2,1936,100,21.18,
02OA039,2,1936,101,21.11,
02OA039,2,1936,102,21.09,
02OA039,2,1936,103,21.1,
02OA039,2,1936,104,21.17,
02OA039,2,1936,105,21.19,
02OA039,2,1936,106,21.16,
02OA039,2,1936,107,21.18,
02OA039,2,1936,108,21.3,
02OA039,2,1936,109,21.4,
02OA039,2,1936,110,21.41,
02OA039,2,1936,111,21.4,
02OA039,2,1936,112,21.37,
02OA039,2,1936,113,21.31,
02OA039,2,1936,114,21.29,
02OA039,2,1936,115,21.28,
02OA039,2,1936,116,21.22,
02OA039,2,1936,117,21.15,
02OA039,2,1936,118,21.16,
02OA039,2,1936,119,21.19,
02OA039,2,1936,120,21.2,
02OA039,2,1936,121,21.23,
02OA039,2,1936,122,21.25,
02OA039,2,1936,123,21.25,
02OA039,2,1936,124,21.27,
02OA039,2,1936,125,21.37,
02OA039,2,1936,126,21.39,
02OA039,2,1936,127,21.39,
02OA039,2,1936,128,21.4,
02OA039,2,1936,129,21.48,
02OA039,2,1936,130,21.55,
02OA039,2,1936,131,21.61,
02OA039,2,1936,132,21.69,
02OA039,2,1936,133,21.74,
02OA039,2,1936,134,21.78,
02OA039,2,1936,135,21.83,
02OA039,2,1936,136,21.88,
02OA039,2,1936,137,21.91,
02OA039,2,1936,138,21.89,
02OA039,2,1936,139,21.96,
02OA039,2,1936,140,22,
02OA039,2,1936,141,22.01,
02OA039,2,1936,142,22.01,
02OA039,2,1936,143,21.97,
02OA039,2,1936,144,21.89,
02OA039,2,1936,145,21.81,
02OA039,2,1936,146,21.75,
02OA039,2,1936,147,21.72,
02OA039,2,1936,148,21.65,
02OA039,2,1936,149,21.57,
02OA039,2,1936,150,21.5,
02OA039,2,1936,151,21.43,
02OA039,2,1936,152,21.37,
02OA039,2,1936,153,21.36,
02OA039,2,1936,154,21.36,
02OA039,2,1936,155,21.33,
02OA039,2,1936,156,21.34,
02OA039,2,1936,157,21.34,
02OA039,2,1936,158,21.32,
02OA039,2,1936,159,21.29,
02OA039,2,1936,160,21.3,
02OA039,2,1936,161,21.27,
02OA039,2,1936,162,21.23,
02OA039,2,1936,163,21.2,
02OA039,2,1936,164,21.19,
02OA039,2,1936,165,21.16,
02OA039,2,1936,166,21.12,
02OA039,2,1936,167,21.14,
02OA039,2,1936,168,21.14,
02OA039,2,1936,169,21.08,
02OA039,2,1936,170,21.04,
02OA039,2,1936,171,21.03,
02OA039,2,1936,172,21.01,
02OA039,2,1936,173,21.03,
02OA039,2,1936,174,21.01,
02OA039,2,1936,175,20.95,
02OA039,2,1936,176,20.91,
02OA039,2,1936,177,20.87,
02OA039,2,1936,178,20.88,
02OA039,2,1936,179,20.85,
02OA039,2,1936,180,20.84,
02OA039,2,1936,181,20.8,
02OA039,2,1936,182,20.79,
02OA039,2,1936,183,20.75,
02OA039,2,1936,184,20.74,
02OA039,2,1936,185,20.71,
02OA039,2,1936,186,20.71,
02OA039,2,1936,187,20.77,
02OA039,2,1936,188,20.78,
02OA039,2,1936,189,20.75,
02OA039,2,1936,190,20.71,
02OA039,2,1936,191,20.69,
02OA039,2,1936,192,20.69,
02OA039,2,1936,193,20.66,
02OA039,2,1936,194,20.66,
02OA039,2,1936,195,20.68,
02OA039,2,1936,196,20.66,
02OA039,2,1936,197,20.6,
02OA039,2,1936,198,20.54,
02OA039,2,1936,199,20.54,
02OA039,2,1936,200,20.54,
02OA039,2,1936,201,20.56,
02OA039,2,1936,202,20.56,
02OA039,2,1936,203,20.53,
02OA039,2,1936,204,20.51,
02OA039,2,1936,205,20.49,
02OA039,2,1936,206,20.5,
02OA039,2,1936,207,20.51,
02OA039,2,1936,208,20.51,
02OA039,2,1936,209,20.52,
02OA039,2,1936,210,20.5,
02OA039,2,1936,211,20.5,
02OA039,2,1936,212,20.49,
02OA039,2,1936,213,20.5,
02OA039,2,1936,214,20.49,
02OA039,2,1936,215,20.5,
02OA039,2,1936,216,20.5,
02OA039,2,1936,217,20.47,
02OA039,2,1936,218,20.46,
02OA039,2,1936,219,20.43,
02OA039,2,1936,220,20.42,
02OA039,2,1936,221,20.41,
02OA039,2,1936,222,20.43,
02OA039,2,1936,223,20.43,
02OA039,2,1936,224,20.4,
02OA039,2,1936,225,20.37,
02OA039,2,1936,226,20.36,
02OA039,2,1936,227,20.36,
02OA039,2,1936,228,20.34,
02OA039,2,1936,229,20.36,
02OA039,2,1936,230,20.37,
02OA039,2,1936,231,20.37,
02OA039,2,1936,232,20.36,
02OA039,2,1936,233,20.36,
02OA039,2,1936,234,20.34,
02OA039,2,1936,235,20.32,
02OA039,2,1936,236,20.32,
02OA039,2,1936,237,20.35,
02OA039,2,1936,238,20.36,
02OA039,2,1936,239,20.34,
02OA039,2,1936,240,20.32,
02OA039,2,1936,241,20.31,
02OA039,2,1936,242,20.32,
02OA039,2,1936,243,20.32,
02OA039,2,1936,244,20.36,
02OA039,2,1936,245,20.35,
02OA039,2,1936,246,20.33,
02OA039,2,1936,247,20.34,
02OA039,2,1936,248,20.3,
02OA039,2,1936,249,20.32,
02OA039,2,1936,250,20.36,
02OA039,2,1936,251,20.36,
02OA039,2,1936,252,20.37,
02OA039,2,1936,253,20.36,
02OA039,2,1936,254,20.35,
02OA039,2,1936,255,20.33,
02OA039,2,1936,256,20.35,
02OA039,2,1936,257,20.37,
02OA039,2,1936,258,20.36,
02OA039,2,1936,259,20.32,
02OA039,2,1936,260,20.33,
02OA039,2,1936,261,20.36,
02OA039,2,1936,262,20.36,
02OA039,2,1936,263,20.32,
02OA039,2,1936,264,20.33,
02OA039,2,1936,265,20.34,
02OA039,2,1936,266,20.33,
02OA039,2,1936,267,20.33,
02OA039,2,1936,268,20.34,
02OA039,2,1936,269,20.31,
02OA039,2,1936,270,20.3,
02OA039,2,1936,271,20.34,
02OA039,2,1936,272,20.35,
02OA039,2,1936,273,20.33,
02OA039,2,1936,274,20.33,
02OA039,2,1936,275,20.36,
02OA039,2,1936,276,20.36,
02OA039,2,1936,277,20.35,
02OA039,2,1936,278,20.37,
02OA039,2,1936,279,20.38,
02OA039,2,1936,280,20.35,
02OA039,2,1936,281,20.34,
02OA039,2,1936,282,20.36,
02OA039,2,1936,283,20.36,
02OA039,2,1936,284,20.38,
02OA039,2,1936,285,20.43,
02OA039,2,1936,286,20.44,
02OA039,2,1936,287,20.43,
02OA039,2,1936,288,20.4,
02OA039,2,1936,289,20.39,
02OA039,2,1936,290,20.38,
02OA039,2,1936,291,20.39,
02OA039,2,1936,292,20.46,
02OA039,2,1936,293,20.5,
02OA039,2,1936,294,20.5,
02OA039,2,1936,295,20.5,
02OA039,2,1936,296,20.53,
02OA039,2,1936,297,20.53,
02OA039,2,1936,298,20.51,
02OA039,2,1936,299,20.51,
02OA039,2,1936,300,20.56,
02OA039,2,1936,301,20.55,
02OA039,2,1936,302,20.54,
02OA039,2,1936,303,20.54,
02OA039,2,1936,304,20.54,
02OA039,2,1936,305,20.55,
02OA039,2,1936,306,20.55,
02OA039,2,1936,307,20.6,
02OA039,2,1936,308,20.62,
02OA039,2,1936,309,20.69,
02OA039,2,1936,310,20.74,
02OA039,2,1936,311,20.73,
02OA039,2,1936,312,20.71,
02OA039,2,1936,313,20.71,
02OA039,2,1936,314,20.74,
02OA039,2,1936,315,20.71,
02OA039,2,1936,316,20.7,
02OA039,2,1936,317,20.67,
02OA039,2,1936,318,20.64,
02OA039,2,1936,319,20.63,
02OA039,2,1936,320,20.65,
02OA039,2,1936,321,20.68,
02OA039,2,1936,322,20.66,
02OA039,2,1936,323,20.61,
02OA039,2,1936,324,20.53,
02OA039,2,1936,325,20.47,
02OA039,2,1936,326,20.45,
02OA039,2,1936,327,20.48,
02OA039,2,1936,328,20.51,
02OA039,2,1936,329,20.48,
02OA039,2,1936,330,20.47,
02OA039,2,1936,331,20.43,
02OA039,2,1936,332,20.42,
02OA039,2,1936,333,20.44,
02OA039,2,1936,334,20.4,
02OA039,2,1936,335,20.46,
02OA039,2,1936,336,20.5,
02OA039,2,1936,337,20.49,
02OA039,2,1936,338,20.5,
02OA039,2,1936,339,20.44,
02OA039,2,1936,340,20.4,
02OA039,2,1936,341,20.41,
02OA039,2,1936,342,20.43,
02OA039,2,1936,343,20.49,
02OA039,2,1936,344,20.61,
02OA039,2,1936,345,20.68,
02OA039,2,1936,346,20.47,
02OA039,2,1936,347,20.35,
02OA039,2,1936,348,20.36,
02OA039,2,1936,349,20.37,
02OA039,2,1936,350,20.35,
02OA039,2,1936,351,20.35,
02OA039,2,1936,352,20.33,
02OA039,2,1936,353,20.34,
02OA039,2,1936,354,20.34,
02OA039,2,1936,355,20.3,
02OA039,2,1936,356,20.32,
02OA039,2,1936,357,20.43,
02OA039,2,1936,358,20.54,
02OA039,2,1936,359,20.62,
02OA039,2,1936,360,20.67,
02OA039,2,1936,361,20.62,
02OA039,2,1936,362,20.6,
02OA039,2,1936,363,20.62,
02OA039,2,1936,364,20.72,
02OA039,2,1936,365,20.91,
02OA039,2,1936,366,20.93,
02OA039,2,1937,1,20.74,
02OA039,2,1937,2,20.86,
02OA039,2,1937,3,20.98,
02OA039,2,1937,4,20.89,
02OA039,2,1937,5,20.93,
02OA039,2,1937,6,20.89,
02OA039,2,1937,7,20.91,
02OA039,2,1937,8,20.98,
02OA039,2,1937,9,20.99,
02OA039,2,1937,10,20.92,
02OA039,2,1937,11,21,
02OA039,2,1937,12,20.96,
02OA039,2,1937,13,20.92,
02OA039,2,1937,14,20.89,
02OA039,2,1937,15,20.99,
02OA039,2,1937,16,21.11,
02OA039,2,1937,17,21.13,
02OA039,2,1937,18,21.07,
02OA039,2,1937,19,20.98,
02OA039,2,1937,20,21.07,
02OA039,2,1937,21,21.12,
02OA039,2,1937,22,20.97,
02OA039,2,1937,23,20.91,
02OA039,2,1937,24,20.93,
02OA039,2,1937,25,20.98,
02OA039,2,1937,26,20.96,
02OA039,2,1937,27,21,
02OA039,2,1937,28,21.08,
02OA039,2,1937,29,21.1,
02OA039,2,1937,30,21.13,
02OA039,2,1937,31,21.09,
02OA039,2,1937,32,21.16,
02OA039,2,1937,33,21.24,
02OA039,2,1937,34,21.19,
02OA039,2,1937,35,21.14,
02OA039,2,1937,36,21.18,
02OA039,2,1937,37,21.22,
02OA039,2,1937,38,21.09,
02OA039,2,1937,39,21.14,
02OA039,2,1937,40,21.11,
02OA039,2,1937,41,20.99,
02OA039,2,1937,42,20.92,
02OA039,2,1937,43,20.89,
02OA039,2,1937,44,20.78,
02OA039,2,1937,45,20.71,
02OA039,2,1937,46,20.75,
02OA039,2,1937,47,20.89,
02OA039,2,1937,48,20.97,
02OA039,2,1937,49,20.98,
02OA039,2,1937,50,20.94,
02OA039,2,1937,51,20.9,
02OA039,2,1937,52,20.77,
02OA039,2,1937,53,20.78,
02OA039,2,1937,54,20.92,
02OA039,2,1937,55,21.06,
02OA039,2,1937,56,21.04,
02OA039,2,1937,57,20.96,
02OA039,2,1937,58,20.92,
02OA039,2,1937,59,20.92,
02OA039,2,1937,60,20.98,
02OA039,2,1937,61,20.99,
02OA039,2,1937,62,20.96,
02OA039,2,1937,63,20.94,
02OA039,2,1937,64,20.91,
02OA039,2,1937,65,20.89,
02OA039,2,1937,66,20.85,
02OA039,2,1937,67,21.01,
02OA039,2,1937,68,21.14,
02OA039,2,1937,69,21.09,
02OA039,2,1937,70,21.11,
02OA039,2,1937,71,20.97,
02OA039,2,1937,72,20.85,
02OA039,2,1937,73,20.77,
02OA039,2,1937,74,20.83,
02OA039,2,1937,75,20.83,
02OA039,2,1937,76,20.78,
02OA039,2,1937,77,20.79,
02OA039,2,1937,78,20.8,
02OA039,2,1937,79,20.79,
02OA039,2,1937,80,20.73,
02OA039,2,1937,81,20.77,
02OA039,2,1937,82,20.83,
02OA039,2,1937,83,20.84,
02OA039,2,1937,84,20.86,
02OA039,2,1937,85,20.79,
02OA039,2,1937,86,20.66,
02OA039,2,1937,87,20.64,
02OA039,2,1937,88,20.72,
02OA039,2,1937,89,20.74,
02OA039,2,1937,90,20.75,
02OA039,2,1937,91,20.74,
02OA039,2,1937,92,20.74,
02OA039,2,1937,93,20.71,
02OA039,2,1937,94,20.67,
02OA039,2,1937,95,20.81,
02OA039,2,1937,96,21.11,
02OA039,2,1937,97,21.72,
02OA039,2,1937,98,21.96,
02OA039,2,1937,99,21.69,
02OA039,2,1937,100,21.46,
02OA039,2,1937,101,21.29,
02OA039,2,1937,102,21.3,
02OA039,2,1937,103,21.26,
02OA039,2,1937,104,21.18,
02OA039,2,1937,105,21.19,
02OA039,2,1937,106,21.19,
02OA039,2,1937,107,21.16,
02OA039,2,1937,108,21.07,
02OA039,2,1937,109,21.14,
02OA039,2,1937,110,21.21,
02OA039,2,1937,111,21.23,
02OA039,2,1937,112,21.19,
02OA039,2,1937,113,21.32,
02OA039,2,1937,114,21.54,
02OA039,2,1937,115,21.46,
02OA039,2,1937,116,21.45,
02OA039,2,1937,117,21.42,
02OA039,2,1937,118,21.35,
02OA039,2,1937,119,21.38,
02OA039,2,1937,120,21.43,
02OA039,2,1937,121,21.44,
02OA039,2,1937,122,21.45,
02OA039,2,1937,123,21.53,
02OA039,2,1937,124,21.56,
02OA039,2,1937,125,21.57,
02OA039,2,1937,126,21.53,
02OA039,2,1937,127,21.57,
02OA039,2,1937,128,21.6,
02OA039,2,1937,129,21.63,
02OA039,2,1937,130,21.75,
02OA039,2,1937,131,21.65,
02OA039,2,1937,132,21.57,
02OA039,2,1937,133,21.55,
02OA039,2,1937,134,21.53,
02OA039,2,1937,135,21.53,
02OA039,2,1937,136,21.56,
02OA039,2,1937,137,21.59,
02OA039,2,1937,138,21.59,
02OA039,2,1937,139,21.55,
02OA039,2,1937,140,21.53,
02OA039,2,1937,141,21.54,
02OA039,2,1937,142,21.48,
02OA039,2,1937,143,21.43,
02OA039,2,1937,144,21.45,
02OA039,2,1937,145,21.36,
02OA039,2,1937,146,21.32,
02OA039,2,1937,147,21.28,
02OA039,2,1937,148,21.23,
02OA039,2,1937,149,21.19,
02OA039,2,1937,150,21.16,
02OA039,2,1937,151,21.21,
02OA039,2,1937,152,21.24,
02OA039,2,1937,153,21.21,
02OA039,2,1937,154,21.17,
02OA039,2,1937,155,21.15,
02OA039,2,1937,156,21.14,
02OA039,2,1937,157,21.1,
02OA039,2,1937,158,21.14,
02OA039,2,1937,159,21.15,
02OA039,2,1937,160,21.13,
02OA039,2,1937,161,21.11,
02OA039,2,1937,162,21.09,
02OA039,2,1937,163,21.08,
02OA039,2,1937,164,21.01,
02OA039,2,1937,165,21.04,
02OA039,2,1937,166,21.03,
02OA039,2,1937,167,20.98,
02OA039,2,1937,168,20.96,
02OA039,2,1937,169,20.98,
02OA039,2,1937,170,20.96,
02OA039,2,1937,171,20.96,
02OA039,2,1937,172,21.03,
02OA039,2,1937,173,21.05,
02OA039,2,1937,174,21.04,
02OA039,2,1937,175,20.98,
02OA039,2,1937,176,20.98,
02OA039,2,1937,177,20.97,
02OA039,2,1937,178,20.9,
02OA039,2,1937,179,20.92,
02OA039,2,1937,180,20.92,
02OA039,2,1937,181,20.91,
02OA039,2,1937,182,20.9,
02OA039,2,1937,183,20.9,
02OA039,2,1937,184,20.89,
02OA039,2,1937,185,20.84,
02OA039,2,1937,186,20.89,
02OA039,2,1937,187,20.91,
02OA039,2,1937,188,20.89,
02OA039,2,1937,189,20.87,
02OA039,2,1937,190,20.86,
02OA039,2,1937,191,20.85,
02OA039,2,1937,192,20.79,
02OA039,2,1937,193,20.83,
02OA039,2,1937,194,20.83,
02OA039,2,1937,195,20.79,
02OA039,2,1937,196,20.78,
02OA039,2,1937,197,20.8,
02OA039,2,1937,198,20.83,
02OA039,2,1937,199,20.81,
02OA039,2,1937,200,20.85,
02OA039,2,1937,201,20.85,
02OA039,2,1937,202,20.82,
02OA039,2,1937,203,20.81,
02OA039,2,1937,204,20.8,
02OA039,2,1937,205,20.8,
02OA039,2,1937,206,20.76,
02OA039,2,1937,207,20.83,
02OA039,2,1937,208,20.85,
02OA039,2,1937,209,20.86,
02OA039,2,1937,210,20.85,
02OA039,2,1937,211,20.83,
02OA039,2,1937,212,20.82,
02OA039,2,1937,213,20.77,
02OA039,2,1937,214,20.81,
02OA039,2,1937,215,20.81,
02OA039,2,1937,216,20.8,
02OA039,2,1937,217,20.8,
02OA039,2,1937,218,20.8,
02OA039,2,1937,219,20.78,
02OA039,2,1937,220,20.73,
02OA039,2,1937,221,20.78,
02OA039,2,1937,222,20.78,
02OA039,2,1937,223,20.79,
02OA039,2,1937,224,20.8,
02OA039,2,1937,225,20.82,
02OA039,2,1937,226,20.82,
02OA039,2,1937,227,20.79,
02OA039,2,1937,228,20.83,
02OA039,2,1937,229,20.83,
02OA039,2,1937,230,20.8,
02OA039,2,1937,231,20.8,
02OA039,2,1937,232,20.8,
02OA039,2,1937,233,20.84,
02OA039,2,1937,234,20.77,
02OA039,2,1937,235,20.78,
02OA039,2,1937,236,20.75,
02OA039,2,1937,237,20.75,
02OA039,2,1937,238,20.74,
02OA039,2,1937,239,20.74,
02OA039,2,1937,240,20.73,
02OA039,2,1937,241,20.67,
02OA039,2,1937,242,20.71,
02OA039,2,1937,243,20.71,
02OA039,2,1937,244,20.69,
02OA039,2,1937,245,20.69,
02OA039,2,1937,246,20.7,
02OA039,2,1937,247,20.69,
02OA039,2,1937,248,20.62,
02OA039,2,1937,249,20.62,
02OA039,2,1937,250,20.65,
02OA039,2,1937,251,20.64,
02OA039,2,1937,252,20.64,
02OA039,2,1937,253,20.65,
02OA039,2,1937,254,20.65,
02OA039,2,1937,255,20.6,
02OA039,2,1937,256,20.63,
02OA039,2,1937,257,20.66,
02OA039,2,1937,258,20.65,
02OA039,2,1937,259,20.65,
02OA039,2,1937,260,20.65,
02OA039,2,1937,261,20.63,
02OA039,2,1937,262,20.6,
02OA039,2,1937,263,20.66,
02OA039,2,1937,264,20.67,
02OA039,2,1937,265,20.65,
02OA039,2,1937,266,20.64,
02OA039,2,1937,267,20.62,
02OA039,2,1937,268,20.6,
02OA039,2,1937,269,20.54,
02OA039,2,1937,270,20.59,
02OA039,2,1937,271,20.61,
02OA039,2,1937,272,20.59,
02OA039,2,1937,273,20.58,
02OA039,2,1937,274,20.56,
02OA039,2,1937,275,20.56,
02OA039,2,1937,276,20.5,
02OA039,2,1937,277,20.55,
02OA039,2,1937,278,20.58,
02OA039,2,1937,279,20.59,
02OA039,2,1937,280,20.6,
02OA039,2,1937,281,20.6,
02OA039,2,1937,282,20.57,
02OA039,2,1937,283,20.52,
02OA039,2,1937,284,20.56,
02OA039,2,1937,285,20.59,
02OA039,2,1937,286,20.57,
02OA039,2,1937,287,20.59,
02OA039,2,1937,288,20.52,
02OA039,2,1937,289,20.49,
02OA039,2,1937,290,20.46,
02OA039,2,1937,291,20.52,
02OA039,2,1937,292,20.51,
02OA039,2,1937,293,20.55,
02OA039,2,1937,294,20.61,
02OA039,2,1937,295,20.63,
02OA039,2,1937,296,20.61,
02OA039,2,1937,297,20.58,
02OA039,2,1937,298,20.68,
02OA039,2,1937,299,20.73,
02OA039,2,1937,300,20.69,
02OA039,2,1937,301,20.65,
02OA039,2,1937,302,20.66,
02OA039,2,1937,303,20.65,
02OA039,2,1937,304,20.65,
02OA039,2,1937,305,20.68,
02OA039,2,1937,306,20.73,
02OA039,2,1937,307,20.74,
02OA039,2,1937,308,20.76,
02OA039,2,1937,309,20.75,
02OA039,2,1937,310,20.73,
02OA039,2,1937,311,20.68,
02OA039,2,1937,312,20.71,
02OA039,2,1937,313,20.71,
02OA039,2,1937,314,20.73,
02OA039,2,1937,315,20.76,
02OA039,2,1937,316,20.73,
02OA039,2,1937,317,20.69,
02OA039,2,1937,318,20.77,
02OA039,2,1937,319,20.96,
02OA039,2,1937,320,21.07,
02OA039,2,1937,321,21.11,
02OA039,2,1937,322,21.13,
02OA039,2,1937,323,21.11,
02OA039,2,1937,324,21.05,
02OA039,2,1937,325,20.99,
02OA039,2,1937,326,20.99,
02OA039,2,1937,327,20.96,
02OA039,2,1937,328,20.95,
02OA039,2,1937,329,20.94,
02OA039,2,1937,330,20.93,
02OA039,2,1937,331,20.87,
02OA039,2,1937,332,20.84,
02OA039,2,1937,333,20.88,
02OA039,2,1937,334,20.94,
02OA039,2,1937,335,20.92,
02OA039,2,1937,336,20.9,
02OA039,2,1937,337,20.87,
02OA039,2,1937,338,20.81,
02OA039,2,1937,339,20.75,
02OA039,2,1937,340,20.76,
02OA039,2,1937,341,20.75,
02OA039,2,1937,342,20.77,
02OA039,2,1937,343,20.83,
02OA039,2,1937,344,20.9,
02OA039,2,1937,345,20.91,
02OA039,2,1937,346,20.82,
02OA039,2,1937,347,20.79,
02OA039,2,1937,348,20.82,
02OA039,2,1937,349,20.86,
02OA039,2,1937,350,20.92,
02OA039,2,1937,351,21.01,
02OA039,2,1937,352,20.81,
02OA039,2,1937,353,20.61,
02OA039,2,1937,354,20.68,
02OA039,2,1937,355,20.85,
02OA039,2,1937,356,20.89,
02OA039,2,1937,357,20.88,
02OA039,2,1937,358,20.87,
02OA039,2,1937,359,20.94,
02OA039,2,1937,360,21.07,
02OA039,2,1937,361,21.23,
02OA039,2,1937,362,21.34,
02OA039,2,1937,363,21.32,
02OA039,2,1937,364,21.31,
02OA039,2,1937,365,21.24,
02OA039,2,1938,1,21.1,
02OA039,2,1938,2,20.91,
02OA039,2,1938,3,20.94,
02OA039,2,1938,4,21.15,
02OA039,2,1938,5,21.24,
02OA039,2,1938,6,21.18,
02OA039,2,1938,7,21.14,
02OA039,2,1938,8,21.07,
02OA039,2,1938,9,20.97,
02OA039,2,1938,10,21,
02OA039,2,1938,11,21.05,
02OA039,2,1938,12,21.05,
02OA039,2,1938,13,21,
02OA039,2,1938,14,20.96,
02OA039,2,1938,15,21.03,
02OA039,2,1938,16,21.07,
02OA039,2,1938,17,21.18,
02OA039,2,1938,18,21.22,
02OA039,2,1938,19,21.16,
02OA039,2,1938,20,21.04,
02OA039,2,1938,21,20.93,
02OA039,2,1938,22,20.85,
02OA039,2,1938,23,20.83,
02OA039,2,1938,24,20.87,
02OA039,2,1938,25,20.8,
02OA039,2,1938,26,20.69,
02OA039,2,1938,27,20.77,
02OA039,2,1938,28,20.86,
02OA039,2,1938,29,20.91,
02OA039,2,1938,30,20.88,
02OA039,2,1938,31,20.78,
02OA039,2,1938,32,20.86,
02OA039,2,1938,33,20.97,
02OA039,2,1938,34,21.03,
02OA039,2,1938,35,20.97,
02OA039,2,1938,36,20.93,
02OA039,2,1938,37,20.95,
02OA039,2,1938,38,20.93,
02OA039,2,1938,39,20.99,
02OA039,2,1938,40,21.09,
02OA039,2,1938,41,21.16,
02OA039,2,1938,42,21.17,
02OA039,2,1938,43,21.13,
02OA039,2,1938,44,21.13,
02OA039,2,1938,45,21.19,
02OA039,2,1938,46,21.18,
02OA039,2,1938,47,21.16,
02OA039,2,1938,48,21.22,
02OA039,2,1938,49,21.23,
02OA039,2,1938,50,21.18,
02OA039,2,1938,51,21.04,
02OA039,2,1938,52,21.04,
02OA039,2,1938,53,21.01,
02OA039,2,1938,54,20.94,
02OA039,2,1938,55,20.86,
02OA039,2,1938,56,20.77,
02OA039,2,1938,57,20.75,
02OA039,2,1938,58,20.76,
02OA039,2,1938,59,20.77,
02OA039,2,1938,60,20.82,
02OA039,2,1938,61,20.82,
02OA039,2,1938,62,20.79,
02OA039,2,1938,63,20.75,
02OA039,2,1938,64,20.6,
02OA039,2,1938,65,20.45,
02OA039,2,1938,66,20.56,
02OA039,2,1938,67,20.62,
02OA039,2,1938,68,20.63,
02OA039,2,1938,69,20.63,
02OA039,2,1938,70,20.64,
02OA039,2,1938,71,20.58,
02OA039,2,1938,72,20.56,
02OA039,2,1938,73,20.7,
02OA039,2,1938,74,20.81,
02OA039,2,1938,75,20.82,
02OA039,2,1938,76,20.84,
02OA039,2,1938,77,20.83,
02OA039,2,1938,78,20.81,
02OA039,2,1938,79,20.88,
02OA039,2,1938,80,21.1,
02OA039,2,1938,81,21.47,
02OA039,2,1938,82,21.73,
02OA039,2,1938,83,21.92,
02OA039,2,1938,84,22.14,
02OA039,2,1938,85,22.19,
02OA039,2,1938,86,22.17,
02OA039,2,1938,87,22.16,
02OA039,2,1938,88,22.06,
02OA039,2,1938,89,21.94,
02OA039,2,1938,90,21.86,
02OA039,2,1938,91,21.83,
02OA039,2,1938,92,21.8,
02OA039,2,1938,93,21.72,
02OA039,2,1938,94,21.7,
02OA039,2,1938,95,21.68,
02OA039,2,1938,96,21.63,
02OA039,2,1938,97,21.54,
02OA039,2,1938,98,21.45,
02OA039,2,1938,99,21.37,
02OA039,2,1938,100,21.32,
02OA039,2,1938,101,21.37,
02OA039,2,1938,102,21.46,
02OA039,2,1938,103,21.54,
02OA039,2,1938,104,21.52,
02OA039,2,1938,105,21.5,
02OA039,2,1938,106,21.54,
02OA039,2,1938,107,21.6,
02OA039,2,1938,108,21.65,
02OA039,2,1938,109,21.72,
02OA039,2,1938,110,21.72,
02OA039,2,1938,111,21.72,
02OA039,2,1938,112,21.75,
02OA039,2,1938,113,21.82,
02OA039,2,1938,114,21.86,
02OA039,2,1938,115,21.92,
02OA039,2,1938,116,21.94,
02OA039,2,1938,117,21.88,
02OA039,2,1938,118,21.82,
02OA039,2,1938,119,21.78,
02OA039,2,1938,120,21.76,
02OA039,2,1938,121,21.72,
02OA039,2,1938,122,21.76,
02OA039,2,1938,123,21.78,
02OA039,2,1938,124,21.73,
02OA039,2,1938,125,21.67,
02OA039,2,1938,126,21.63,
02OA039,2,1938,127,21.66,
02OA039,2,1938,128,21.65,
02OA039,2,1938,129,21.66,
02OA039,2,1938,130,21.63,
02OA039,2,1938,131,21.57,
02OA039,2,1938,132,21.51,
02OA039,2,1938,133,21.48,
02OA039,2,1938,134,21.44,
02OA039,2,1938,135,21.38,
02OA039,2,1938,136,21.41,
02OA039,2,1938,137,21.41,
02OA039,2,1938,138,21.37,
02OA039,2,1938,139,21.31,
02OA039,2,1938,140,21.27,
02OA039,2,1938,141,21.29,
02OA039,2,1938,142,21.29,
02OA039,2,1938,143,21.31,
02OA039,2,1938,144,21.28,
02OA039,2,1938,145,21.3,
02OA039,2,1938,146,21.3,
02OA039,2,1938,147,21.29,
02OA039,2,1938,148,21.25,
02OA039,2,1938,149,21.22,
02OA039,2,1938,150,21.25,
02OA039,2,1938,151,21.25,
02OA039,2,1938,152,21.24,
02OA039,2,1938,153,21.23,
02OA039,2,1938,154,21.2,
02OA039,2,1938,155,21.17,
02OA039,2,1938,156,21.14,
02OA039,2,1938,157,21.15,
02OA039,2,1938,158,21.14,
02OA039,2,1938,159,21.12,
02OA039,2,1938,160,21.1,
02OA039,2,1938,161,21.07,
02OA039,2,1938,162,21.04,
02OA039,2,1938,163,21.03,
02OA039,2,1938,164,21.05,
02OA039,2,1938,165,21.04,
02OA039,2,1938,166,21.01,
02OA039,2,1938,167,20.98,
02OA039,2,1938,168,20.96,
02OA039,2,1938,169,20.92,
02OA039,2,1938,170,20.93,
02OA039,2,1938,171,20.96,
02OA039,2,1938,172,20.98,
02OA039,2,1938,173,20.95,
02OA039,2,1938,174,20.94,
02OA039,2,1938,175,20.91,
02OA039,2,1938,176,20.87,
02OA039,2,1938,177,20.86,
02OA039,2,1938,178,20.84,
02OA039,2,1938,179,20.79,
02OA039,2,1938,180,20.72,
02OA039,2,1938,181,20.71,
02OA039,2,1938,182,20.68,
02OA039,2,1938,183,20.71,
02OA039,2,1938,184,20.72,
02OA039,2,1938,185,20.75,
02OA039,2,1938,186,20.75,
02OA039,2,1938,187,20.74,
02OA039,2,1938,188,20.73,
02OA039,2,1938,189,20.73,
02OA039,2,1938,190,20.74,
02OA039,2,1938,191,20.72,
02OA039,2,1938,192,20.74,
02OA039,2,1938,193,20.73,
02OA039,2,1938,194,20.73,
02OA039,2,1938,195,20.74,
02OA039,2,1938,196,20.74,
02OA039,2,1938,197,20.71,
02OA039,2,1938,198,20.71,
02OA039,2,1938,199,20.74,
02OA039,2,1938,200,20.74,
02OA039,2,1938,201,20.73,
02OA039,2,1938,202,20.71,
02OA039,2,1938,203,20.69,
02OA039,2,1938,204,20.68,
02OA039,2,1938,205,20.7,
02OA039,2,1938,206,20.73,
02OA039,2,1938,207,20.75,
02OA039,2,1938,208,20.75,
02OA039,2,1938,209,20.73,
02OA039,2,1938,210,20.74,
02OA039,2,1938,211,20.73,
02OA039,2,1938,212,20.72,
02OA039,2,1938,213,20.74,
02OA039,2,1938,214,20.76,
02OA039,2,1938,215,20.78,
02OA039,2,1938,216,20.79,
02OA039,2,1938,217,20.8,
02OA039,2,1938,218,20.76,
02OA039,2,1938,219,20.7,
02OA039,2,1938,220,20.71,
02OA039,2,1938,221,20.72,
02OA039,2,1938,222,20.71,
02OA039,2,1938,223,20.7,
02OA039,2,1938,224,20.7,
02OA039,2,1938,225,20.69,
02OA039,2,1938,226,20.69,
02OA039,2,1938,227,20.73,
02OA039,2,1938,228,20.73,
02OA039,2,1938,229,20.74,
02OA039,2,1938,230,20.76,
02OA039,2,1938,231,20.72,
02OA039,2,1938,232,20.7,
02OA039,2,1938,233,20.68,
02OA039,2,1938,234,20.73,
02OA039,2,1938,235,20.73,
02OA039,2,1938,236,20.7,
02OA039,2,1938,237,20.68,
02OA039,2,1938,238,20.64,
02OA039,2,1938,239,20.63,
02OA039,2,1938,240,20.65,
02OA039,2,1938,241,20.68,
02OA039,2,1938,242,20.66,
02OA039,2,1938,243,20.64,
02OA039,2,1938,244,20.64,
02OA039,2,1938,245,20.63,
02OA039,2,1938,246,20.6,
02OA039,2,1938,247,20.59,
02OA039,2,1938,248,20.59,
02OA039,2,1938,249,20.63,
02OA039,2,1938,250,20.62,
02OA039,2,1938,251,20.59,
02OA039,2,1938,252,20.57,
02OA039,2,1938,253,20.54,
02OA039,2,1938,254,20.52,
02OA039,2,1938,255,20.56,
02OA039,2,1938,256,20.57,
02OA039,2,1938,257,20.56,
02OA039,2,1938,258,20.58,
02OA039,2,1938,259,20.58,
02OA039,2,1938,260,20.56,
02OA039,2,1938,261,20.54,
02OA039,2,1938,262,20.57,
02OA039,2,1938,263,20.58,
02OA039,2,1938,264,20.6,
02OA039,2,1938,265,20.67,
02OA039,2,1938,266,20.73,
02OA039,2,1938,267,20.76,
02OA039,2,1938,268,20.77,
02OA039,2,1938,269,20.8,
02OA039,2,1938,270,20.81,
02OA039,2,1938,271,20.8,
02OA039,2,1938,272,20.78,
02OA039,2,1938,273,20.75,
02OA039,2,1938,274,20.7,
02OA039,2,1938,275,20.66,
02OA039,2,1938,276,20.7,
02OA039,2,1938,277,20.7,
02OA039,2,1938,278,20.68,
02OA039,2,1938,279,20.66,
02OA039,2,1938,280,20.62,
02OA039,2,1938,281,20.53,
02OA039,2,1938,282,20.52,
02OA039,2,1938,283,20.57,
02OA039,2,1938,284,20.62,
02OA039,2,1938,285,20.62,
02OA039,2,1938,286,20.62,
02OA039,2,1938,287,20.62,
02OA039,2,1938,288,20.6,
02OA039,2,1938,289,20.59,
02OA039,2,1938,290,20.65,
02OA039,2,1938,291,20.64,
02OA039,2,1938,292,20.61,
02OA039,2,1938,293,20.61,
02OA039,2,1938,294,20.61,
02OA039,2,1938,295,20.6,
02OA039,2,1938,296,20.51,
02OA039,2,1938,297,20.58,
02OA039,2,1938,298,20.58,
02OA039,2,1938,299,20.61,
02OA039,2,1938,300,20.61,
02OA039,2,1938,301,20.61,
02OA039,2,1938,302,20.6,
02OA039,2,1938,303,20.53,
02OA039,2,1938,304,20.55,
02OA039,2,1938,305,20.53,
02OA039,2,1938,306,20.53,
02OA039,2,1938,307,20.54,
02OA039,2,1938,308,20.56,
02OA039,2,1938,309,20.56,
02OA039,2,1938,310,20.51,
02OA039,2,1938,311,20.56,
02OA039,2,1938,312,20.57,
02OA039,2,1938,313,20.57,
02OA039,2,1938,314,20.58,
02OA039,2,1938,315,20.57,
02OA039,2,1938,316,20.54,
02OA039,2,1938,317,20.51,
02OA039,2,1938,318,20.56,
02OA039,2,1938,319,20.62,
02OA039,2,1938,320,20.64,
02OA039,2,1938,321,20.61,
02OA039,2,1938,322,20.58,
02OA039,2,1938,323,20.54,
02OA039,2,1938,324,20.51,
02OA039,2,1938,325,20.57,
02OA039,2,1938,326,20.6,
02OA039,2,1938,327,20.6,
02OA039,2,1938,328,20.59,
02OA039,2,1938,329,20.53,
02OA039,2,1938,330,20.48,
02OA039,2,1938,331,20.42,
02OA039,2,1938,332,20.48,
02OA039,2,1938,333,20.53,
02OA039,2,1938,334,20.55,
02OA039,2,1938,335,20.54,
02OA039,2,1938,336,20.52,
02OA039,2,1938,337,20.44,
02OA039,2,1938,338,20.38,
02OA039,2,1938,339,20.49,
02OA039,2,1938,340,20.57,
02OA039,2,1938,341,20.58,
02OA039,2,1938,342,20.58,
02OA039,2,1938,343,20.59,
02OA039,2,1938,344,20.55,
02OA039,2,1938,345,20.5,
02OA039,2,1938,346,20.59,
02OA039,2,1938,347,20.68,
02OA039,2,1938,348,20.67,
02OA039,2,1938,349,20.63,
02OA039,2,1938,350,20.6,
02OA039,2,1938,351,20.56,
02OA039,2,1938,352,20.5,
02OA039,2,1938,353,20.53,
02OA039,2,1938,354,20.59,
02OA039,2,1938,355,20.56,
02OA039,2,1938,356,20.5,
02OA039,2,1938,357,20.5,
02OA039,2,1938,358,20.41,
02OA039,2,1938,359,20.38,
02OA039,2,1938,360,20.38,
02OA039,2,1938,361,20.47,
02OA039,2,1938,362,20.52,
02OA039,2,1938,363,20.66,
02OA039,2,1938,364,20.78,
02OA039,2,1938,365,20.91,
02OA039,2,1939,1,20.87,
02OA039,2,1939,2,20.84,
02OA039,2,1939,3,21.03,
02OA039,2,1939,4,21.14,
02OA039,2,1939,5,21.07,
02OA039,2,1939,6,20.85,
02OA039,2,1939,7,20.46,
02OA039,2,1939,8,20.37,
02OA039,2,1939,9,20.53,
02OA039,2,1939,10,20.62,
02OA039,2,1939,11,20.65,
02OA039,2,1939,12,20.84,
02OA039,2,1939,13,21.02,
02OA039,2,1939,14,21.12,
02OA039,2,1939,15,21.13,
02OA039,2,1939,16,21.17,
02OA039,2,1939,17,21.15,
02OA039,2,1939,18,21.18,
02OA039,2,1939,19,21.14,
02OA039,2,1939,20,21.1,
02OA039,2,1939,21,20.89,
02OA039,2,1939,22,20.78,
02OA039,2,1939,23,20.7,
02OA039,2,1939,24,20.79,
02OA039,2,1939,25,20.8,
02OA039,2,1939,26,20.75,
02OA039,2,1939,27,20.82,
02OA039,2,1939,28,20.79,
02OA039,2,1939,29,20.77,
02OA039,2,1939,30,20.8,
02OA039,2,1939,31,20.85,
02OA039,2,1939,32,20.79,
02OA039,2,1939,33,20.86,
02OA039,2,1939,34,20.84,
02OA039,2,1939,35,20.77,
02OA039,2,1939,36,20.75,
02OA039,2,1939,37,20.89,
02OA039,2,1939,38,21.01,
02OA039,2,1939,39,21.01,
02OA039,2,1939,40,20.86,
02OA039,2,1939,41,20.81,
02OA039,2,1939,42,20.74,
02OA039,2,1939,43,20.67,
02OA039,2,1939,44,20.74,
02OA039,2,1939,45,20.82,
02OA039,2,1939,46,20.81,
02OA039,2,1939,47,20.68,
02OA039,2,1939,48,20.65,
02OA039,2,1939,49,20.57,
02OA039,2,1939,50,20.46,
02OA039,2,1939,51,20.43,
02OA039,2,1939,52,20.65,
02OA039,2,1939,53,20.66,
02OA039,2,1939,54,20.61,
02OA039,2,1939,55,20.66,
02OA039,2,1939,56,20.72,
02OA039,2,1939,57,20.69,
02OA039,2,1939,58,20.68,
02OA039,2,1939,59,20.72,
02OA039,2,1939,60,20.55,
02OA039,2,1939,61,20.53,
02OA039,2,1939,62,20.57,
02OA039,2,1939,63,20.47,
02OA039,2,1939,64,20.42,
02OA039,2,1939,65,20.48,
02OA039,2,1939,66,20.58,
02OA039,2,1939,67,20.67,
02OA039,2,1939,68,20.82,
02OA039,2,1939,69,20.89,
02OA039,2,1939,70,20.84,
02OA039,2,1939,71,20.79,
02OA039,2,1939,72,20.83,
02OA039,2,1939,73,20.79,
02OA039,2,1939,74,20.73,
02OA039,2,1939,75,20.64,
02OA039,2,1939,76,20.63,
02OA039,2,1939,77,20.62,
02OA039,2,1939,78,20.57,
02OA039,2,1939,79,20.64,
02OA039,2,1939,80,20.68,
02OA039,2,1939,81,20.69,
02OA039,2,1939,82,20.68,
02OA039,2,1939,83,20.61,
02OA039,2,1939,84,20.5,
02OA039,2,1939,85,20.42,
02OA039,2,1939,86,20.56,
02OA039,2,1939,87,20.71,
02OA039,2,1939,88,20.78,
02OA039,2,1939,89,20.83,
02OA039,2,1939,90,20.8,
02OA039,2,1939,91,20.74,
02OA039,2,1939,92,20.71,
02OA039,2,1939,93,20.91,
02OA039,2,1939,94,21.07,
02OA039,2,1939,95,21.06,
02OA039,2,1939,96,21.02,
02OA039,2,1939,97,20.95,
02OA039,2,1939,98,20.98,
02OA039,2,1939,99,20.99,
02OA039,2,1939,100,21.16,
02OA039,2,1939,101,21.26,
02OA039,2,1939,102,21.23,
02OA039,2,1939,103,21.21,
02OA039,2,1939,104,21.25,
02OA039,2,1939,105,21.33,
02OA039,2,1939,106,21.41,
02OA039,2,1939,107,21.5,
02OA039,2,1939,108,21.56,
02OA039,2,1939,109,21.58,
02OA039,2,1939,110,21.59,
02OA039,2,1939,111,21.68,
02OA039,2,1939,112,21.72,
02OA039,2,1939,113,21.8,
02OA039,2,1939,114,21.9,
02OA039,2,1939,115,21.9,
02OA039,2,1939,116,21.79,
02OA039,2,1939,117,21.71,
02OA039,2,1939,118,21.67,
02OA039,2,1939,119,21.62,
02OA039,2,1939,120,21.6,
02OA039,2,1939,121,21.7,
02OA039,2,1939,122,21.74,
02OA039,2,1939,123,21.7,
02OA039,2,1939,124,21.68,
02OA039,2,1939,125,21.68,
02OA039,2,1939,126,21.63,
02OA039,2,1939,127,21.6,
02OA039,2,1939,128,21.7,
02OA039,2,1939,129,21.77,
02OA039,2,1939,130,21.79,
02OA039,2,1939,131,21.8,
02OA039,2,1939,132,21.81,
02OA039,2,1939,133,21.76,
02OA039,2,1939,134,21.71,
02OA039,2,1939,135,21.77,
02OA039,2,1939,136,21.76,
02OA039,2,1939,137,21.7,
02OA039,2,1939,138,21.63,
02OA039,2,1939,139,21.63,
02OA039,2,1939,140,21.58,
02OA039,2,1939,141,21.52,
02OA039,2,1939,142,21.56,
02OA039,2,1939,143,21.55,
02OA039,2,1939,144,21.51,
02OA039,2,1939,145,21.53,
02OA039,2,1939,146,21.51,
02OA039,2,1939,147,21.43,
02OA039,2,1939,148,21.37,
02OA039,2,1939,149,21.43,
02OA039,2,1939,150,21.45,
02OA039,2,1939,151,21.43,
02OA039,2,1939,152,21.36,
02OA039,2,1939,153,21.28,
02OA039,2,1939,154,21.2,
02OA039,2,1939,155,21.18,
02OA039,2,1939,156,21.26,
02OA039,2,1939,157,21.3,
02OA039,2,1939,158,21.29,
02OA039,2,1939,159,21.27,
02OA039,2,1939,160,21.26,
02OA039,2,1939,161,21.22,
02OA039,2,1939,162,21.21,
02OA039,2,1939,163,21.26,
02OA039,2,1939,164,21.28,
02OA039,2,1939,165,21.24,
02OA039,2,1939,166,21.19,
02OA039,2,1939,167,21.12,
02OA039,2,1939,168,21.11,
02OA039,2,1939,169,21.1,
02OA039,2,1939,170,21.11,
02OA039,2,1939,171,21.13,
02OA039,2,1939,172,21.13,
02OA039,2,1939,173,21.12,
02OA039,2,1939,174,21.12,
02OA039,2,1939,175,21.09,
02OA039,2,1939,176,21.09,
02OA039,2,1939,177,21.13,
02OA039,2,1939,178,21.11,
02OA039,2,1939,179,21.05,
02OA039,2,1939,180,21.04,
02OA039,2,1939,181,21.08,
02OA039,2,1939,182,21.11,
02OA039,2,1939,183,21.09,
02OA039,2,1939,184,21.15,
02OA039,2,1939,185,21.16,
02OA039,2,1939,186,21.11,
02OA039,2,1939,187,21.04,
02OA039,2,1939,188,21.03,
02OA039,2,1939,189,21.07,
02OA039,2,1939,190,21.03,
02OA039,2,1939,191,21.03,
02OA039,2,1939,192,20.96,
02OA039,2,1939,193,20.91,
02OA039,2,1939,194,20.91,
02OA039,2,1939,195,20.92,
02OA039,2,1939,196,20.93,
02OA039,2,1939,197,20.93,
02OA039,2,1939,198,20.96,
02OA039,2,1939,199,20.93,
02OA039,2,1939,200,20.92,
02OA039,2,1939,201,20.91,
02OA039,2,1939,202,20.9,
02OA039,2,1939,203,20.88,
02OA039,2,1939,204,20.87,
02OA039,2,1939,205,20.89,
02OA039,2,1939,206,20.89,
02OA039,2,1939,207,20.86,
02OA039,2,1939,208,20.84,
02OA039,2,1939,209,20.82,
02OA039,2,1939,210,20.77,
02OA039,2,1939,211,20.79,
02OA039,2,1939,212,20.87,
02OA039,2,1939,213,20.86,
02OA039,2,1939,214,20.85,
02OA039,2,1939,215,20.83,
02OA039,2,1939,216,20.82,
02OA039,2,1939,217,20.81,
02OA039,2,1939,218,20.83,
02OA039,2,1939,219,20.82,
02OA039,2,1939,220,20.82,
02OA039,2,1939,221,20.82,
02OA039,2,1939,222,20.82,
02OA039,2,1939,223,20.82,
02OA039,2,1939,224,20.8,
02OA039,2,1939,225,20.82,
02OA039,2,1939,226,20.89,
02OA039,2,1939,227,20.93,
02OA039,2,1939,228,20.91,
02OA039,2,1939,229,20.93,
02OA039,2,1939,230,20.93,
02OA039,2,1939,231,20.86,
02OA039,2,1939,232,20.86,
02OA039,2,1939,233,20.93,
02OA039,2,1939,234,20.95,
02OA039,2,1939,235,20.91,
02OA039,2,1939,236,20.87,
02OA039,2,1939,237,20.85,
02OA039,2,1939,238,20.78,
02OA039,2,1939,239,20.74,
02OA039,2,1939,240,20.77,
02OA039,2,1939,241,20.76,
02OA039,2,1939,242,20.73,
02OA039,2,1939,243,20.69,
02OA039,2,1939,244,20.68,
02OA039,2,1939,245,20.65,
02OA039,2,1939,246,20.63,
02OA039,2,1939,247,20.64,
02OA039,2,1939,248,20.73,
02OA039,2,1939,249,20.72,
02OA039,2,1939,250,20.64,
02OA039,2,1939,251,20.64,
02OA039,2,1939,252,20.59,
02OA039,2,1939,253,20.58,
02OA039,2,1939,254,20.66,
02OA039,2,1939,255,20.67,
02OA039,2,1939,256,20.63,
02OA039,2,1939,257,20.59,
02OA039,2,1939,258,20.59,
02OA039,2,1939,259,20.59,
02OA039,2,1939,260,20.53,
02OA039,2,1939,261,20.61,
02OA039,2,1939,262,20.61,
02OA039,2,1939,263,20.58,
02OA039,2,1939,264,20.57,
02OA039,2,1939,265,20.56,
02OA039,2,1939,266,20.52,
02OA039,2,1939,267,20.47,
02OA039,2,1939,268,20.55,
02OA039,2,1939,269,20.59,
02OA039,2,1939,270,20.58,
02OA039,2,1939,271,20.54,
02OA039,2,1939,272,20.52,
02OA039,2,1939,273,20.51,
02OA039,2,1939,274,20.48,
02OA039,2,1939,275,20.54,
02OA039,2,1939,276,20.56,
02OA039,2,1939,277,20.54,
02OA039,2,1939,278,20.53,
02OA039,2,1939,279,20.55,
02OA039,2,1939,280,20.52,
02OA039,2,1939,281,20.44,
02OA039,2,1939,282,20.51,
02OA039,2,1939,283,20.63,
02OA039,2,1939,284,20.58,
02OA039,2,1939,285,20.59,
02OA039,2,1939,286,20.59,
02OA039,2,1939,287,20.59,
02OA039,2,1939,288,20.53,
02OA039,2,1939,289,20.6,
02OA039,2,1939,290,20.63,
02OA039,2,1939,291,20.61,
02OA039,2,1939,292,20.59,
02OA039,2,1939,293,20.56,
02OA039,2,1939,294,20.53,
02OA039,2,1939,295,20.46,
02OA039,2,1939,296,20.54,
02OA039,2,1939,297,20.58,
02OA039,2,1939,298,20.54,
02OA039,2,1939,299,20.52,
02OA039,2,1939,300,20.52,
02OA039,2,1939,301,20.47,
02OA039,2,1939,302,20.43,
02OA039,2,1939,303,20.55,
02OA039,2,1939,304,20.58,
02OA039,2,1939,305,20.57,
02OA039,2,1939,306,20.56,
02OA039,2,1939,307,20.57,
02OA039,2,1939,308,20.53,
02OA039,2,1939,309,20.47,
02OA039,2,1939,310,20.54,
02OA039,2,1939,311,20.57,
02OA039,2,1939,312,20.59,
02OA039,2,1939,313,20.58,
02OA039,2,1939,314,20.58,
02OA039,2,1939,315,20.53,
02OA039,2,1939,316,20.53,
02OA039,2,1939,317,20.6,
02OA039,2,1939,318,20.61,
02OA039,2,1939,319,20.56,
02OA039,2,1939,320,20.52,
02OA039,2,1939,321,20.5,
02OA039,2,1939,322,20.49,
02OA039,2,1939,323,20.39,
02OA039,2,1939,324,20.48,
02OA039,2,1939,325,20.5,
02OA039,2,1939,326,20.44,
02OA039,2,1939,327,20.43,
02OA039,2,1939,328,20.43,
02OA039,2,1939,329,20.41,
02OA039,2,1939,330,20.32,
02OA039,2,1939,331,20.38,
02OA039,2,1939,332,20.41,
02OA039,2,1939,333,20.4,
02OA039,2,1939,334,20.43,
02OA039,2,1939,335,20.44,
02OA039,2,1939,336,20.43,
02OA039,2,1939,337,20.39,
02OA039,2,1939,338,20.46,
02OA039,2,1939,339,20.45,
02OA039,2,1939,340,20.46,
02OA039,2,1939,341,20.48,
02OA039,2,1939,342,20.46,
02OA039,2,1939,343,20.43,
02OA039,2,1939,344,20.37,
02OA039,2,1939,345,20.45,
02OA039,2,1939,346,20.47,
02OA039,2,1939,347,20.44,
02OA039,2,1939,348,20.45,
02OA039,2,1939,349,20.49,
02OA039,2,1939,350,20.51,
02OA039,2,1939,351,20.39,
02OA039,2,1939,352,20.39,
02OA039,2,1939,353,20.46,
02OA039,2,1939,354,20.43,
02OA039,2,1939,355,20.44,
02OA039,2,1939,356,20.45,
02OA039,2,1939,357,20.46,
02OA039,2,1939,358,20.46,
02OA039,2,1939,359,20.52,
02OA039,2,1939,360,20.67,
02OA039,2,1939,361,20.87,
02OA039,2,1939,362,20.92,
02OA039,2,1939,363,20.96,
02OA039,2,1939,364,20.91,
02OA039,2,1939,365,20.77,
02OA039,2,1940,1,20.71,
02OA039,2,1940,2,20.82,
02OA039,2,1940,3,20.86,
02OA039,2,1940,4,20.88,
02OA039,2,1940,5,20.94,
02OA039,2,1940,6,20.95,
02OA039,2,1940,7,20.89,
02OA039,2,1940,8,20.95,
02OA039,2,1940,9,21.12,
02OA039,2,1940,10,21.14,
02OA039,2,1940,11,21.09,
02OA039,2,1940,12,21.06,
02OA039,2,1940,13,20.95,
02OA039,2,1940,14,20.59,
02OA039,2,1940,15,20.5,
02OA039,2,1940,16,20.5,
02OA039,2,1940,17,20.47,
02OA039,2,1940,18,20.52,
02OA039,2,1940,19,20.6,
02OA039,2,1940,20,20.59,
02OA039,2,1940,21,20.46,
02OA039,2,1940,22,20.55,
02OA039,2,1940,23,20.79,
02OA039,2,1940,24,20.89,
02OA039,2,1940,25,20.92,
02OA039,2,1940,26,20.89,
02OA039,2,1940,27,20.81,
02OA039,2,1940,28,20.68,
02OA039,2,1940,29,20.78,
02OA039,2,1940,30,21,
02OA039,2,1940,31,21.02,
02OA039,2,1940,32,21.02,
02OA039,2,1940,33,21.02,
02OA039,2,1940,34,20.91,
02OA039,2,1940,35,20.77,
02OA039,2,1940,36,20.83,
02OA039,2,1940,37,20.87,
02OA039,2,1940,38,20.74,
02OA039,2,1940,39,20.59,
02OA039,2,1940,40,20.56,
02OA039,2,1940,41,20.54,
02OA039,2,1940,42,20.42,
02OA039,2,1940,43,20.55,
02OA039,2,1940,44,20.75,
02OA039,2,1940,45,20.76,
02OA039,2,1940,46,20.72,
02OA039,2,1940,47,20.63,
02OA039,2,1940,48,20.61,
02OA039,2,1940,49,20.49,
02OA039,2,1940,50,20.47,
02OA039,2,1940,51,20.55,
02OA039,2,1940,52,20.53,
02OA039,2,1940,53,20.49,
02OA039,2,1940,54,20.47,
02OA039,2,1940,55,20.47,
02OA039,2,1940,56,20.37,
02OA039,2,1940,57,20.46,
02OA039,2,1940,58,20.57,
02OA039,2,1940,59,20.55,
02OA039,2,1940,60,20.54,
02OA039,2,1940,61,20.51,
02OA039,2,1940,62,20.44,
02OA039,2,1940,63,20.26,
02OA039,2,1940,64,20.29,
02OA039,2,1940,65,20.42,
02OA039,2,1940,66,20.42,
02OA039,2,1940,67,20.4,
02OA039,2,1940,68,20.42,
02OA039,2,1940,69,20.41,
02OA039,2,1940,70,20.29,
02OA039,2,1940,71,20.34,
02OA039,2,1940,72,20.52,
02OA039,2,1940,73,20.59,
02OA039,2,1940,74,20.53,
02OA039,2,1940,75,20.5,
02OA039,2,1940,76,20.5,
02OA039,2,1940,77,20.37,
02OA039,2,1940,78,20.44,
02OA039,2,1940,79,20.51,
02OA039,2,1940,80,20.48,
02OA039,2,1940,81,20.47,
02OA039,2,1940,82,20.52,
02OA039,2,1940,83,20.52,
02OA039,2,1940,84,20.39,
02OA039,2,1940,85,20.52,
02OA039,2,1940,86,20.67,
02OA039,2,1940,87,20.61,
02OA039,2,1940,88,20.58,
02OA039,2,1940,89,20.55,
02OA039,2,1940,90,20.49,
02OA039,2,1940,91,20.31,
02OA039,2,1940,92,20.42,
02OA039,2,1940,93,20.69,
02OA039,2,1940,94,20.81,
02OA039,2,1940,95,20.86,
02OA039,2,1940,96,20.87,
02OA039,2,1940,97,20.86,
02OA039,2,1940,98,20.83,
02OA039,2,1940,99,20.97,
02OA039,2,1940,100,21.09,
02OA039,2,1940,101,21.15,
02OA039,2,1940,102,21.22,
02OA039,2,1940,103,21.29,
02OA039,2,1940,104,21.32,
02OA039,2,1940,105,21.2,
02OA039,2,1940,106,21.2,
02OA039,2,1940,107,21.23,
02OA039,2,1940,108,21.18,
02OA039,2,1940,109,21.24,
02OA039,2,1940,110,21.34,
02OA039,2,1940,111,21.46,
02OA039,2,1940,112,21.36,
02OA039,2,1940,113,21.33,
02OA039,2,1940,114,21.38,
02OA039,2,1940,115,21.32,
02OA039,2,1940,116,21.32,
02OA039,2,1940,117,21.25,
02OA039,2,1940,118,21.18,
02OA039,2,1940,119,21.05,
02OA039,2,1940,120,21.12,
02OA039,2,1940,121,21.2,
02OA039,2,1940,122,21.21,
02OA039,2,1940,123,21.23,
02OA039,2,1940,124,21.3,
02OA039,2,1940,125,21.32,
02OA039,2,1940,126,21.25,
02OA039,2,1940,127,21.38,
02OA039,2,1940,128,21.45,
02OA039,2,1940,129,21.43,
02OA039,2,1940,130,21.37,
02OA039,2,1940,131,21.32,
02OA039,2,1940,132,21.25,
02OA039,2,1940,133,21.12,
02OA039,2,1940,134,21.19,
02OA039,2,1940,135,21.23,
02OA039,2,1940,136,21.17,
02OA039,2,1940,137,21.11,
02OA039,2,1940,138,21.09,
02OA039,2,1940,139,21.06,
02OA039,2,1940,140,20.98,
02OA039,2,1940,141,21.05,
02OA039,2,1940,142,21.06,
02OA039,2,1940,143,21.04,
02OA039,2,1940,144,21.06,
02OA039,2,1940,145,21.04,
02OA039,2,1940,146,21,
02OA039,2,1940,147,20.94,
02OA039,2,1940,148,21.08,
02OA039,2,1940,149,21.16,
02OA039,2,1940,150,21.19,
02OA039,2,1940,151,21.23,
02OA039,2,1940,152,21.21,
02OA039,2,1940,153,21.3,
02OA039,2,1940,154,21.26,
02OA039,2,1940,155,21.41,
02OA039,2,1940,156,21.51,
02OA039,2,1940,157,21.51,
02OA039,2,1940,158,21.47,
02OA039,2,1940,159,21.43,
02OA039,2,1940,160,21.36,
02OA039,2,1940,161,21.24,
02OA039,2,1940,162,21.32,
02OA039,2,1940,163,21.36,
02OA039,2,1940,164,21.3,
02OA039,2,1940,165,21.27,
02OA039,2,1940,166,21.27,
02OA039,2,1940,167,21.24,
02OA039,2,1940,168,21.18,
02OA039,2,1940,169,21.28,
02OA039,2,1940,170,21.3,
02OA039,2,1940,171,21.27,
02OA039,2,1940,172,21.24,
02OA039,2,1940,173,21.25,
02OA039,2,1940,174,21.22,
02OA039,2,1940,175,21.14,
02OA039,2,1940,176,21.18,
02OA039,2,1940,177,21.23,
02OA039,2,1940,178,21.19,
02OA039,2,1940,179,21.16,
02OA039,2,1940,180,21.15,
02OA039,2,1940,181,21.13,
02OA039,2,1940,182,21.08,
02OA039,2,1940,183,21.13,
02OA039,2,1940,184,21.25,
02OA039,2,1940,185,21.26,
02OA039,2,1940,186,21.2,
02OA039,2,1940,187,21.18,
02OA039,2,1940,188,21.15,
02OA039,2,1940,189,21.12,
02OA039,2,1940,190,21.18,
02OA039,2,1940,191,21.18,
02OA039,2,1940,192,21.15,
02OA039,2,1940,193,21.11,
02OA039,2,1940,194,21.05,
02OA039,2,1940,195,20.98,
02OA039,2,1940,196,20.9,
02OA039,2,1940,197,20.97,
02OA039,2,1940,198,21.02,
02OA039,2,1940,199,20.99,
02OA039,2,1940,200,20.93,
02OA039,2,1940,201,20.9,
02OA039,2,1940,202,20.86,
02OA039,2,1940,203,20.79,
02OA039,2,1940,204,20.88,
02OA039,2,1940,205,20.91,
02OA039,2,1940,206,20.9,
02OA039,2,1940,207,20.89,
02OA039,2,1940,208,20.89,
02OA039,2,1940,209,20.89,
02OA039,2,1940,210,20.86,
02OA039,2,1940,211,20.88,
02OA039,2,1940,212,20.85,
02OA039,2,1940,213,20.82,
02OA039,2,1940,214,20.82,
02OA039,2,1940,215,20.82,
02OA039,2,1940,216,20.79,
02OA039,2,1940,217,20.79,
02OA039,2,1940,218,20.81,
02OA039,2,1940,219,20.8,
02OA039,2,1940,220,20.8,
02OA039,2,1940,221,20.79,
02OA039,2,1940,222,20.77,
02OA039,2,1940,223,20.74,
02OA039,2,1940,224,20.72,
02OA039,2,1940,225,20.75,
02OA039,2,1940,226,20.73,
02OA039,2,1940,227,20.73,
02OA039,2,1940,228,20.72,
02OA039,2,1940,229,20.71,
02OA039,2,1940,230,20.66,
02OA039,2,1940,231,20.63,
02OA039,2,1940,232,20.71,
02OA039,2,1940,233,20.71,
02OA039,2,1940,234,20.69,
02OA039,2,1940,235,20.68,
02OA039,2,1940,236,20.68,
02OA039,2,1940,237,20.65,
02OA039,2,1940,238,20.58,
02OA039,2,1940,239,20.63,
02OA039,2,1940,240,20.66,
02OA039,2,1940,241,20.62,
02OA039,2,1940,242,20.62,
02OA039,2,1940,243,20.61,
02OA039,2,1940,244,20.62,
02OA039,2,1940,245,20.61,
02OA039,2,1940,246,20.64,
02OA039,2,1940,247,20.66,
02OA039,2,1940,248,20.66,
02OA039,2,1940,249,20.65,
02OA039,2,1940,250,20.64,
02OA039,2,1940,251,20.62,
02OA039,2,1940,252,20.62,
02OA039,2,1940,253,20.62,
02OA039,2,1940,254,20.63,
02OA039,2,1940,255,20.62,
02OA039,2,1940,256,20.64,
02OA039,2,1940,257,20.64,
02OA039,2,1940,258,20.63,
02OA039,2,1940,259,20.61,
02OA039,2,1940,260,20.6,
02OA039,2,1940,261,20.6,
02OA039,2,1940,262,20.6,
02OA039,2,1940,263,20.61,
02OA039,2,1940,264,20.63,
02OA039,2,1940,265,20.67,
02OA039,2,1940,266,20.65,
02OA039,2,1940,267,20.66,
02OA039,2,1940,268,20.66,
02OA039,2,1940,269,20.66,
02OA039,2,1940,270,20.64,
02OA039,2,1940,271,20.62,
02OA039,2,1940,272,20.61,
02OA039,2,1940,273,20.62,
02OA039,2,1940,274,20.63,
02OA039,2,1940,275,20.58,
02OA039,2,1940,276,20.55,
02OA039,2,1940,277,20.54,
02OA039,2,1940,278,20.54,
02OA039,2,1940,279,20.52,
02OA039,2,1940,280,20.47,
02OA039,2,1940,281,20.57,
02OA039,2,1940,282,20.56,
02OA039,2,1940,283,20.55,
02OA039,2,1940,284,20.55,
02OA039,2,1940,285,20.54,
02OA039,2,1940,286,20.54,
02OA039,2,1940,287,20.5,
02OA039,2,1940,288,20.57,
02OA039,2,1940,289,20.55,
02OA039,2,1940,290,20.53,
02OA039,2,1940,291,20.52,
02OA039,2,1940,292,20.52,
02OA039,2,1940,293,20.51,
02OA039,2,1940,294,20.52,
02OA039,2,1940,295,20.51,
02OA039,2,1940,296,20.5,
02OA039,2,1940,297,20.49,
02OA039,2,1940,298,20.5,
02OA039,2,1940,299,20.5,
02OA039,2,1940,300,20.47,
02OA039,2,1940,301,20.44,
02OA039,2,1940,302,20.43,
02OA039,2,1940,303,20.45,
02OA039,2,1940,304,20.43,
02OA039,2,1940,305,20.41,
02OA039,2,1940,306,20.4,
02OA039,2,1940,307,20.41,
02OA039,2,1940,308,20.35,
02OA039,2,1940,309,20.45,
02OA039,2,1940,310,20.54,
02OA039,2,1940,311,20.54,
02OA039,2,1940,312,20.54,
02OA039,2,1940,313,20.54,
02OA039,2,1940,314,20.53,
02OA039,2,1940,315,20.46,
02OA039,2,1940,316,20.51,
02OA039,2,1940,317,20.56,
02OA039,2,1940,318,20.61,
02OA039,2,1940,319,20.64,
02OA039,2,1940,320,20.6,
02OA039,2,1940,321,20.56,
02OA039,2,1940,322,20.46,
02OA039,2,1940,323,20.54,
02OA039,2,1940,324,20.59,
02OA039,2,1940,325,20.59,
02OA039,2,1940,326,20.59,
02OA039,2,1940,327,20.59,
02OA039,2,1940,328,20.59,
02OA039,2,1940,329,20.54,
02OA039,2,1940,330,20.6,
02OA039,2,1940,331,20.62,
02OA039,2,1940,332,20.59,
02OA039,2,1940,333,20.53,
02OA039,2,1940,334,20.51,
02OA039,2,1940,335,20.53,
02OA039,2,1940,336,20.48,
02OA039,2,1940,337,20.59,
02OA039,2,1940,338,20.66,
02OA039,2,1940,339,20.67,
02OA039,2,1940,340,20.69,
02OA039,2,1940,341,20.79,
02OA039,2,1940,342,20.82,
02OA039,2,1940,343,20.64,
02OA039,2,1940,344,20.67,
02OA039,2,1940,345,20.76,
02OA039,2,1940,346,20.71,
02OA039,2,1940,347,20.68,
02OA039,2,1940,348,20.64,
02OA039,2,1940,349,20.69,
02OA039,2,1940,350,20.75,
02OA039,2,1940,351,20.84,
02OA039,2,1940,352,20.84,
02OA039,2,1940,353,20.9,
02OA039,2,1940,354,20.93,
02OA039,2,1940,355,20.8,
02OA039,2,1940,356,20.69,
02OA039,2,1940,357,20.6,
02OA039,2,1940,358,20.67,
02OA039,2,1940,359,20.7,
02OA039,2,1940,360,20.55,
02OA039,2,1940,361,20.62,
02OA039,2,1940,362,20.69,
02OA039,2,1940,363,20.67,
02OA039,2,1940,364,20.6,
02OA039,2,1940,365,20.74,
02OA039,2,1940,366,20.88,
02OA039,2,1941,1,20.9,
02OA039,2,1941,2,20.91,
02OA039,2,1941,3,20.89,
02OA039,2,1941,4,20.86,
02OA039,2,1941,5,20.74,
02OA039,2,1941,6,20.82,
02OA039,2,1941,7,20.97,
02OA039,2,1941,8,21.01,
02OA039,2,1941,9,21,
02OA039,2,1941,10,21.02,
02OA039,2,1941,11,21,
02OA039,2,1941,12,20.98,
02OA039,2,1941,13,21.13,
02OA039,2,1941,14,21.25,
02OA039,2,1941,15,21.24,
02OA039,2,1941,16,21.25,
02OA039,2,1941,17,21.25,
02OA039,2,1941,18,21.18,
02OA039,2,1941,19,21.01,
02OA039,2,1941,20,21.06,
02OA039,2,1941,21,21.2,
02OA039,2,1941,22,21.27,
02OA039,2,1941,23,21.27,
02OA039,2,1941,24,21.25,
02OA039,2,1941,25,21.2,
02OA039,2,1941,26,21.14,
02OA039,2,1941,27,21.24,
02OA039,2,1941,28,21.27,
02OA039,2,1941,29,21.18,
02OA039,2,1941,30,21.1,
02OA039,2,1941,31,21.09,
02OA039,2,1941,32,21.1,
02OA039,2,1941,33,21.03,
02OA039,2,1941,34,21.14,
02OA039,2,1941,35,21.14,
02OA039,2,1941,36,21.04,
02OA039,2,1941,37,21.07,
02OA039,2,1941,38,21.05,
02OA039,2,1941,39,20.84,
02OA039,2,1941,40,20.61,
02OA039,2,1941,41,20.7,
02OA039,2,1941,42,20.74,
02OA039,2,1941,43,20.67,
02OA039,2,1941,44,20.64,
02OA039,2,1941,45,20.61,
02OA039,2,1941,46,20.47,
02OA039,2,1941,47,20.46,
02OA039,2,1941,48,20.71,
02OA039,2,1941,49,21,
02OA039,2,1941,50,21.08,
02OA039,2,1941,51,21.12,
02OA039,2,1941,52,21.14,
02OA039,2,1941,53,21,
02OA039,2,1941,54,20.72,
02OA039,2,1941,55,20.77,
02OA039,2,1941,56,20.92,
02OA039,2,1941,57,20.86,
02OA039,2,1941,58,20.9,
02OA039,2,1941,59,20.9,
02OA039,2,1941,60,20.76,
02OA039,2,1941,61,20.58,
02OA039,2,1941,62,20.58,
02OA039,2,1941,63,20.66,
02OA039,2,1941,64,20.7,
02OA039,2,1941,65,20.76,
02OA039,2,1941,66,20.72,
02OA039,2,1941,67,20.65,
02OA039,2,1941,68,20.47,
02OA039,2,1941,69,20.54,
02OA039,2,1941,70,20.64,
02OA039,2,1941,71,20.57,
02OA039,2,1941,72,20.51,
02OA039,2,1941,73,20.5,
02OA039,2,1941,74,20.5,
02OA039,2,1941,75,20.36,
02OA039,2,1941,76,20.43,
02OA039,2,1941,77,20.57,
02OA039,2,1941,78,20.58,
02OA039,2,1941,79,20.62,
02OA039,2,1941,80,20.64,
02OA039,2,1941,81,20.61,
02OA039,2,1941,82,20.47,
02OA039,2,1941,83,20.53,
02OA039,2,1941,84,20.64,
02OA039,2,1941,85,20.64,
02OA039,2,1941,86,20.65,
02OA039,2,1941,87,20.69,
02OA039,2,1941,88,20.73,
02OA039,2,1941,89,20.74,
02OA039,2,1941,90,20.9,
02OA039,2,1941,91,20.98,
02OA039,2,1941,92,20.91,
02OA039,2,1941,93,20.94,
02OA039,2,1941,94,21,
02OA039,2,1941,95,21.09,
02OA039,2,1941,96,21.16,
02OA039,2,1941,97,21.19,
02OA039,2,1941,98,21.17,
02OA039,2,1941,99,21.19,
02OA039,2,1941,100,21.21,
02OA039,2,1941,101,21.2,
02OA039,2,1941,102,21.18,
02OA039,2,1941,103,21.05,
02OA039,2,1941,104,21.11,
02OA039,2,1941,105,21.15,
02OA039,2,1941,106,21.23,
02OA039,2,1941,107,21.31,
02OA039,2,1941,108,21.36,
02OA039,2,1941,109,21.35,
02OA039,2,1941,110,21.35,
02OA039,2,1941,111,21.45,
02OA039,2,1941,112,21.5,
02OA039,2,1941,113,21.49,
02OA039,2,1941,114,21.51,
02OA039,2,1941,115,21.53,
02OA039,2,1941,116,21.53,
02OA039,2,1941,117,21.48,
02OA039,2,1941,118,21.61,
02OA039,2,1941,119,21.68,
02OA039,2,1941,120,21.64,
02OA039,2,1941,121,21.58,
02OA039,2,1941,122,21.47,
02OA039,2,1941,123,21.4,
02OA039,2,1941,124,21.37,
02OA039,2,1941,125,21.35,
02OA039,2,1941,126,21.26,
02OA039,2,1941,127,21.19,
02OA039,2,1941,128,21.14,
02OA039,2,1941,129,21.07,
02OA039,2,1941,130,20.98,
02OA039,2,1941,131,20.87,
02OA039,2,1941,132,20.95,
02OA039,2,1941,133,20.99,
02OA039,2,1941,134,20.94,
02OA039,2,1941,135,20.89,
02OA039,2,1941,136,20.88,
02OA039,2,1941,137,20.89,
02OA039,2,1941,138,20.8,
02OA039,2,1941,139,20.87,
02OA039,2,1941,140,20.92,
02OA039,2,1941,141,20.91,
02OA039,2,1941,142,20.86,
02OA039,2,1941,143,20.86,
02OA039,2,1941,144,20.84,
02OA039,2,1941,145,20.86,
02OA039,2,1941,146,20.84,
02OA039,2,1941,147,20.88,
02OA039,2,1941,148,20.88,
02OA039,2,1941,149,20.89,
02OA039,2,1941,150,20.89,
02OA039,2,1941,151,20.84,
02OA039,2,1941,152,20.73,
02OA039,2,1941,153,20.79,
02OA039,2,1941,154,20.84,
02OA039,2,1941,155,20.82,
02OA039,2,1941,156,20.79,
02OA039,2,1941,157,20.77,
02OA039,2,1941,158,20.76,
02OA039,2,1941,159,20.78,
02OA039,2,1941,160,20.75,
02OA039,2,1941,161,20.72,
02OA039,2,1941,162,20.71,
02OA039,2,1941,163,20.68,
02OA039,2,1941,164,20.63,
02OA039,2,1941,165,20.59,
02OA039,2,1941,166,20.64,
02OA039,2,1941,167,20.63,
02OA039,2,1941,168,20.6,
02OA039,2,1941,169,20.6,
02OA039,2,1941,170,20.6,
02OA039,2,1941,171,20.63,
02OA039,2,1941,172,20.67,
02OA039,2,1941,173,20.7,
02OA039,2,1941,174,20.65,
02OA039,2,1941,175,20.59,
02OA039,2,1941,176,20.58,
02OA039,2,1941,177,20.59,
02OA039,2,1941,178,20.6,
02OA039,2,1941,179,20.63,
02OA039,2,1941,180,20.61,
02OA039,2,1941,181,20.63,
02OA039,2,1941,182,20.62,
02OA039,2,1941,183,20.58,
02OA039,2,1941,184,20.56,
02OA039,2,1941,185,20.55,
02OA039,2,1941,186,20.55,
02OA039,2,1941,187,20.57,
02OA039,2,1941,188,20.57,
02OA039,2,1941,189,20.6,
02OA039,2,1941,190,20.61,
02OA039,2,1941,191,20.63,
02OA039,2,1941,192,20.64,
02OA039,2,1941,193,20.64,
02OA039,2,1941,194,20.6,
02OA039,2,1941,195,20.59,
02OA039,2,1941,196,20.57,
02OA039,2,1941,197,20.56,
02OA039,2,1941,198,20.57,
02OA039,2,1941,199,20.58,
02OA039,2,1941,200,20.6,
02OA039,2,1941,201,20.62,
02OA039,2,1941,202,20.64,
02OA039,2,1941,203,20.61,
02OA039,2,1941,204,20.6,
02OA039,2,1941,205,20.58,
02OA039,2,1941,206,20.56,
02OA039,2,1941,207,20.56,
02OA039,2,1941,208,20.47,
02OA039,2,1941,209,20.57,
02OA039,2,1941,210,20.65,
02OA039,2,1941,211,20.65,
02OA039,2,1941,212,20.65,
02OA039,2,1941,213,20.63,
02OA039,2,1941,214,20.63,
02OA039,2,1941,215,20.55,
02OA039,2,1941,216,20.6,
02OA039,2,1941,217,20.59,
02OA039,2,1941,218,20.56,
02OA039,2,1941,219,20.54,
02OA039,2,1941,220,20.53,
02OA039,2,1941,221,20.51,
02OA039,2,1941,222,20.47,
02OA039,2,1941,223,20.47,
02OA039,2,1941,224,20.47,
02OA039,2,1941,225,20.47,
02OA039,2,1941,226,20.49,
02OA039,2,1941,227,20.49,
02OA039,2,1941,228,20.49,
02OA039,2,1941,229,20.41,
02OA039,2,1941,230,20.46,
02OA039,2,1941,231,20.48,
02OA039,2,1941,232,20.47,
02OA039,2,1941,233,20.47,
02OA039,2,1941,234,20.45,
02OA039,2,1941,235,20.43,
02OA039,2,1941,236,20.38,
02OA039,2,1941,237,20.45,
02OA039,2,1941,238,20.53,
02OA039,2,1941,239,20.51,
02OA039,2,1941,240,20.52,
02OA039,2,1941,241,20.49,
02OA039,2,1941,242,20.38,
02OA039,2,1941,243,20.36,
02OA039,2,1941,244,20.32,
02OA039,2,1941,245,20.42,
02OA039,2,1941,246,20.43,
02OA039,2,1941,247,20.43,
02OA039,2,1941,248,20.43,
02OA039,2,1941,249,20.47,
02OA039,2,1941,250,20.39,
02OA039,2,1941,251,20.49,
02OA039,2,1941,252,20.49,
02OA039,2,1941,253,20.46,
02OA039,2,1941,254,20.45,
02OA039,2,1941,255,20.45,
02OA039,2,1941,256,20.48,
02OA039,2,1941,257,20.43,
02OA039,2,1941,258,20.48,
02OA039,2,1941,259,20.48,
02OA039,2,1941,260,20.46,
02OA039,2,1941,261,20.47,
02OA039,2,1941,262,20.45,
02OA039,2,1941,263,20.43,
02OA039,2,1941,264,20.37,
02OA039,2,1941,265,20.41,
02OA039,2,1941,266,20.45,
02OA039,2,1941,267,20.4,
02OA039,2,1941,268,20.38,
02OA039,2,1941,269,20.34,
02OA039,2,1941,270,20.41,
02OA039,2,1941,271,20.42,
02OA039,2,1941,272,20.44,
02OA039,2,1941,273,20.41,
02OA039,2,1941,274,20.38,
02OA039,2,1941,275,20.39,
02OA039,2,1941,276,20.42,
02OA039,2,1941,277,20.42,
02OA039,2,1941,278,20.37,
02OA039,2,1941,279,20.46,
02OA039,2,1941,280,20.44,
02OA039,2,1941,281,20.4,
02OA039,2,1941,282,20.42,
02OA039,2,1941,283,20.46,
02OA039,2,1941,284,20.45,
02OA039,2,1941,285,20.41,
02OA039,2,1941,286,20.48,
02OA039,2,1941,287,20.55,
02OA039,2,1941,288,20.54,
02OA039,2,1941,289,20.57,
02OA039,2,1941,290,20.62,
02OA039,2,1941,291,20.63,
02OA039,2,1941,292,20.55,
02OA039,2,1941,293,20.59,
02OA039,2,1941,294,20.58,
02OA039,2,1941,295,20.57,
02OA039,2,1941,296,20.55,
02OA039,2,1941,297,20.53,
02OA039,2,1941,298,20.52,
02OA039,2,1941,299,20.51,
02OA039,2,1941,300,20.55,
02OA039,2,1941,301,20.59,
02OA039,2,1941,302,20.58,
02OA039,2,1941,303,20.53,
02OA039,2,1941,304,20.48,
02OA039,2,1941,305,20.48,
02OA039,2,1941,306,20.34,
02OA039,2,1941,307,20.57,
02OA039,2,1941,308,20.67,
02OA039,2,1941,309,20.63,
02OA039,2,1941,310,20.61,
02OA039,2,1941,311,20.64,
02OA039,2,1941,312,20.66,
02OA039,2,1941,313,20.67,
02OA039,2,1941,314,20.79,
02OA039,2,1941,315,20.82,
02OA039,2,1941,316,20.81,
02OA039,2,1941,317,20.79,
02OA039,2,1941,318,20.77,
02OA039,2,1941,319,20.77,
02OA039,2,1941,320,20.7,
02OA039,2,1941,321,20.75,
02OA039,2,1941,322,20.75,
02OA039,2,1941,323,20.71,
02OA039,2,1941,324,20.69,
02OA039,2,1941,325,20.72,
02OA039,2,1941,326,20.77,
02OA039,2,1941,327,20.68,
02OA039,2,1941,328,20.7,
02OA039,2,1941,329,20.68,
02OA039,2,1941,330,20.66,
02OA039,2,1941,331,20.65,
02OA039,2,1941,332,20.66,
02OA039,2,1941,333,20.67,
02OA039,2,1941,334,20.61,
02OA039,2,1941,335,20.63,
02OA039,2,1941,336,20.6,
02OA039,2,1941,337,20.55,
02OA039,2,1941,338,20.55,
02OA039,2,1941,339,20.58,
02OA039,2,1941,340,20.64,
02OA039,2,1941,341,20.62,
02OA039,2,1941,342,20.62,
02OA039,2,1941,343,20.54,
02OA039,2,1941,344,20.49,
02OA039,2,1941,345,20.48,
02OA039,2,1941,346,20.5,
02OA039,2,1941,347,20.54,
02OA039,2,1941,348,20.48,
02OA039,2,1941,349,20.54,
02OA039,2,1941,350,20.53,
02OA039,2,1941,351,20.53,
02OA039,2,1941,352,20.55,
02OA039,2,1941,353,20.54,
02OA039,2,1941,354,20.55,
02OA039,2,1941,355,20.45,
02OA039,2,1941,356,20.55,
02OA039,2,1941,357,20.74,
02OA039,2,1941,358,20.7,
02OA039,2,1941,359,20.51,
02OA039,2,1941,360,20.65,
02OA039,2,1941,361,20.75,
02OA039,2,1941,362,20.61,
02OA039,2,1941,363,20.71,
02OA039,2,1941,364,20.75,
02OA039,2,1941,365,20.66,
02OA039,2,1942,1,20.55,
02OA039,2,1942,2,20.62,
02OA039,2,1942,3,20.8,
02OA039,2,1942,4,20.83,
02OA039,2,1942,5,20.79,
02OA039,2,1942,6,20.98,
02OA039,2,1942,7,21.14,
02OA039,2,1942,8,21.22,
02OA039,2,1942,9,21.21,
02OA039,2,1942,10,21.24,
02OA039,2,1942,11,21.06,
02OA039,2,1942,12,21.11,
02OA039,2,1942,13,21.18,
02OA039,2,1942,14,21.13,
02OA039,2,1942,15,21.14,
02OA039,2,1942,16,21.13,
02OA039,2,1942,17,21.06,
02OA039,2,1942,18,20.93,
02OA039,2,1942,19,20.79,
02OA039,2,1942,20,20.73,
02OA039,2,1942,21,20.63,
02OA039,2,1942,22,20.69,
02OA039,2,1942,23,20.68,
02OA039,2,1942,24,20.64,
02OA039,2,1942,25,20.69,
02OA039,2,1942,26,20.82,
02OA039,2,1942,27,20.75,
02OA039,2,1942,28,20.75,
02OA039,2,1942,29,20.93,
02OA039,2,1942,30,20.89,
02OA039,2,1942,31,20.9,
02OA039,2,1942,32,20.84,
02OA039,2,1942,33,20.78,
02OA039,2,1942,34,20.97,
02OA039,2,1942,35,21,
02OA039,2,1942,36,20.96,
02OA039,2,1942,37,20.91,
02OA039,2,1942,38,20.89,
02OA039,2,1942,39,20.71,
02OA039,2,1942,40,20.56,
02OA039,2,1942,41,20.73,
02OA039,2,1942,42,21.01,
02OA039,2,1942,43,21.01,
02OA039,2,1942,44,21.05,
02OA039,2,1942,45,21.11,
02OA039,2,1942,46,20.96,
02OA039,2,1942,47,20.81,
02OA039,2,1942,48,20.82,
02OA039,2,1942,49,20.77,
02OA039,2,1942,50,20.78,
02OA039,2,1942,51,20.79,
02OA039,2,1942,52,20.78,
02OA039,2,1942,53,20.72,
02OA039,2,1942,54,20.76,
02OA039,2,1942,55,20.7,
02OA039,2,1942,56,20.68,
02OA039,2,1942,57,20.57,
02OA039,2,1942,58,20.6,
02OA039,2,1942,59,20.55,
02OA039,2,1942,60,20.43,
02OA039,2,1942,61,20.43,
02OA039,2,1942,62,20.51,
02OA039,2,1942,63,20.5,
02OA039,2,1942,64,20.52,
02OA039,2,1942,65,20.52,
02OA039,2,1942,66,20.53,
02OA039,2,1942,67,20.44,
02OA039,2,1942,68,20.46,
02OA039,2,1942,69,20.6,
02OA039,2,1942,70,20.67,
02OA039,2,1942,71,20.69,
02OA039,2,1942,72,20.77,
02OA039,2,1942,73,20.8,
02OA039,2,1942,74,20.7,
02OA039,2,1942,75,20.75,
02OA039,2,1942,76,20.84,
02OA039,2,1942,77,20.93,
02OA039,2,1942,78,21.1,
02OA039,2,1942,79,21.26,
02OA039,2,1942,80,21.29,
02OA039,2,1942,81,21.17,
02OA039,2,1942,82,21.3,
02OA039,2,1942,83,21.35,
02OA039,2,1942,84,21.22,
02OA039,2,1942,85,21.16,
02OA039,2,1942,86,21.2,
02OA039,2,1942,87,21.25,
02OA039,2,1942,88,21.16,
02OA039,2,1942,89,21.23,
02OA039,2,1942,90,21.27,
02OA039,2,1942,91,21.26,
02OA039,2,1942,92,21.24,
02OA039,2,1942,93,21.21,
02OA039,2,1942,94,21.23,
02OA039,2,1942,95,21.15,
02OA039,2,1942,96,21.15,
02OA039,2,1942,97,21.18,
02OA039,2,1942,98,21.13,
02OA039,2,1942,99,21.13,
02OA039,2,1942,100,21.16,
02OA039,2,1942,101,21.09,
02OA039,2,1942,102,21.04,
02OA039,2,1942,103,21.16,
02OA039,2,1942,104,21.21,
02OA039,2,1942,105,21.25,
02OA039,2,1942,106,21.4,
02OA039,2,1942,107,21.48,
02OA039,2,1942,108,21.54,
02OA039,2,1942,109,21.53,
02OA039,2,1942,110,21.61,
02OA039,2,1942,111,21.6,
02OA039,2,1942,112,21.54,
02OA039,2,1942,113,21.53,
02OA039,2,1942,114,21.51,
02OA039,2,1942,115,21.52,
02OA039,2,1942,116,21.34,
02OA039,2,1942,117,21.46,
02OA039,2,1942,118,21.54,
02OA039,2,1942,119,21.53,
02OA039,2,1942,120,21.54,
02OA039,2,1942,121,21.51,
02OA039,2,1942,122,21.42,
02OA039,2,1942,123,21.32,
02OA039,2,1942,124,21.48,
02OA039,2,1942,125,21.38,
02OA039,2,1942,126,21.37,
02OA039,2,1942,127,21.35,
02OA039,2,1942,128,21.29,
02OA039,2,1942,129,21.25,
02OA039,2,1942,130,21.21,
02OA039,2,1942,131,21.2,
02OA039,2,1942,132,21.11,
02OA039,2,1942,133,21.13,
02OA039,2,1942,134,21.1,
02OA039,2,1942,135,21.07,
02OA039,2,1942,136,20.99,
02OA039,2,1942,137,20.97,
02OA039,2,1942,138,21.06,
02OA039,2,1942,139,21.04,
02OA039,2,1942,140,21.04,
02OA039,2,1942,141,21.04,
02OA039,2,1942,142,21.05,
02OA039,2,1942,143,21.05,
02OA039,2,1942,144,21,
02OA039,2,1942,145,21.17,
02OA039,2,1942,146,21.23,
02OA039,2,1942,147,21.23,
02OA039,2,1942,148,21.22,
02OA039,2,1942,149,21.25,
02OA039,2,1942,150,21.25,
02OA039,2,1942,151,21.2,
02OA039,2,1942,152,21.3,
02OA039,2,1942,153,21.23,
02OA039,2,1942,154,21.24,
02OA039,2,1942,155,21.23,
02OA039,2,1942,156,21.23,
02OA039,2,1942,157,21.18,
02OA039,2,1942,158,21.17,
02OA039,2,1942,159,21.14,
02OA039,2,1942,160,21.07,
02OA039,2,1942,161,21.08,
02OA039,2,1942,162,21.07,
02OA039,2,1942,163,21.05,
02OA039,2,1942,164,21.1,
02OA039,2,1942,165,21.09,
02OA039,2,1942,166,21.04,
02OA039,2,1942,167,21.04,
02OA039,2,1942,168,21.05,
02OA039,2,1942,169,21.05,
02OA039,2,1942,170,21.07,
02OA039,2,1942,171,21.05,
02OA039,2,1942,172,20.99,
02OA039,2,1942,173,21.08,
02OA039,2,1942,174,21.07,
02OA039,2,1942,175,20.98,
02OA039,2,1942,176,21,
02OA039,2,1942,177,21.04,
02OA039,2,1942,178,21.01,
02OA039,2,1942,179,20.92,
02OA039,2,1942,180,20.96,
02OA039,2,1942,181,20.92,
02OA039,2,1942,182,20.86,
02OA039,2,1942,183,20.92,
02OA039,2,1942,184,20.91,
02OA039,2,1942,185,20.88,
02OA039,2,1942,186,20.84,
02OA039,2,1942,187,20.91,
02OA039,2,1942,188,20.83,
02OA039,2,1942,189,20.84,
02OA039,2,1942,190,20.83,
02OA039,2,1942,191,20.84,
02OA039,2,1942,192,20.84,
02OA039,2,1942,193,20.75,
02OA039,2,1942,194,20.83,
02OA039,2,1942,195,20.8,
02OA039,2,1942,196,20.8,
02OA039,2,1942,197,20.8,
02OA039,2,1942,198,20.77,
02OA039,2,1942,199,20.74,
02OA039,2,1942,200,20.74,
02OA039,2,1942,201,20.84,
02OA039,2,1942,202,20.78,
02OA039,2,1942,203,20.76,
02OA039,2,1942,204,20.76,
02OA039,2,1942,205,20.77,
02OA039,2,1942,206,20.81,
02OA039,2,1942,207,20.73,
02OA039,2,1942,208,20.71,
02OA039,2,1942,209,20.77,
02OA039,2,1942,210,20.76,
02OA039,2,1942,211,20.67,
02OA039,2,1942,212,20.72,
02OA039,2,1942,213,20.73,
02OA039,2,1942,214,20.71,
02OA039,2,1942,215,20.71,
02OA039,2,1942,216,20.78,
02OA039,2,1942,217,20.74,
02OA039,2,1942,218,20.68,
02OA039,2,1942,219,20.71,
02OA039,2,1942,220,20.77,
02OA039,2,1942,221,20.72,
02OA039,2,1942,222,20.71,
02OA039,2,1942,223,20.88,
02OA039,2,1942,224,20.74,
02OA039,2,1942,225,20.67,
02OA039,2,1942,226,20.74,
02OA039,2,1942,227,20.68,
02OA039,2,1942,228,20.67,
02OA039,2,1942,229,20.74,
02OA039,2,1942,230,20.72,
02OA039,2,1942,231,20.72,
02OA039,2,1942,232,20.71,
02OA039,2,1942,233,20.76,
02OA039,2,1942,234,20.79,
02OA039,2,1942,235,20.7,
02OA039,2,1942,236,20.75,
02OA039,2,1942,237,20.67,
02OA039,2,1942,238,20.64,
02OA039,2,1942,239,20.67,
02OA039,2,1942,240,20.68,
02OA039,2,1942,241,20.71,
02OA039,2,1942,242,20.65,
02OA039,2,1942,243,20.58,
02OA039,2,1942,244,20.62,
02OA039,2,1942,245,20.62,
02OA039,2,1942,246,20.65,
02OA039,2,1942,247,20.62,
02OA039,2,1942,248,20.62,
02OA039,2,1942,249,20.56,
02OA039,2,1942,250,20.61,
02OA039,2,1942,251,20.61,
02OA039,2,1942,252,20.56,
02OA039,2,1942,253,20.57,
02OA039,2,1942,254,20.62,
02OA039,2,1942,255,20.72,
02OA039,2,1942,256,20.6,
02OA039,2,1942,257,20.64,
02OA039,2,1942,258,20.65,
02OA039,2,1942,259,20.6,
02OA039,2,1942,260,20.66,
02OA039,2,1942,261,20.65,
02OA039,2,1942,262,20.65,
02OA039,2,1942,263,20.62,
02OA039,2,1942,264,20.64,
02OA039,2,1942,265,20.63,
02OA039,2,1942,266,20.6,
02OA039,2,1942,267,20.6,
02OA039,2,1942,268,20.64,
02OA039,2,1942,269,20.69,
02OA039,2,1942,270,20.64,
02OA039,2,1942,271,20.71,
02OA039,2,1942,272,20.7,
02OA039,2,1942,273,20.65,
02OA039,2,1942,274,20.64,
02OA039,2,1942,275,20.66,
02OA039,2,1942,276,20.62,
02OA039,2,1942,277,20.49,
02OA039,2,1942,278,20.58,
02OA039,2,1942,279,20.65,
02OA039,2,1942,280,20.66,
02OA039,2,1942,281,20.62,
02OA039,2,1942,282,20.62,
02OA039,2,1942,283,20.61,
02OA039,2,1942,284,20.5,
02OA039,2,1942,285,20.52,
02OA039,2,1942,286,20.61,
02OA039,2,1942,287,20.58,
02OA039,2,1942,288,20.56,
02OA039,2,1942,289,20.55,
02OA039,2,1942,290,20.47,
02OA039,2,1942,291,20.42,
02OA039,2,1942,292,20.52,
02OA039,2,1942,293,20.51,
02OA039,2,1942,294,20.55,
02OA039,2,1942,295,20.58,
02OA039,2,1942,296,20.6,
02OA039,2,1942,297,20.59,
02OA039,2,1942,298,20.51,
02OA039,2,1942,299,20.51,
02OA039,2,1942,300,20.62,
02OA039,2,1942,301,20.61,
02OA039,2,1942,302,20.65,
02OA039,2,1942,303,20.64,
02OA039,2,1942,304,20.63,
02OA039,2,1942,305,20.61,
02OA039,2,1942,306,20.62,
02OA039,2,1942,307,20.64,
02OA039,2,1942,308,20.62,
02OA039,2,1942,309,20.64,
02OA039,2,1942,310,20.61,
02OA039,2,1942,311,20.62,
02OA039,2,1942,312,20.63,
02OA039,2,1942,313,20.56,
02OA039,2,1942,314,20.61,
02OA039,2,1942,315,20.65,
02OA039,2,1942,316,20.7,
02OA039,2,1942,317,20.71,
02OA039,2,1942,318,20.78,
02OA039,2,1942,319,20.65,
02OA039,2,1942,320,20.68,
02OA039,2,1942,321,20.74,
02OA039,2,1942,322,20.72,
02OA039,2,1942,323,20.68,
02OA039,2,1942,324,20.64,
02OA039,2,1942,325,20.65,
02OA039,2,1942,326,20.64,
02OA039,2,1942,327,20.63,
02OA039,2,1942,328,20.57,
02OA039,2,1942,329,20.62,
02OA039,2,1942,330,20.64,
02OA039,2,1942,331,20.68,
02OA039,2,1942,332,20.71,
02OA039,2,1942,333,20.57,
02OA039,2,1942,334,20.66,
02OA039,2,1942,335,20.69,
02OA039,2,1942,336,20.57,
02OA039,2,1942,337,20.71,
02OA039,2,1942,338,20.9,
02OA039,2,1942,339,20.83,
02OA039,2,1942,340,20.75,
02OA039,2,1942,341,20.77,
02OA039,2,1942,342,20.73,
02OA039,2,1942,343,20.61,
02OA039,2,1942,344,20.6,
02OA039,2,1942,345,20.7,
02OA039,2,1942,346,20.74,
02OA039,2,1942,347,20.64,
02OA039,2,1942,348,20.58,
02OA039,2,1942,349,20.7,
02OA039,2,1942,350,20.71,
02OA039,2,1942,351,20.78,
02OA039,2,1942,352,20.82,
02OA039,2,1942,353,20.97,
02OA039,2,1942,354,20.95,
02OA039,2,1942,355,20.97,
02OA039,2,1942,356,21.17,
02OA039,2,1942,357,21.15,
02OA039,2,1942,358,21.14,
02OA039,2,1942,359,20.97,
02OA039,2,1942,360,20.89,
02OA039,2,1942,361,20.94,
02OA039,2,1942,362,20.94,
02OA039,2,1942,363,21.14,
02OA039,2,1942,364,21.09,
02OA039,2,1942,365,20.97,
02OA039,2,1943,1,21.17,
02OA039,2,1943,2,21.27,
02OA039,2,1943,3,21.26,
02OA039,2,1943,4,21.09,
02OA039,2,1943,5,21.2,
02OA039,2,1943,6,21.16,
02OA039,2,1943,7,21.08,
02OA039,2,1943,8,21.2,
02OA039,2,1943,9,21.35,
02OA039,2,1943,10,21.45,
02OA039,2,1943,11,21.49,
02OA039,2,1943,12,21.57,
02OA039,2,1943,13,21.51,
02OA039,2,1943,14,21.47,
02OA039,2,1943,15,21.47,
02OA039,2,1943,16,21.44,
02OA039,2,1943,17,21.31,
02OA039,2,1943,18,21.35,
02OA039,2,1943,19,21.25,
02OA039,2,1943,20,20.97,
02OA039,2,1943,21,20.78,
02OA039,2,1943,22,20.72,
02OA039,2,1943,23,21,
02OA039,2,1943,24,21.09,
02OA039,2,1943,25,21.03,
02OA039,2,1943,26,21,
02OA039,2,1943,27,21.25,
02OA039,2,1943,28,21.27,
02OA039,2,1943,29,21.39,
02OA039,2,1943,30,21.38,
02OA039,2,1943,31,21.29,
02OA039,2,1943,32,21.3,
02OA039,2,1943,33,21.29,
02OA039,2,1943,34,21.32,
02OA039,2,1943,35,21.36,
02OA039,2,1943,36,21.29,
02OA039,2,1943,37,21.11,
02OA039,2,1943,38,20.85,
02OA039,2,1943,39,20.89,
02OA039,2,1943,40,21.05,
02OA039,2,1943,41,21.17,
02OA039,2,1943,42,21.23,
02OA039,2,1943,43,21.28,
02OA039,2,1943,44,21.36,
02OA039,2,1943,45,21.28,
02OA039,2,1943,46,21.28,
02OA039,2,1943,47,21.18,
02OA039,2,1943,48,21.15,
02OA039,2,1943,49,21.22,
02OA039,2,1943,50,21.22,
02OA039,2,1943,51,21.22,
02OA039,2,1943,52,21.02,
02OA039,2,1943,53,21.05,
02OA039,2,1943,54,21.03,
02OA039,2,1943,55,21.03,
02OA039,2,1943,56,21.18,
02OA039,2,1943,57,21.23,
02OA039,2,1943,58,21.31,
02OA039,2,1943,59,21.15,
02OA039,2,1943,60,21.22,
02OA039,2,1943,61,21.15,
02OA039,2,1943,62,21.11,
02OA039,2,1943,63,21.2,
02OA039,2,1943,64,21.22,
02OA039,2,1943,65,21.25,
02OA039,2,1943,66,21.07,
02OA039,2,1943,67,21.07,
02OA039,2,1943,68,20.97,
02OA039,2,1943,69,21.02,
02OA039,2,1943,70,20.93,
02OA039,2,1943,71,20.82,
02OA039,2,1943,72,20.95,
02OA039,2,1943,73,20.91,
02OA039,2,1943,74,21.09,
02OA039,2,1943,75,21.07,
02OA039,2,1943,76,21.04,
02OA039,2,1943,77,21.12,
02OA039,2,1943,78,21.27,
02OA039,2,1943,79,21.19,
02OA039,2,1943,80,21.15,
02OA039,2,1943,81,21.37,
02OA039,2,1943,82,21.38,
02OA039,2,1943,83,21.37,
02OA039,2,1943,84,21.36,
02OA039,2,1943,85,21.44,
02OA039,2,1943,86,21.57,
02OA039,2,1943,87,21.63,
02OA039,2,1943,88,21.72,
02OA039,2,1943,89,21.57,
02OA039,2,1943,90,21.53,
02OA039,2,1943,91,21.49,
02OA039,2,1943,92,21.57,
02OA039,2,1943,93,21.71,
02OA039,2,1943,94,21.72,
02OA039,2,1943,95,21.72,
02OA039,2,1943,96,21.72,
02OA039,2,1943,97,21.72,
02OA039,2,1943,98,21.6,
02OA039,2,1943,99,21.51,
02OA039,2,1943,100,21.47,
02OA039,2,1943,101,21.45,
02OA039,2,1943,102,21.51,
02OA039,2,1943,103,21.48,
02OA039,2,1943,104,21.52,
02OA039,2,1943,105,21.55,
02OA039,2,1943,106,21.53,
02OA039,2,1943,107,21.46,
02OA039,2,1943,108,21.37,
02OA039,2,1943,109,21.43,
02OA039,2,1943,110,21.37,
02OA039,2,1943,111,21.37,
02OA039,2,1943,112,21.45,
02OA039,2,1943,113,21.45,
02OA039,2,1943,114,21.57,
02OA039,2,1943,115,21.55,
02OA039,2,1943,116,21.68,
02OA039,2,1943,117,21.71,
02OA039,2,1943,118,21.71,
02OA039,2,1943,119,21.8,
02OA039,2,1943,120,21.85,
02OA039,2,1943,121,21.92,
02OA039,2,1943,122,21.96,
02OA039,2,1943,123,22.06,
02OA039,2,1943,124,22.21,
02OA039,2,1943,125,22.21,
02OA039,2,1943,126,22.2,
02OA039,2,1943,127,22.18,
02OA039,2,1943,128,22.17,
02OA039,2,1943,129,22.11,
02OA039,2,1943,130,22.32,
02OA039,2,1943,131,22.33,
02OA039,2,1943,132,22.49,
02OA039,2,1943,133,22.82,
02OA039,2,1943,134,22.85,
02OA039,2,1943,135,22.67,
02OA039,2,1943,136,22.46,
02OA039,2,1943,137,22.53,
02OA039,2,1943,138,22.52,
02OA039,2,1943,139,22.3,
02OA039,2,1943,140,22.21,
02OA039,2,1943,141,22.17,
02OA039,2,1943,142,22.09,
02OA039,2,1943,143,21.98,
02OA039,2,1943,144,22.03,
02OA039,2,1943,145,22.01,
02OA039,2,1943,146,21.91,
02OA039,2,1943,147,21.96,
02OA039,2,1943,148,22.09,
02OA039,2,1943,149,22.09,
02OA039,2,1943,150,21.95,
02OA039,2,1943,151,21.94,
02OA039,2,1943,152,21.85,
02OA039,2,1943,153,21.83,
02OA039,2,1943,154,21.85,
02OA039,2,1943,155,21.88,
02OA039,2,1943,156,21.87,
02OA039,2,1943,157,21.87,
02OA039,2,1943,158,21.79,
02OA039,2,1943,159,21.7,
02OA039,2,1943,160,21.74,
02OA039,2,1943,161,21.75,
02OA039,2,1943,162,21.75,
02OA039,2,1943,163,21.76,
02OA039,2,1943,164,21.73,
02OA039,2,1943,165,21.72,
02OA039,2,1943,166,21.73,
02OA039,2,1943,167,21.83,
02OA039,2,1943,168,21.94,
02OA039,2,1943,169,21.96,
02OA039,2,1943,170,21.99,
02OA039,2,1943,171,21.97,
02OA039,2,1943,172,22.03,
02OA039,2,1943,173,21.99,
02OA039,2,1943,174,21.82,
02OA039,2,1943,175,21.75,
02OA039,2,1943,176,21.82,
02OA039,2,1943,177,21.81,
02OA039,2,1943,178,21.73,
02OA039,2,1943,179,21.84,
02OA039,2,1943,180,21.89,
02OA039,2,1943,181,21.77,
02OA039,2,1943,182,21.81,
02OA039,2,1943,183,21.73,
02OA039,2,1943,184,21.64,
02OA039,2,1943,185,21.59,
02OA039,2,1943,186,21.62,
02OA039,2,1943,187,21.65,
02OA039,2,1943,188,21.6,
02OA039,2,1943,189,21.57,
02OA039,2,1943,190,21.58,
02OA039,2,1943,191,21.56,
02OA039,2,1943,192,21.46,
02OA039,2,1943,193,21.56,
02OA039,2,1943,194,21.49,
02OA039,2,1943,195,21.46,
02OA039,2,1943,196,21.46,
02OA039,2,1943,197,21.46,
02OA039,2,1943,198,21.44,
02OA039,2,1943,199,21.39,
02OA039,2,1943,200,21.37,
02OA039,2,1943,201,21.32,
02OA039,2,1943,202,21.3,
02OA039,2,1943,203,21.31,
02OA039,2,1943,204,21.3,
02OA039,2,1943,205,21.3,
02OA039,2,1943,206,21.29,
02OA039,2,1943,207,21.28,
02OA039,2,1943,208,21.28,
02OA039,2,1943,209,21.31,
02OA039,2,1943,210,21.25,
02OA039,2,1943,211,21.25,
02OA039,2,1943,212,21.35,
02OA039,2,1943,213,21.27,
02OA039,2,1943,214,21.28,
02OA039,2,1943,215,21.28,
02OA039,2,1943,216,21.26,
02OA039,2,1943,217,21.24,
02OA039,2,1943,218,21.24,
02OA039,2,1943,219,21.25,
02OA039,2,1943,220,21.26,
02OA039,2,1943,221,21.25,
02OA039,2,1943,222,21.22,
02OA039,2,1943,223,21.26,
02OA039,2,1943,224,21.28,
02OA039,2,1943,225,21.25,
02OA039,2,1943,226,21.34,
02OA039,2,1943,227,21.31,
02OA039,2,1943,228,21.33,
02OA039,2,1943,229,21.36,
02OA039,2,1943,230,21.31,
02OA039,2,1943,231,21.26,
02OA039,2,1943,232,21.32,
02OA039,2,1943,233,21.39,
02OA039,2,1943,234,21.24,
02OA039,2,1943,235,21.23,
02OA039,2,1943,236,21.24,
02OA039,2,1943,237,21.22,
02OA039,2,1943,238,21.19,
02OA039,2,1943,239,21.2,
02OA039,2,1943,240,21.24,
02OA039,2,1943,241,21.21,
02OA039,2,1943,242,21.16,
02OA039,2,1943,243,21.18,
02OA039,2,1943,244,21.18,
02OA039,2,1943,245,21.18,
02OA039,2,1943,246,21.21,
02OA039,2,1943,247,21.19,
02OA039,2,1943,248,21.19,
02OA039,2,1943,249,21.18,
02OA039,2,1943,250,21.2,
02OA039,2,1943,251,21.18,
02OA039,2,1943,252,21.18,
02OA039,2,1943,253,21.18,
02OA039,2,1943,254,21.2,
02OA039,2,1943,255,21.21,
02OA039,2,1943,256,21.14,
02OA039,2,1943,257,21.12,
02OA039,2,1943,258,21.17,
02OA039,2,1943,259,21.18,
02OA039,2,1943,260,21.13,
02OA039,2,1943,261,21.15,
02OA039,2,1943,262,21.11,
02OA039,2,1943,263,21.16,
02OA039,2,1943,264,21.1,
02OA039,2,1943,265,21.08,
02OA039,2,1943,266,21.16,
02OA039,2,1943,267,21.14,
02OA039,2,1943,268,21.14,
02OA039,2,1943,269,21.13,
02OA039,2,1943,270,21.14,
02OA039,2,1943,271,21.1,
02OA039,2,1943,272,21.01,
02OA039,2,1943,273,21.03,
02OA039,2,1943,274,21.03,
02OA039,2,1943,275,21.11,
02OA039,2,1943,276,21.04,
02OA039,2,1943,277,21.02,
02OA039,2,1943,278,21.02,
02OA039,2,1943,279,21.04,
02OA039,2,1943,280,21.02,
02OA039,2,1943,281,20.99,
02OA039,2,1943,282,21.04,
02OA039,2,1943,283,20.93,
02OA039,2,1943,284,21,
02OA039,2,1943,285,20.92,
02OA039,2,1943,286,20.92,
02OA039,2,1943,287,20.95,
02OA039,2,1943,288,20.98,
02OA039,2,1943,289,20.94,
02OA039,2,1943,290,20.97,
02OA039,2,1943,291,21.07,
02OA039,2,1943,292,21.03,
02OA039,2,1943,293,21,
02OA039,2,1943,294,20.99,
02OA039,2,1943,295,20.99,
02OA039,2,1943,296,20.97,
02OA039,2,1943,297,20.95,
02OA039,2,1943,298,20.97,
02OA039,2,1943,299,20.87,
02OA039,2,1943,300,20.87,
02OA039,2,1943,301,21.01,
02OA039,2,1943,302,21.09,
02OA039,2,1943,303,21.11,
02OA039,2,1943,304,21.13,
02OA039,2,1943,305,21.1,
02OA039,2,1943,306,21.06,
02OA039,2,1943,307,21.07,
02OA039,2,1943,308,21.04,
02OA039,2,1943,309,21.05,
02OA039,2,1943,310,21.09,
02OA039,2,1943,311,21.07,
02OA039,2,1943,312,21.11,
02OA039,2,1943,313,21.14,
02OA039,2,1943,314,21.16,
02OA039,2,1943,315,21.17,
02OA039,2,1943,316,21.21,
02OA039,2,1943,317,21.17,
02OA039,2,1943,318,21.1,
02OA039,2,1943,319,21.16,
02OA039,2,1943,320,21.04,
02OA039,2,1943,321,21.12,
02OA039,2,1943,322,21.12,
02OA039,2,1943,323,21.09,
02OA039,2,1943,324,21.17,
02OA039,2,1943,325,21.04,
02OA039,2,1943,326,21.04,
02OA039,2,1943,327,20.99,
02OA039,2,1943,328,21,
02OA039,2,1943,329,20.96,
02OA039,2,1943,330,20.97,
02OA039,2,1943,331,21.07,
02OA039,2,1943,332,21.08,
02OA039,2,1943,333,21.04,
02OA039,2,1943,334,20.95,
02OA039,2,1943,335,20.97,
02OA039,2,1943,336,20.96,
02OA039,2,1943,337,20.98,
02OA039,2,1943,338,21.03,
02OA039,2,1943,339,21,
02OA039,2,1943,340,20.96,
02OA039,2,1943,341,20.92,
02OA039,2,1943,342,20.9,
02OA039,2,1943,343,21,
02OA039,2,1943,344,21.03,
02OA039,2,1943,345,21.01,
02OA039,2,1943,346,20.98,
02OA039,2,1943,347,21.01,
02OA039,2,1943,348,20.99,
02OA039,2,1943,349,21.13,
02OA039,2,1943,350,21.21,
02OA039,2,1943,351,21.32,
02OA039,2,1943,352,21.41,
02OA039,2,1943,353,21.28,
02OA039,2,1943,354,21.19,
02OA039,2,1943,355,21.19,
02OA039,2,1943,356,21.26,
02OA039,2,1943,357,21.3,
02OA039,2,1943,358,21.39,
02OA039,2,1943,359,21.53,
02OA039,2,1943,360,21.5,
02OA039,2,1943,361,21.25,
02OA039,2,1943,362,21.07,
02OA039,2,1943,363,21.22,
02OA039,2,1943,364,21.41,
02OA039,2,1943,365,21.58,
02OA039,2,1944,1,21.61,
02OA039,2,1944,2,21.46,
02OA039,2,1944,3,21.38,
02OA039,2,1944,4,21.42,
02OA039,2,1944,5,21.5,
02OA039,2,1944,6,21.41,
02OA039,2,1944,7,21.39,
02OA039,2,1944,8,21.46,
02OA039,2,1944,9,21.38,
02OA039,2,1944,10,21.49,
02OA039,2,1944,11,21.47,
02OA039,2,1944,12,21.48,
02OA039,2,1944,13,21.51,
02OA039,2,1944,14,21.53,
02OA039,2,1944,15,21.59,
02OA039,2,1944,16,21.6,
02OA039,2,1944,17,21.51,
02OA039,2,1944,18,21.35,
02OA039,2,1944,19,21.28,
02OA039,2,1944,20,21.27,
02OA039,2,1944,21,21.2,
02OA039,2,1944,22,20.99,
02OA039,2,1944,23,20.86,
02OA039,2,1944,24,20.95,
02OA039,2,1944,25,20.98,
02OA039,2,1944,26,20.92,
02OA039,2,1944,27,20.94,
02OA039,2,1944,28,20.95,
02OA039,2,1944,29,21,
02OA039,2,1944,30,21.01,
02OA039,2,1944,31,21.15,
02OA039,2,1944,32,21.15,
02OA039,2,1944,33,21.18,
02OA039,2,1944,34,21.32,
02OA039,2,1944,35,21.43,
02OA039,2,1944,36,21.43,
02OA039,2,1944,37,21.32,
02OA039,2,1944,38,21.21,
02OA039,2,1944,39,21.26,
02OA039,2,1944,40,21.25,
02OA039,2,1944,41,21.21,
02OA039,2,1944,42,21.25,
02OA039,2,1944,43,21.22,
02OA039,2,1944,44,21.08,
02OA039,2,1944,45,21.21,
02OA039,2,1944,46,21.09,
02OA039,2,1944,47,21.07,
02OA039,2,1944,48,20.91,
02OA039,2,1944,49,20.88,
02OA039,2,1944,50,20.93,
02OA039,2,1944,51,21,
02OA039,2,1944,52,21.05,
02OA039,2,1944,53,20.96,
02OA039,2,1944,54,20.87,
02OA039,2,1944,55,20.82,
02OA039,2,1944,56,20.85,
02OA039,2,1944,57,20.89,
02OA039,2,1944,58,20.82,
02OA039,2,1944,59,20.81,
02OA039,2,1944,60,20.8,
02OA039,2,1944,61,20.81,
02OA039,2,1944,62,20.83,
02OA039,2,1944,63,20.84,
02OA039,2,1944,64,20.89,
02OA039,2,1944,65,20.77,
02OA039,2,1944,66,20.87,
02OA039,2,1944,67,20.79,
02OA039,2,1944,68,20.86,
02OA039,2,1944,69,20.87,
02OA039,2,1944,70,20.9,
02OA039,2,1944,71,20.96,
02OA039,2,1944,72,20.92,
02OA039,2,1944,73,20.87,
02OA039,2,1944,74,21.01,
02OA039,2,1944,75,20.92,
02OA039,2,1944,76,20.87,
02OA039,2,1944,77,20.85,
02OA039,2,1944,78,20.93,
02OA039,2,1944,79,21.01,
02OA039,2,1944,80,20.98,
02OA039,2,1944,81,20.91,
02OA039,2,1944,82,20.88,
02OA039,2,1944,83,20.86,
02OA039,2,1944,84,20.9,
02OA039,2,1944,85,21.02,
02OA039,2,1944,86,21.15,
02OA039,2,1944,87,21.24,
02OA039,2,1944,88,21.15,
02OA039,2,1944,89,21.14,
02OA039,2,1944,90,21.09,
02OA039,2,1944,91,21.1,
02OA039,2,1944,92,21.11,
02OA039,2,1944,93,21.04,
02OA039,2,1944,94,21.11,
02OA039,2,1944,95,21,
02OA039,2,1944,96,20.99,
02OA039,2,1944,97,21.01,
02OA039,2,1944,98,21.01,
02OA039,2,1944,99,20.93,
02OA039,2,1944,100,20.92,
02OA039,2,1944,101,20.96,
02OA039,2,1944,102,20.98,
02OA039,2,1944,103,20.99,
02OA039,2,1944,104,21.12,
02OA039,2,1944,105,21.1,
02OA039,2,1944,106,21,
02OA039,2,1944,107,20.97,
02OA039,2,1944,108,21.02,
02OA039,2,1944,109,21.07,
02OA039,2,1944,110,21.09,
02OA039,2,1944,111,21.07,
02OA039,2,1944,112,21.07,
02OA039,2,1944,113,21.08,
02OA039,2,1944,114,21.08,
02OA039,2,1944,115,21.12,
02OA039,2,1944,116,21.26,
02OA039,2,1944,117,21.57,
02OA039,2,1944,118,21.53,
02OA039,2,1944,119,21.51,
02OA039,2,1944,120,21.53,
02OA039,2,1944,121,21.5,
02OA039,2,1944,122,21.54,
02OA039,2,1944,123,21.41,
02OA039,2,1944,124,21.4,
02OA039,2,1944,125,21.39,
02OA039,2,1944,126,21.42,
02OA039,2,1944,127,21.42,
02OA039,2,1944,128,21.32,
02OA039,2,1944,129,21.46,
02OA039,2,1944,130,21.48,
02OA039,2,1944,131,21.51,
02OA039,2,1944,132,21.53,
02OA039,2,1944,133,21.59,
02OA039,2,1944,134,21.58,
02OA039,2,1944,135,21.5,
02OA039,2,1944,136,21.6,
02OA039,2,1944,137,21.52,
02OA039,2,1944,138,21.38,
02OA039,2,1944,139,21.34,
02OA039,2,1944,140,21.35,
02OA039,2,1944,141,21.25,
02OA039,2,1944,142,21.17,
02OA039,2,1944,143,21.25,
02OA039,2,1944,144,21.16,
02OA039,2,1944,145,21.21,
02OA039,2,1944,146,21.2,
02OA039,2,1944,147,21.2,
02OA039,2,1944,148,21.2,
02OA039,2,1944,149,21.21,
02OA039,2,1944,150,21.18,
02OA039,2,1944,151,21.08,
02OA039,2,1944,152,21.07,
02OA039,2,1944,153,21.12,
02OA039,2,1944,154,21.14,
02OA039,2,1944,155,21.12,
02OA039,2,1944,156,21.05,
02OA039,2,1944,157,21.08,
02OA039,2,1944,158,21.08,
02OA039,2,1944,159,21.09,
02OA039,2,1944,160,21.07,
02OA039,2,1944,161,21.08,
02OA039,2,1944,162,21.08,
02OA039,2,1944,163,21.07,
02OA039,2,1944,164,21.08,
02OA039,2,1944,165,21.06,
02OA039,2,1944,166,21.07,
02OA039,2,1944,167,21.07,
02OA039,2,1944,168,21.06,
02OA039,2,1944,169,21.07,
02OA039,2,1944,170,21.07,
02OA039,2,1944,171,21.14,
02OA039,2,1944,172,21.09,
02OA039,2,1944,173,21.09,
02OA039,2,1944,174,21.09,
02OA039,2,1944,175,21.06,
02OA039,2,1944,176,21.02,
02OA039,2,1944,177,21.07,
02OA039,2,1944,178,21.11,
02OA039,2,1944,179,21.04,
02OA039,2,1944,180,21.1,
02OA039,2,1944,181,21.11,
02OA039,2,1944,182,21.07,
02OA039,2,1944,183,20.97,
02OA039,2,1944,184,21.08,
02OA039,2,1944,185,21.04,
02OA039,2,1944,186,20.95,
02OA039,2,1944,187,20.99,
02OA039,2,1944,188,21.03,
02OA039,2,1944,189,21.08,
02OA039,2,1944,190,21.01,
02OA039,2,1944,191,21.03,
02OA039,2,1944,192,20.98,
02OA039,2,1944,193,20.97,
02OA039,2,1944,194,20.99,
02OA039,2,1944,195,21.01,
02OA039,2,1944,196,21.07,
02OA039,2,1944,197,21,
02OA039,2,1944,198,21,
02OA039,2,1944,199,21.04,
02OA039,2,1944,200,20.99,
02OA039,2,1944,201,20.96,
02OA039,2,1944,202,20.96,
02OA039,2,1944,203,21,
02OA039,2,1944,204,21.04,
02OA039,2,1944,205,20.98,
02OA039,2,1944,206,21.01,
02OA039,2,1944,207,21,
02OA039,2,1944,208,20.97,
02OA039,2,1944,209,20.98,
02OA039,2,1944,210,21.01,
02OA039,2,1944,211,21.06,
02OA039,2,1944,212,21.03,
02OA039,2,1944,213,21.04,
02OA039,2,1944,214,21.05,
02OA039,2,1944,215,21,
02OA039,2,1944,216,20.95,
02OA039,2,1944,217,20.97,
02OA039,2,1944,218,20.96,
02OA039,2,1944,219,20.99,
02OA039,2,1944,220,20.9,
02OA039,2,1944,221,20.85,
02OA039,2,1944,222,20.86,
02OA039,2,1944,223,20.88,
02OA039,2,1944,224,20.89,
02OA039,2,1944,225,20.88,
02OA039,2,1944,226,20.97,
02OA039,2,1944,227,20.93,
02OA039,2,1944,228,20.89,
02OA039,2,1944,229,20.91,
02OA039,2,1944,230,20.92,
02OA039,2,1944,231,20.92,
02OA039,2,1944,232,20.9,
02OA039,2,1944,233,20.91,
02OA039,2,1944,234,20.91,
02OA039,2,1944,235,20.88,
02OA039,2,1944,236,20.87,
02OA039,2,1944,237,20.87,
02OA039,2,1944,238,20.88,
02OA039,2,1944,239,20.87,
02OA039,2,1944,240,20.88,
02OA039,2,1944,241,20.81,
02OA039,2,1944,242,20.82,
02OA039,2,1944,243,20.85,
02OA039,2,1944,244,20.85,
02OA039,2,1944,245,20.86,
02OA039,2,1944,246,20.87,
02OA039,2,1944,247,20.82,
02OA039,2,1944,248,20.85,
02OA039,2,1944,249,20.79,
02OA039,2,1944,250,20.8,
02OA039,2,1944,251,20.84,
02OA039,2,1944,252,20.82,
02OA039,2,1944,253,20.9,
02OA039,2,1944,254,20.91,
02OA039,2,1944,255,20.81,
02OA039,2,1944,256,20.8,
02OA039,2,1944,257,20.78,
02OA039,2,1944,258,20.84,
02OA039,2,1944,259,20.82,
02OA039,2,1944,260,20.85,
02OA039,2,1944,261,20.83,
02OA039,2,1944,262,20.83,
02OA039,2,1944,263,20.84,
02OA039,2,1944,264,20.81,
02OA039,2,1944,265,20.79,
02OA039,2,1944,266,20.84,
02OA039,2,1944,267,20.82,
02OA039,2,1944,268,20.81,
02OA039,2,1944,269,20.78,
02OA039,2,1944,270,20.8,
02OA039,2,1944,271,20.76,
02OA039,2,1944,272,20.75,
02OA039,2,1944,273,20.82,
02OA039,2,1944,274,20.75,
02OA039,2,1944,275,20.7,
02OA039,2,1944,276,20.81,
02OA039,2,1944,277,20.83,
02OA039,2,1944,278,20.73,
02OA039,2,1944,279,20.7,
02OA039,2,1944,280,20.73,
02OA039,2,1944,281,20.79,
02OA039,2,1944,282,20.76,
02OA039,2,1944,283,20.78,
02OA039,2,1944,284,20.75,
02OA039,2,1944,285,20.68,
02OA039,2,1944,286,20.74,
02OA039,2,1944,287,20.79,
02OA039,2,1944,288,20.78,
02OA039,2,1944,289,20.72,
02OA039,2,1944,290,20.8,
02OA039,2,1944,291,20.74,
02OA039,2,1944,292,20.76,
02OA039,2,1944,293,20.75,
02OA039,2,1944,294,20.8,
02OA039,2,1944,295,20.71,
02OA039,2,1944,296,20.72,
02OA039,2,1944,297,20.68,
02OA039,2,1944,298,20.69,
02OA039,2,1944,299,20.74,
02OA039,2,1944,300,20.76,
02OA039,2,1944,301,20.75,
02OA039,2,1944,302,20.7,
02OA039,2,1944,303,20.65,
02OA039,2,1944,304,20.66,
02OA039,2,1944,305,20.66,
02OA039,2,1944,306,20.64,
02OA039,2,1944,307,20.68,
02OA039,2,1944,308,20.67,
02OA039,2,1944,309,20.71,
02OA039,2,1944,310,20.73,
02OA039,2,1944,311,20.69,
02OA039,2,1944,312,20.66,
02OA039,2,1944,313,20.67,
02OA039,2,1944,314,20.65,
02OA039,2,1944,315,20.6,
02OA039,2,1944,316,20.68,
02OA039,2,1944,317,20.69,
02OA039,2,1944,318,20.62,
02OA039,2,1944,319,20.59,
02OA039,2,1944,320,20.62,
02OA039,2,1944,321,20.57,
02OA039,2,1944,322,20.55,
02OA039,2,1944,323,20.64,
02OA039,2,1944,324,20.64,
02OA039,2,1944,325,20.61,
02OA039,2,1944,326,20.53,
02OA039,2,1944,327,20.61,
02OA039,2,1944,328,20.65,
02OA039,2,1944,329,20.64,
02OA039,2,1944,330,20.63,
02OA039,2,1944,331,20.62,
02OA039,2,1944,332,20.55,
02OA039,2,1944,333,20.59,
02OA039,2,1944,334,20.62,
02OA039,2,1944,335,20.59,
02OA039,2,1944,336,20.65,
02OA039,2,1944,337,20.6,
02OA039,2,1944,338,20.57,
02OA039,2,1944,339,20.63,
02OA039,2,1944,340,20.61,
02OA039,2,1944,341,20.58,
02OA039,2,1944,342,20.61,
02OA039,2,1944,343,20.62,
02OA039,2,1944,344,20.64,
02OA039,2,1944,345,20.65,
02OA039,2,1944,346,20.7,
02OA039,2,1944,347,20.58,
02OA039,2,1944,348,20.6,
02OA039,2,1944,349,20.6,
02OA039,2,1944,350,20.62,
02OA039,2,1944,351,20.64,
02OA039,2,1944,352,20.73,
02OA039,2,1944,353,20.74,
02OA039,2,1944,354,20.74,
02OA039,2,1944,355,20.68,
02OA039,2,1944,356,20.78,
02OA039,2,1944,357,20.85,
02OA039,2,1944,358,20.96,
02OA039,2,1944,359,20.99,
02OA039,2,1944,360,20.91,
02OA039,2,1944,361,20.96,
02OA039,2,1944,362,21.1,
02OA039,2,1944,363,21.06,
02OA039,2,1944,364,21.18,
02OA039,2,1944,365,21.19,
02OA039,2,1944,366,21.19,
02OA039,2,1945,1,21.21,
02OA039,2,1945,2,21.11,
02OA039,2,1945,3,21.24,
02OA039,2,1945,4,21.26,
02OA039,2,1945,5,21.25,
02OA039,2,1945,6,21.06,
02OA039,2,1945,7,20.77,
02OA039,2,1945,8,20.81,
02OA039,2,1945,9,20.76,
02OA039,2,1945,10,20.62,
02OA039,2,1945,11,20.71,
02OA039,2,1945,12,20.81,
02OA039,2,1945,13,20.86,
02OA039,2,1945,14,20.81,
02OA039,2,1945,15,20.75,
02OA039,2,1945,16,20.74,
02OA039,2,1945,17,20.53,
02OA039,2,1945,18,20.41,
02OA039,2,1945,19,20.5,
02OA039,2,1945,20,20.67,
02OA039,2,1945,21,20.87,
02OA039,2,1945,22,21.04,
02OA039,2,1945,23,20.86,
02OA039,2,1945,24,20.93,
02OA039,2,1945,25,20.96,
02OA039,2,1945,26,20.83,
02OA039,2,1945,27,20.8,
02OA039,2,1945,28,20.88,
02OA039,2,1945,29,21.07,
02OA039,2,1945,30,21.03,
02OA039,2,1945,31,21.15,
02OA039,2,1945,32,21.2,
02OA039,2,1945,33,21.2,
02OA039,2,1945,34,21.33,
02OA039,2,1945,35,21.19,
02OA039,2,1945,36,21.15,
02OA039,2,1945,37,21.02,
02OA039,2,1945,38,21,
02OA039,2,1945,39,21.02,
02OA039,2,1945,40,21.02,
02OA039,2,1945,41,21.1,
02OA039,2,1945,42,21.03,
02OA039,2,1945,43,21.2,
02OA039,2,1945,44,21.14,
02OA039,2,1945,45,21.17,
02OA039,2,1945,46,21.16,
02OA039,2,1945,47,21.1,
02OA039,2,1945,48,20.95,
02OA039,2,1945,49,20.91,
02OA039,2,1945,50,21.09,
02OA039,2,1945,51,21.12,
02OA039,2,1945,52,21.01,
02OA039,2,1945,53,20.95,
02OA039,2,1945,54,20.68,
02OA039,2,1945,55,20.65,
02OA039,2,1945,56,20.57,
02OA039,2,1945,57,20.8,
02OA039,2,1945,58,20.74,
02OA039,2,1945,59,20.76,
02OA039,2,1945,60,20.67,
02OA039,2,1945,61,20.69,
02OA039,2,1945,62,20.74,
02OA039,2,1945,63,20.75,
02OA039,2,1945,64,20.98,
02OA039,2,1945,65,20.9,
02OA039,2,1945,66,20.95,
02OA039,2,1945,67,20.96,
02OA039,2,1945,68,20.96,
02OA039,2,1945,69,20.94,
02OA039,2,1945,70,20.83,
02OA039,2,1945,71,21.07,
02OA039,2,1945,72,21.01,
02OA039,2,1945,73,20.95,
02OA039,2,1945,74,21.03,
02OA039,2,1945,75,21.15,
02OA039,2,1945,76,21.22,
02OA039,2,1945,77,21.23,
02OA039,2,1945,78,21.62,
02OA039,2,1945,79,21.71,
02OA039,2,1945,80,21.75,
02OA039,2,1945,81,21.72,
02OA039,2,1945,82,21.61,
02OA039,2,1945,83,21.63,
02OA039,2,1945,84,21.62,
02OA039,2,1945,85,21.71,
02OA039,2,1945,86,21.6,
02OA039,2,1945,87,21.53,
02OA039,2,1945,88,21.58,
02OA039,2,1945,89,21.58,
02OA039,2,1945,90,21.64,
02OA039,2,1945,91,21.8,
02OA039,2,1945,92,21.93,
02OA039,2,1945,93,21.92,
02OA039,2,1945,94,22.03,
02OA039,2,1945,95,22.08,
02OA039,2,1945,96,22.04,
02OA039,2,1945,97,21.9,
02OA039,2,1945,98,21.83,
02OA039,2,1945,99,21.81,
02OA039,2,1945,100,21.68,
02OA039,2,1945,101,21.57,
02OA039,2,1945,102,21.53,
02OA039,2,1945,103,21.48,
02OA039,2,1945,104,21.42,
02OA039,2,1945,105,21.42,
02OA039,2,1945,106,21.31,
02OA039,2,1945,107,21.19,
02OA039,2,1945,108,21.29,
02OA039,2,1945,109,21.29,
02OA039,2,1945,110,21.28,
02OA039,2,1945,111,21.17,
02OA039,2,1945,112,21.14,
02OA039,2,1945,113,21.13,
02OA039,2,1945,114,21,
02OA039,2,1945,115,21.15,
02OA039,2,1945,116,21.26,
02OA039,2,1945,117,21.31,
02OA039,2,1945,118,21.61,
02OA039,2,1945,119,21.69,
02OA039,2,1945,120,21.71,
02OA039,2,1945,121,21.62,
02OA039,2,1945,122,21.57,
02OA039,2,1945,123,21.58,
02OA039,2,1945,124,21.55,
02OA039,2,1945,125,21.57,
02OA039,2,1945,126,21.61,
02OA039,2,1945,127,21.66,
02OA039,2,1945,128,21.6,
02OA039,2,1945,129,21.68,
02OA039,2,1945,130,21.62,
02OA039,2,1945,131,21.58,
02OA039,2,1945,132,21.51,
02OA039,2,1945,133,21.46,
02OA039,2,1945,134,21.5,
02OA039,2,1945,135,21.5,
02OA039,2,1945,136,21.5,
02OA039,2,1945,137,21.54,
02OA039,2,1945,138,21.73,
02OA039,2,1945,139,21.95,
02OA039,2,1945,140,21.92,
02OA039,2,1945,141,21.9,
02OA039,2,1945,142,21.77,
02OA039,2,1945,143,21.72,
02OA039,2,1945,144,21.64,
02OA039,2,1945,145,21.61,
02OA039,2,1945,146,21.59,
02OA039,2,1945,147,21.48,
02OA039,2,1945,148,21.46,
02OA039,2,1945,149,21.42,
02OA039,2,1945,150,21.47,
02OA039,2,1945,151,21.47,
02OA039,2,1945,152,21.49,
02OA039,2,1945,153,21.47,
02OA039,2,1945,154,21.44,
02OA039,2,1945,155,21.53,
02OA039,2,1945,156,21.55,
02OA039,2,1945,157,21.55,
02OA039,2,1945,158,21.64,
02OA039,2,1945,159,21.69,
02OA039,2,1945,160,21.68,
02OA039,2,1945,161,21.66,
02OA039,2,1945,162,21.71,
02OA039,2,1945,163,21.69,
02OA039,2,1945,164,21.64,
02OA039,2,1945,165,21.6,
02OA039,2,1945,166,21.6,
02OA039,2,1945,167,21.55,
02OA039,2,1945,168,21.52,
02OA039,2,1945,169,21.56,
02OA039,2,1945,170,21.57,
02OA039,2,1945,171,21.52,
02OA039,2,1945,172,21.49,
02OA039,2,1945,173,21.48,
02OA039,2,1945,174,21.43,
02OA039,2,1945,175,21.39,
02OA039,2,1945,176,21.44,
02OA039,2,1945,177,21.41,
02OA039,2,1945,178,21.3,
02OA039,2,1945,179,21.25,
02OA039,2,1945,180,21.29,
02OA039,2,1945,181,21.3,
02OA039,2,1945,182,21.26,
02OA039,2,1945,183,21.27,
02OA039,2,1945,184,21.32,
02OA039,2,1945,185,21.25,
02OA039,2,1945,186,21.22,
02OA039,2,1945,187,21.19,
02OA039,2,1945,188,21.21,
02OA039,2,1945,189,21.17,
02OA039,2,1945,190,21.22,
02OA039,2,1945,191,21.17,
02OA039,2,1945,192,21.22,
02OA039,2,1945,193,21.21,
02OA039,2,1945,194,21.18,
02OA039,2,1945,195,21.19,
02OA039,2,1945,196,21.2,
02OA039,2,1945,197,21.22,
02OA039,2,1945,198,21.2,
02OA039,2,1945,199,21.21,
02OA039,2,1945,200,21.24,
02OA039,2,1945,201,21.28,
02OA039,2,1945,202,21.26,
02OA039,2,1945,203,21.24,
02OA039,2,1945,204,21.21,
02OA039,2,1945,205,21.17,
02OA039,2,1945,206,21.17,
02OA039,2,1945,207,21.21,
02OA039,2,1945,208,21.21,
02OA039,2,1945,209,21.18,
02OA039,2,1945,210,21.11,
02OA039,2,1945,211,21.13,
02OA039,2,1945,212,21.13,
02OA039,2,1945,213,21.11,
02OA039,2,1945,214,21.12,
02OA039,2,1945,215,21.18,
02OA039,2,1945,216,21.19,
02OA039,2,1945,217,21.09,
02OA039,2,1945,218,21.07,
02OA039,2,1945,219,21.04,
02OA039,2,1945,220,21.06,
02OA039,2,1945,221,21.13,
02OA039,2,1945,222,21.12,
02OA039,2,1945,223,21.09,
02OA039,2,1945,224,21.05,
02OA039,2,1945,225,21.12,
02OA039,2,1945,226,21.11,
02OA039,2,1945,227,21.05,
02OA039,2,1945,228,21.08,
02OA039,2,1945,229,21.11,
02OA039,2,1945,230,21.1,
02OA039,2,1945,231,21.04,
02OA039,2,1945,232,21.09,
02OA039,2,1945,233,21.07,
02OA039,2,1945,234,21.04,
02OA039,2,1945,235,21.03,
02OA039,2,1945,236,21.01,
02OA039,2,1945,237,20.96,
02OA039,2,1945,238,21,
02OA039,2,1945,239,21.06,
02OA039,2,1945,240,21.01,
02OA039,2,1945,241,21.01,
02OA039,2,1945,242,21.07,
02OA039,2,1945,243,21.06,
02OA039,2,1945,244,21.04,
02OA039,2,1945,245,21.03,
02OA039,2,1945,246,20.98,
02OA039,2,1945,247,21.05,
02OA039,2,1945,248,20.99,
02OA039,2,1945,249,20.99,
02OA039,2,1945,250,21.02,
02OA039,2,1945,251,21.06,
02OA039,2,1945,252,20.99,
02OA039,2,1945,253,20.98,
02OA039,2,1945,254,20.93,
02OA039,2,1945,255,20.98,
02OA039,2,1945,256,21,
02OA039,2,1945,257,20.99,
02OA039,2,1945,258,21.01,
02OA039,2,1945,259,20.98,
02OA039,2,1945,260,20.97,
02OA039,2,1945,261,20.9,
02OA039,2,1945,262,20.96,
02OA039,2,1945,263,21.03,
02OA039,2,1945,264,21.1,
02OA039,2,1945,265,21.11,
02OA039,2,1945,266,21.02,
02OA039,2,1945,267,21.08,
02OA039,2,1945,268,21.07,
02OA039,2,1945,269,21.08,
02OA039,2,1945,270,21.04,
02OA039,2,1945,271,21.08,
02OA039,2,1945,272,21.13,
02OA039,2,1945,273,21.06,
02OA039,2,1945,274,21.11,
02OA039,2,1945,275,21.17,
02OA039,2,1945,276,21.37,
02OA039,2,1945,277,21.5,
02OA039,2,1945,278,21.43,
02OA039,2,1945,279,21.33,
02OA039,2,1945,280,21.24,
02OA039,2,1945,281,21.25,
02OA039,2,1945,282,21.3,
02OA039,2,1945,283,21.26,
02OA039,2,1945,284,21.22,
02OA039,2,1945,285,21.21,
02OA039,2,1945,286,21.26,
02OA039,2,1945,287,21.22,
02OA039,2,1945,288,21.22,
02OA039,2,1945,289,21.28,
02OA039,2,1945,290,21.28,
02OA039,2,1945,291,21.22,
02OA039,2,1945,292,21.22,
02OA039,2,1945,293,21.25,
02OA039,2,1945,294,21.18,
02OA039,2,1945,295,21.22,
02OA039,2,1945,296,21.17,
02OA039,2,1945,297,21.1,
02OA039,2,1945,298,21.1,
02OA039,2,1945,299,21.11,
02OA039,2,1945,300,21.18,
02OA039,2,1945,301,21.22,
02OA039,2,1945,302,21.21,
02OA039,2,1945,303,21.18,
02OA039,2,1945,304,21.17,
02OA039,2,1945,305,21.15,
02OA039,2,1945,306,21.21,
02OA039,2,1945,307,21.23,
02OA039,2,1945,308,21.21,
02OA039,2,1945,309,21.25,
02OA039,2,1945,310,21.22,
02OA039,2,1945,311,21.22,
02OA039,2,1945,312,21.22,
02OA039,2,1945,313,21.2,
02OA039,2,1945,314,21.18,
02OA039,2,1945,315,21.2,
02OA039,2,1945,316,21.16,
02OA039,2,1945,317,21.12,
02OA039,2,1945,318,21.18,
02OA039,2,1945,319,21.17,
02OA039,2,1945,320,21.15,
02OA039,2,1945,321,21.14,
02OA039,2,1945,322,21.08,
02OA039,2,1945,323,21.19,
02OA039,2,1945,324,21.21,
02OA039,2,1945,325,21.29,
02OA039,2,1945,326,21.22,
02OA039,2,1945,327,21.4,
02OA039,2,1945,328,21.41,
02OA039,2,1945,329,21.38,
02OA039,2,1945,330,21.29,
02OA039,2,1945,331,21.16,
02OA039,2,1945,332,21.13,
02OA039,2,1945,333,21.03,
02OA039,2,1945,334,20.93,
02OA039,2,1945,335,21.09,
02OA039,2,1945,336,21.11,
02OA039,2,1945,337,21.14,
02OA039,2,1945,338,21.15,
02OA039,2,1945,339,21.14,
02OA039,2,1945,340,21.11,
02OA039,2,1945,341,21.16,
02OA039,2,1945,342,21.19,
02OA039,2,1945,343,21.22,
02OA039,2,1945,344,21.27,
02OA039,2,1945,345,21.23,
02OA039,2,1945,346,21.22,
02OA039,2,1945,347,21.25,
02OA039,2,1945,348,21.36,
02OA039,2,1945,349,21.3,
02OA039,2,1945,350,21.35,
02OA039,2,1945,351,21.33,
02OA039,2,1945,352,21.24,
02OA039,2,1945,353,21.24,
02OA039,2,1945,354,21.39,
02OA039,2,1945,355,21.39,
02OA039,2,1945,356,21.47,
02OA039,2,1945,357,21.44,
02OA039,2,1945,358,21.44,
02OA039,2,1945,359,21.48,
02OA039,2,1945,360,21.48,
02OA039,2,1945,361,21.28,
02OA039,2,1945,362,21.37,
02OA039,2,1945,363,21.43,
02OA039,2,1945,364,21.5,
02OA039,2,1945,365,21.27,
02OA039,2,1946,1,21.09,
02OA039,2,1946,2,21.1,
02OA039,2,1946,3,21.31,
02OA039,2,1946,4,21.4,
02OA039,2,1946,5,21.21,
02OA039,2,1946,6,21.2,
02OA039,2,1946,7,21.28,
02OA039,2,1946,8,21.4,
02OA039,2,1946,9,21.36,
02OA039,2,1946,10,21.33,
02OA039,2,1946,11,21.43,
02OA039,2,1946,12,21.39,
02OA039,2,1946,13,21.33,
02OA039,2,1946,14,21.42,
02OA039,2,1946,15,21.36,
02OA039,2,1946,16,21.36,
02OA039,2,1946,17,21.57,
02OA039,2,1946,18,21.67,
02OA039,2,1946,19,21.64,
02OA039,2,1946,20,21.47,
02OA039,2,1946,21,21.5,
02OA039,2,1946,22,21.44,
02OA039,2,1946,23,21.45,
02OA039,2,1946,24,21.66,
02OA039,2,1946,25,21.62,
02OA039,2,1946,26,21.6,
02OA039,2,1946,27,21.53,
02OA039,2,1946,28,21.58,
02OA039,2,1946,29,21.52,
02OA039,2,1946,30,21.51,
02OA039,2,1946,31,21.42,
02OA039,2,1946,32,21.41,
02OA039,2,1946,33,21.57,
02OA039,2,1946,34,21.46,
02OA039,2,1946,35,21.54,
02OA039,2,1946,36,21.57,
02OA039,2,1946,37,21.5,
02OA039,2,1946,38,21.39,
02OA039,2,1946,39,21.38,
02OA039,2,1946,40,21.42,
02OA039,2,1946,41,21.39,
02OA039,2,1946,42,21.59,
02OA039,2,1946,43,21.47,
02OA039,2,1946,44,21.37,
02OA039,2,1946,45,21.19,
02OA039,2,1946,46,21.14,
02OA039,2,1946,47,21.2,
02OA039,2,1946,48,21.11,
02OA039,2,1946,49,21.19,
02OA039,2,1946,50,21.23,
02OA039,2,1946,51,21.21,
02OA039,2,1946,52,21.07,
02OA039,2,1946,53,21.24,
02OA039,2,1946,54,21.05,
02OA039,2,1946,55,20.96,
02OA039,2,1946,56,21.08,
02OA039,2,1946,57,21.05,
02OA039,2,1946,58,21.16,
02OA039,2,1946,59,21.1,
02OA039,2,1946,60,20.98,
02OA039,2,1946,61,20.81,
02OA039,2,1946,62,20.8,
02OA039,2,1946,63,20.87,
02OA039,2,1946,64,20.89,
02OA039,2,1946,65,20.94,
02OA039,2,1946,66,20.94,
02OA039,2,1946,67,21.11,
02OA039,2,1946,68,21.3,
02OA039,2,1946,69,21.5,
02OA039,2,1946,70,21.69,
02OA039,2,1946,71,21.57,
02OA039,2,1946,72,21.45,
02OA039,2,1946,73,21.55,
02OA039,2,1946,74,21.71,
02OA039,2,1946,75,21.81,
02OA039,2,1946,76,21.76,
02OA039,2,1946,77,21.76,
02OA039,2,1946,78,21.7,
02OA039,2,1946,79,21.71,
02OA039,2,1946,80,21.68,
02OA039,2,1946,81,21.68,
02OA039,2,1946,82,21.63,
02OA039,2,1946,83,21.58,
02OA039,2,1946,84,21.51,
02OA039,2,1946,85,21.48,
02OA039,2,1946,86,21.53,
02OA039,2,1946,87,21.57,
02OA039,2,1946,88,21.53,
02OA039,2,1946,89,21.52,
02OA039,2,1946,90,21.5,
02OA039,2,1946,91,21.45,
02OA039,2,1946,92,21.53,
02OA039,2,1946,93,21.62,
02OA039,2,1946,94,21.6,
02OA039,2,1946,95,21.57,
02OA039,2,1946,96,21.61,
02OA039,2,1946,97,21.51,
02OA039,2,1946,98,21.5,
02OA039,2,1946,99,21.46,
02OA039,2,1946,100,21.49,
02OA039,2,1946,101,21.43,
02OA039,2,1946,102,21.4,
02OA039,2,1946,103,21.37,
02OA039,2,1946,104,21.33,
02OA039,2,1946,105,21.36,
02OA039,2,1946,106,21.37,
02OA039,2,1946,107,21.39,
02OA039,2,1946,108,21.4,
02OA039,2,1946,109,21.39,
02OA039,2,1946,110,21.37,
02OA039,2,1946,111,21.33,
02OA039,2,1946,112,21.27,
02OA039,2,1946,113,21.23,
02OA039,2,1946,114,21.26,
02OA039,2,1946,115,21.32,
02OA039,2,1946,116,21.26,
02OA039,2,1946,117,21.24,
02OA039,2,1946,118,21.22,
02OA039,2,1946,119,21.28,
02OA039,2,1946,120,21.24,
02OA039,2,1946,121,21.22,
02OA039,2,1946,122,21.18,
02OA039,2,1946,123,21.14,
02OA039,2,1946,124,21.13,
02OA039,2,1946,125,21.14,
02OA039,2,1946,126,21.15,
02OA039,2,1946,127,21.14,
02OA039,2,1946,128,21.14,
02OA039,2,1946,129,21.18,
02OA039,2,1946,130,21.17,
02OA039,2,1946,131,21.16,
02OA039,2,1946,132,21.18,
02OA039,2,1946,133,21.19,
02OA039,2,1946,134,21.1,
02OA039,2,1946,135,21.09,
02OA039,2,1946,136,21.1,
02OA039,2,1946,137,21.22,
02OA039,2,1946,138,21.3,
02OA039,2,1946,139,21.35,
02OA039,2,1946,140,21.42,
02OA039,2,1946,141,21.42,
02OA039,2,1946,142,21.46,
02OA039,2,1946,143,21.46,
02OA039,2,1946,144,21.38,
02OA039,2,1946,145,21.38,
02OA039,2,1946,146,21.43,
02OA039,2,1946,147,21.33,
02OA039,2,1946,148,21.27,
02OA039,2,1946,149,21.35,
02OA039,2,1946,150,21.37,
02OA039,2,1946,151,21.37,
02OA039,2,1946,152,21.39,
02OA039,2,1946,153,21.32,
02OA039,2,1946,154,21.36,
02OA039,2,1946,155,21.37,
02OA039,2,1946,156,21.35,
02OA039,2,1946,157,21.39,
02OA039,2,1946,158,21.4,
02OA039,2,1946,159,21.39,
02OA039,2,1946,160,21.29,
02OA039,2,1946,161,21.32,
02OA039,2,1946,162,21.3,
02OA039,2,1946,163,21.31,
02OA039,2,1946,164,21.27,
02OA039,2,1946,165,21.25,
02OA039,2,1946,166,21.18,
02OA039,2,1946,167,21.13,
02OA039,2,1946,168,21.18,
02OA039,2,1946,169,21.18,
02OA039,2,1946,170,21.17,
02OA039,2,1946,171,21.19,
02OA039,2,1946,172,21.21,
02OA039,2,1946,173,21.2,
02OA039,2,1946,174,21.14,
02OA039,2,1946,175,21.17,
02OA039,2,1946,176,21.17,
02OA039,2,1946,177,21.12,
02OA039,2,1946,178,21.1,
02OA039,2,1946,179,21.09,
02OA039,2,1946,180,21.07,
02OA039,2,1946,181,21.04,
02OA039,2,1946,182,21.03,
02OA039,2,1946,183,21.07,
02OA039,2,1946,184,21.03,
02OA039,2,1946,185,20.99,
02OA039,2,1946,186,21.04,
02OA039,2,1946,187,21.06,
02OA039,2,1946,188,21.01,
02OA039,2,1946,189,21.01,
02OA039,2,1946,190,20.98,
02OA039,2,1946,191,21,
02OA039,2,1946,192,20.98,
02OA039,2,1946,193,21,
02OA039,2,1946,194,21.02,
02OA039,2,1946,195,21.01,
02OA039,2,1946,196,21,
02OA039,2,1946,197,20.96,
02OA039,2,1946,198,20.93,
02OA039,2,1946,199,20.94,
02OA039,2,1946,200,20.95,
02OA039,2,1946,201,20.98,
02OA039,2,1946,202,20.92,
02OA039,2,1946,203,20.96,
02OA039,2,1946,204,20.88,
02OA039,2,1946,205,20.94,
02OA039,2,1946,206,20.97,
02OA039,2,1946,207,20.97,
02OA039,2,1946,208,20.95,
02OA039,2,1946,209,20.91,
02OA039,2,1946,210,20.97,
02OA039,2,1946,211,20.91,
02OA039,2,1946,212,20.93,
02OA039,2,1946,213,20.92,
02OA039,2,1946,214,20.91,
02OA039,2,1946,215,20.9,
02OA039,2,1946,216,20.91,
02OA039,2,1946,217,20.92,
02OA039,2,1946,218,20.9,
02OA039,2,1946,219,20.92,
02OA039,2,1946,220,20.88,
02OA039,2,1946,221,20.87,
02OA039,2,1946,222,20.95,
02OA039,2,1946,223,21.01,
02OA039,2,1946,224,20.93,
02OA039,2,1946,225,20.88,
02OA039,2,1946,226,20.87,
02OA039,2,1946,227,20.9,
02OA039,2,1946,228,20.9,
02OA039,2,1946,229,20.91,
02OA039,2,1946,230,20.95,
02OA039,2,1946,231,20.84,
02OA039,2,1946,232,20.86,
02OA039,2,1946,233,20.91,
02OA039,2,1946,234,20.83,
02OA039,2,1946,235,20.91,
02OA039,2,1946,236,20.91,
02OA039,2,1946,237,20.86,
02OA039,2,1946,238,20.87,
02OA039,2,1946,239,20.8,
02OA039,2,1946,240,20.86,
02OA039,2,1946,241,20.86,
02OA039,2,1946,242,20.88,
02OA039,2,1946,243,20.86,
02OA039,2,1946,244,20.83,
02OA039,2,1946,245,20.85,
02OA039,2,1946,246,20.86,
02OA039,2,1946,247,20.81,
02OA039,2,1946,248,20.82,
02OA039,2,1946,249,20.83,
02OA039,2,1946,250,20.82,
02OA039,2,1946,251,20.78,
02OA039,2,1946,252,20.79,
02OA039,2,1946,253,20.74,
02OA039,2,1946,254,20.8,
02OA039,2,1946,255,20.81,
02OA039,2,1946,256,20.82,
02OA039,2,1946,257,20.77,
02OA039,2,1946,258,20.71,
02OA039,2,1946,259,20.82,
02OA039,2,1946,260,20.74,
02OA039,2,1946,261,20.75,
02OA039,2,1946,262,20.82,
02OA039,2,1946,263,20.79,
02OA039,2,1946,264,20.71,
02OA039,2,1946,265,20.73,
02OA039,2,1946,266,20.79,
02OA039,2,1946,267,20.76,
02OA039,2,1946,268,20.79,
02OA039,2,1946,269,20.79,
02OA039,2,1946,270,20.79,
02OA039,2,1946,271,20.75,
02OA039,2,1946,272,20.73,
02OA039,2,1946,273,20.84,
02OA039,2,1946,274,20.85,
02OA039,2,1946,275,20.84,
02OA039,2,1946,276,20.81,
02OA039,2,1946,277,20.8,
02OA039,2,1946,278,20.81,
02OA039,2,1946,279,20.79,
02OA039,2,1946,280,20.81,
02OA039,2,1946,281,20.75,
02OA039,2,1946,282,20.73,
02OA039,2,1946,283,20.68,
02OA039,2,1946,284,20.68,
02OA039,2,1946,285,20.78,
02OA039,2,1946,286,20.77,
02OA039,2,1946,287,20.84,
02OA039,2,1946,288,20.83,
02OA039,2,1946,289,20.88,
02OA039,2,1946,290,20.81,
02OA039,2,1946,291,20.77,
02OA039,2,1946,292,20.86,
02OA039,2,1946,293,20.83,
02OA039,2,1946,294,20.91,
02OA039,2,1946,295,20.88,
02OA039,2,1946,296,20.8,
02OA039,2,1946,297,20.83,
02OA039,2,1946,298,20.82,
02OA039,2,1946,299,20.83,
02OA039,2,1946,300,20.87,
02OA039,2,1946,301,20.85,
02OA039,2,1946,302,20.81,
02OA039,2,1946,303,20.83,
02OA039,2,1946,304,20.89,
02OA039,2,1946,305,20.91,
02OA039,2,1946,306,20.93,
02OA039,2,1946,307,20.84,
02OA039,2,1946,308,20.96,
02OA039,2,1946,309,20.96,
02OA039,2,1946,310,20.96,
02OA039,2,1946,311,20.95,
02OA039,2,1946,312,20.89,
02OA039,2,1946,313,20.93,
02OA039,2,1946,314,20.92,
02OA039,2,1946,315,20.97,
02OA039,2,1946,316,20.94,
02OA039,2,1946,317,20.98,
02OA039,2,1946,318,21,
02OA039,2,1946,319,21.01,
02OA039,2,1946,320,20.99,
02OA039,2,1946,321,20.93,
02OA039,2,1946,322,20.93,
02OA039,2,1946,323,20.89,
02OA039,2,1946,324,20.89,
02OA039,2,1946,325,20.9,
02OA039,2,1946,326,20.88,
02OA039,2,1946,327,20.91,
02OA039,2,1946,328,20.92,
02OA039,2,1946,329,20.91,
02OA039,2,1946,330,20.89,
02OA039,2,1946,331,20.87,
02OA039,2,1946,332,20.9,
02OA039,2,1946,333,20.91,
02OA039,2,1946,334,20.86,
02OA039,2,1946,335,20.88,
02OA039,2,1946,336,20.83,
02OA039,2,1946,337,20.75,
02OA039,2,1946,338,20.74,
02OA039,2,1946,339,20.74,
02OA039,2,1946,340,20.81,
02OA039,2,1946,341,20.8,
02OA039,2,1946,342,20.81,
02OA039,2,1946,343,20.8,
02OA039,2,1946,344,20.91,
02OA039,2,1946,345,21.27,
02OA039,2,1946,346,21.38,
02OA039,2,1946,347,21.32,
02OA039,2,1946,348,21.3,
02OA039,2,1946,349,21.2,
02OA039,2,1946,350,21.15,
02OA039,2,1946,351,21,
02OA039,2,1946,352,21.03,
02OA039,2,1946,353,21.05,
02OA039,2,1946,354,21.01,
02OA039,2,1946,355,20.91,
02OA039,2,1946,356,20.99,
02OA039,2,1946,357,20.9,
02OA039,2,1946,358,20.98,
02OA039,2,1946,359,20.98,
02OA039,2,1946,360,21,
02OA039,2,1946,361,21.05,
02OA039,2,1946,362,21.01,
02OA039,2,1946,363,21,
02OA039,2,1946,364,21,
02OA039,2,1946,365,21.17,
02OA039,2,1947,1,21.3,
02OA039,2,1947,2,21.37,
02OA039,2,1947,3,21.26,
02OA039,2,1947,4,21.23,
02OA039,2,1947,5,21.38,
02OA039,2,1947,6,21.35,
02OA039,2,1947,7,21.49,
02OA039,2,1947,8,21.5,
02OA039,2,1947,9,21.59,
02OA039,2,1947,10,21.58,
02OA039,2,1947,11,21.55,
02OA039,2,1947,12,21.37,
02OA039,2,1947,13,21.55,
02OA039,2,1947,14,21.6,
02OA039,2,1947,15,21.42,
02OA039,2,1947,16,21.19,
02OA039,2,1947,17,21.09,
02OA039,2,1947,18,21.06,
02OA039,2,1947,19,21.17,
02OA039,2,1947,20,21.38,
02OA039,2,1947,21,21.31,
02OA039,2,1947,22,21.36,
02OA039,2,1947,23,21.49,
02OA039,2,1947,24,21.53,
02OA039,2,1947,25,21.35,
02OA039,2,1947,26,21.22,
02OA039,2,1947,27,21.23,
02OA039,2,1947,28,21.21,
02OA039,2,1947,29,21.27,
02OA039,2,1947,30,21.37,
02OA039,2,1947,31,21.28,
02OA039,2,1947,32,21.2,
02OA039,2,1947,33,21.38,
02OA039,2,1947,34,21.64,
02OA039,2,1947,35,21.73,
02OA039,2,1947,36,21.58,
02OA039,2,1947,37,21.6,
02OA039,2,1947,38,21.65,
02OA039,2,1947,39,21.59,
02OA039,2,1947,40,21.38,
02OA039,2,1947,41,21.47,
02OA039,2,1947,42,21.53,
02OA039,2,1947,43,21.61,
02OA039,2,1947,44,21.64,
02OA039,2,1947,45,21.57,
02OA039,2,1947,46,21.44,
02OA039,2,1947,47,21.19,
02OA039,2,1947,48,21.22,
02OA039,2,1947,49,21.12,
02OA039,2,1947,50,21.08,
02OA039,2,1947,51,21.22,
02OA039,2,1947,52,21.29,
02OA039,2,1947,53,21.26,
02OA039,2,1947,54,20.97,
02OA039,2,1947,55,21.03,
02OA039,2,1947,56,21.07,
02OA039,2,1947,57,21.06,
02OA039,2,1947,58,21.08,
02OA039,2,1947,59,21.16,
02OA039,2,1947,60,21.2,
02OA039,2,1947,61,21.03,
02OA039,2,1947,62,21.03,
02OA039,2,1947,63,20.99,
02OA039,2,1947,64,20.99,
02OA039,2,1947,65,21.01,
02OA039,2,1947,66,21.02,
02OA039,2,1947,67,21,
02OA039,2,1947,68,20.87,
02OA039,2,1947,69,20.98,
02OA039,2,1947,70,20.95,
02OA039,2,1947,71,20.93,
02OA039,2,1947,72,20.92,
02OA039,2,1947,73,20.93,
02OA039,2,1947,74,20.98,
02OA039,2,1947,75,20.93,
02OA039,2,1947,76,21.08,
02OA039,2,1947,77,21.15,
02OA039,2,1947,78,21.16,
02OA039,2,1947,79,21.16,
02OA039,2,1947,80,21.03,
02OA039,2,1947,81,21.05,
02OA039,2,1947,82,21.06,
02OA039,2,1947,83,21.08,
02OA039,2,1947,84,21.06,
02OA039,2,1947,85,21.2,
02OA039,2,1947,86,21.37,
02OA039,2,1947,87,21.39,
02OA039,2,1947,88,21.32,
02OA039,2,1947,89,21.17,
02OA039,2,1947,90,21.29,
02OA039,2,1947,91,21.3,
02OA039,2,1947,92,21.23,
02OA039,2,1947,93,21.25,
02OA039,2,1947,94,21.31,
02OA039,2,1947,95,21.33,
02OA039,2,1947,96,21.33,
02OA039,2,1947,97,21.78,
02OA039,2,1947,98,22.17,
02OA039,2,1947,99,22.17,
02OA039,2,1947,100,22.02,
02OA039,2,1947,101,22.07,
02OA039,2,1947,102,22.24,
02OA039,2,1947,103,22.27,
02OA039,2,1947,104,22.43,
02OA039,2,1947,105,22.32,
02OA039,2,1947,106,22.18,
02OA039,2,1947,107,22.17,
02OA039,2,1947,108,22.18,
02OA039,2,1947,109,22.29,
02OA039,2,1947,110,22.11,
02OA039,2,1947,111,22.06,
02OA039,2,1947,112,21.95,
02OA039,2,1947,113,21.73,
02OA039,2,1947,114,21.81,
02OA039,2,1947,115,21.85,
02OA039,2,1947,116,21.85,
02OA039,2,1947,117,21.86,
02OA039,2,1947,118,21.97,
02OA039,2,1947,119,21.88,
02OA039,2,1947,120,21.93,
02OA039,2,1947,121,22.03,
02OA039,2,1947,122,22.21,
02OA039,2,1947,123,22.28,
02OA039,2,1947,124,22.25,
02OA039,2,1947,125,22.32,
02OA039,2,1947,126,22.28,
02OA039,2,1947,127,22.38,
02OA039,2,1947,128,22.41,
02OA039,2,1947,129,22.34,
02OA039,2,1947,130,22.39,
02OA039,2,1947,131,22.3,
02OA039,2,1947,132,22.42,
02OA039,2,1947,133,22.3,
02OA039,2,1947,134,22.25,
02OA039,2,1947,135,22.23,
02OA039,2,1947,136,22.21,
02OA039,2,1947,137,22.27,
02OA039,2,1947,138,22.16,
02OA039,2,1947,139,22.27,
02OA039,2,1947,140,22.31,
02OA039,2,1947,141,22.4,
02OA039,2,1947,142,22.51,
02OA039,2,1947,143,22.62,
02OA039,2,1947,144,22.56,
02OA039,2,1947,145,22.45,
02OA039,2,1947,146,22.57,
02OA039,2,1947,147,22.55,
02OA039,2,1947,148,22.51,
02OA039,2,1947,149,22.53,
02OA039,2,1947,150,22.63,
02OA039,2,1947,151,22.63,
02OA039,2,1947,152,22.59,
02OA039,2,1947,153,22.59,
02OA039,2,1947,154,22.6,
02OA039,2,1947,155,22.71,
02OA039,2,1947,156,22.7,
02OA039,2,1947,157,22.65,
02OA039,2,1947,158,22.52,
02OA039,2,1947,159,22.47,
02OA039,2,1947,160,22.56,
02OA039,2,1947,161,22.59,
02OA039,2,1947,162,22.53,
02OA039,2,1947,163,22.52,
02OA039,2,1947,164,22.47,
02OA039,2,1947,165,22.44,
02OA039,2,1947,166,22.49,
02OA039,2,1947,167,22.58,
02OA039,2,1947,168,22.57,
02OA039,2,1947,169,22.51,
02OA039,2,1947,170,22.45,
02OA039,2,1947,171,22.44,
02OA039,2,1947,172,22.44,
02OA039,2,1947,173,22.35,
02OA039,2,1947,174,22.4,
02OA039,2,1947,175,22.37,
02OA039,2,1947,176,22.35,
02OA039,2,1947,177,22.33,
02OA039,2,1947,178,22.28,
02OA039,2,1947,179,22.22,
02OA039,2,1947,180,21.97,
02OA039,2,1947,181,22.08,
02OA039,2,1947,182,22.07,
02OA039,2,1947,183,22.04,
02OA039,2,1947,184,22.01,
02OA039,2,1947,185,21.98,
02OA039,2,1947,186,21.91,
02OA039,2,1947,187,21.83,
02OA039,2,1947,188,21.9,
02OA039,2,1947,189,22.02,
02OA039,2,1947,190,22.05,
02OA039,2,1947,191,22,
02OA039,2,1947,192,21.88,
02OA039,2,1947,193,21.75,
02OA039,2,1947,194,21.72,
02OA039,2,1947,195,21.75,
02OA039,2,1947,196,21.71,
02OA039,2,1947,197,21.7,
02OA039,2,1947,198,21.63,
02OA039,2,1947,199,21.62,
02OA039,2,1947,200,21.68,
02OA039,2,1947,201,21.65,
02OA039,2,1947,202,21.61,
02OA039,2,1947,203,21.51,
02OA039,2,1947,204,21.51,
02OA039,2,1947,205,21.56,
02OA039,2,1947,206,21.58,
02OA039,2,1947,207,21.54,
02OA039,2,1947,208,21.48,
02OA039,2,1947,209,21.57,
02OA039,2,1947,210,21.61,
02OA039,2,1947,211,21.64,
02OA039,2,1947,212,21.66,
02OA039,2,1947,213,21.65,
02OA039,2,1947,214,21.58,
02OA039,2,1947,215,21.54,
02OA039,2,1947,216,21.54,
02OA039,2,1947,217,21.53,
02OA039,2,1947,218,21.5,
02OA039,2,1947,219,21.47,
02OA039,2,1947,220,21.46,
02OA039,2,1947,221,21.44,
02OA039,2,1947,222,21.41,
02OA039,2,1947,223,21.4,
02OA039,2,1947,224,21.44,
02OA039,2,1947,225,21.37,
02OA039,2,1947,226,21.37,
02OA039,2,1947,227,21.41,
02OA039,2,1947,228,21.4,
02OA039,2,1947,229,21.28,
02OA039,2,1947,230,21.34,
02OA039,2,1947,231,21.39,
02OA039,2,1947,232,21.36,
02OA039,2,1947,233,21.33,
02OA039,2,1947,234,21.35,
02OA039,2,1947,235,21.32,
02OA039,2,1947,236,21.33,
02OA039,2,1947,237,21.32,
02OA039,2,1947,238,21.31,
02OA039,2,1947,239,21.25,
02OA039,2,1947,240,21.25,
02OA039,2,1947,241,21.27,
02OA039,2,1947,242,21.28,
02OA039,2,1947,243,21.32,
02OA039,2,1947,244,21.18,
02OA039,2,1947,245,21.23,
02OA039,2,1947,246,21.36,
02OA039,2,1947,247,21.28,
02OA039,2,1947,248,21.32,
02OA039,2,1947,249,21.35,
02OA039,2,1947,250,21.22,
02OA039,2,1947,251,21.2,
02OA039,2,1947,252,21.18,
02OA039,2,1947,253,21.19,
02OA039,2,1947,254,21.21,
02OA039,2,1947,255,21.25,
02OA039,2,1947,256,21.26,
02OA039,2,1947,257,21.21,
02OA039,2,1947,258,21.25,
02OA039,2,1947,259,21.21,
02OA039,2,1947,260,21.22,
02OA039,2,1947,261,21.19,
02OA039,2,1947,262,21.18,
02OA039,2,1947,263,21.25,
02OA039,2,1947,264,21.2,
02OA039,2,1947,265,21.23,
02OA039,2,1947,266,21.23,
02OA039,2,1947,267,21.2,
02OA039,2,1947,268,21.21,
02OA039,2,1947,269,21.19,
02OA039,2,1947,270,21.14,
02OA039,2,1947,271,21.15,
02OA039,2,1947,272,21.18,
02OA039,2,1947,273,21.24,
02OA039,2,1947,274,21.16,
02OA039,2,1947,275,21.11,
02OA039,2,1947,276,21.13,
02OA039,2,1947,277,21.18,
02OA039,2,1947,278,21.14,
02OA039,2,1947,279,21.18,
02OA039,2,1947,280,21.12,
02OA039,2,1947,281,21.12,
02OA039,2,1947,282,21.12,
02OA039,2,1947,283,21.09,
02OA039,2,1947,284,21.08,
02OA039,2,1947,285,21.05,
02OA039,2,1947,286,21.07,
02OA039,2,1947,287,21.05,
02OA039,2,1947,288,21.04,
02OA039,2,1947,289,21.04,
02OA039,2,1947,290,21.05,
02OA039,2,1947,291,21.1,
02OA039,2,1947,292,21.06,
02OA039,2,1947,293,21.07,
02OA039,2,1947,294,21.03,
02OA039,2,1947,295,21,
02OA039,2,1947,296,21.02,
02OA039,2,1947,297,21,
02OA039,2,1947,298,20.98,
02OA039,2,1947,299,20.95,
02OA039,2,1947,300,21.02,
02OA039,2,1947,301,21,
02OA039,2,1947,302,20.95,
02OA039,2,1947,303,20.91,
02OA039,2,1947,304,20.98,
02OA039,2,1947,305,20.94,
02OA039,2,1947,306,20.93,
02OA039,2,1947,307,20.93,
02OA039,2,1947,308,20.87,
02OA039,2,1947,309,20.94,
02OA039,2,1947,310,20.89,
02OA039,2,1947,311,20.95,
02OA039,2,1947,312,21.03,
02OA039,2,1947,313,21.08,
02OA039,2,1947,314,21,
02OA039,2,1947,315,21,
02OA039,2,1947,316,21.12,
02OA039,2,1947,317,21.13,
02OA039,2,1947,318,21.04,
02OA039,2,1947,319,21.04,
02OA039,2,1947,320,21,
02OA039,2,1947,321,20.92,
02OA039,2,1947,322,20.94,
02OA039,2,1947,323,20.91,
02OA039,2,1947,324,20.95,
02OA039,2,1947,325,20.96,
02OA039,2,1947,326,20.93,
02OA039,2,1947,327,20.97,
02OA039,2,1947,328,20.92,
02OA039,2,1947,329,20.96,
02OA039,2,1947,330,20.96,
02OA039,2,1947,331,20.96,
02OA039,2,1947,332,20.97,
02OA039,2,1947,333,20.97,
02OA039,2,1947,334,20.98,
02OA039,2,1947,335,20.91,
02OA039,2,1947,336,20.82,
02OA039,2,1947,337,20.96,
02OA039,2,1947,338,20.98,
02OA039,2,1947,339,21,
02OA039,2,1947,340,20.96,
02OA039,2,1947,341,20.95,
02OA039,2,1947,342,20.94,
02OA039,2,1947,343,21.04,
02OA039,2,1947,344,20.99,
02OA039,2,1947,345,20.91,
02OA039,2,1947,346,20.93,
02OA039,2,1947,347,20.99,
02OA039,2,1947,348,20.99,
02OA039,2,1947,349,20.93,
02OA039,2,1947,350,20.97,
02OA039,2,1947,351,21.06,
02OA039,2,1947,352,21.01,
02OA039,2,1947,353,21.06,
02OA039,2,1947,354,21.11,
02OA039,2,1947,355,21.32,
02OA039,2,1947,356,21.19,
02OA039,2,1947,357,21.21,
02OA039,2,1947,358,21.35,
02OA039,2,1947,359,21.22,
02OA039,2,1947,360,21.33,
02OA039,2,1947,361,21.46,
02OA039,2,1947,362,21.35,
02OA039,2,1947,363,21.36,
02OA039,2,1947,364,21.3,
02OA039,2,1947,365,21.4,
02OA039,2,1948,1,21.42,
02OA039,2,1948,2,21.37,
02OA039,2,1948,3,21.4,
02OA039,2,1948,4,21.21,
02OA039,2,1948,5,21.11,
02OA039,2,1948,6,21.03,
02OA039,2,1948,7,21.07,
02OA039,2,1948,8,21.07,
02OA039,2,1948,9,21.02,
02OA039,2,1948,10,21.09,
02OA039,2,1948,11,21.16,
02OA039,2,1948,12,21.27,
02OA039,2,1948,13,21.33,
02OA039,2,1948,14,21.28,
02OA039,2,1948,15,21.25,
02OA039,2,1948,16,21.37,
02OA039,2,1948,17,21.33,
02OA039,2,1948,18,21.28,
02OA039,2,1948,19,21.22,
02OA039,2,1948,20,21.09,
02OA039,2,1948,21,21.13,
02OA039,2,1948,22,21.1,
02OA039,2,1948,23,21.2,
02OA039,2,1948,24,21.21,
02OA039,2,1948,25,21.2,
02OA039,2,1948,26,20.96,
02OA039,2,1948,27,20.96,
02OA039,2,1948,28,21.21,
02OA039,2,1948,29,21.11,
02OA039,2,1948,30,20.87,
02OA039,2,1948,31,20.72,
02OA039,2,1948,32,20.61,
02OA039,2,1948,33,20.79,
02OA039,2,1948,34,20.96,
02OA039,2,1948,35,21.08,
02OA039,2,1948,36,20.99,
02OA039,2,1948,37,20.96,
02OA039,2,1948,38,21.06,
02OA039,2,1948,39,20.93,
02OA039,2,1948,40,21.04,
02OA039,2,1948,41,21.15,
02OA039,2,1948,42,21.07,
02OA039,2,1948,43,21.04,
02OA039,2,1948,44,21,
02OA039,2,1948,45,20.9,
02OA039,2,1948,46,20.89,
02OA039,2,1948,47,21.04,
02OA039,2,1948,48,21,
02OA039,2,1948,49,20.86,
02OA039,2,1948,50,20.92,
02OA039,2,1948,51,20.79,
02OA039,2,1948,52,20.9,
02OA039,2,1948,53,20.88,
02OA039,2,1948,54,21.01,
02OA039,2,1948,55,21.07,
02OA039,2,1948,56,20.92,
02OA039,2,1948,57,20.94,
02OA039,2,1948,58,20.92,
02OA039,2,1948,59,20.99,
02OA039,2,1948,60,20.98,
02OA039,2,1948,61,20.97,
02OA039,2,1948,62,20.96,
02OA039,2,1948,63,20.93,
02OA039,2,1948,64,20.82,
02OA039,2,1948,65,20.84,
02OA039,2,1948,66,20.87,
02OA039,2,1948,67,20.83,
02OA039,2,1948,68,20.74,
02OA039,2,1948,69,20.79,
02OA039,2,1948,70,20.82,
02OA039,2,1948,71,20.89,
02OA039,2,1948,72,21.01,
02OA039,2,1948,73,20.93,
02OA039,2,1948,74,20.91,
02OA039,2,1948,75,20.83,
02OA039,2,1948,76,20.88,
02OA039,2,1948,77,21.11,
02OA039,2,1948,78,21.31,
02OA039,2,1948,79,21.28,
02OA039,2,1948,80,21.35,
02OA039,2,1948,81,21.71,
02OA039,2,1948,82,21.93,
02OA039,2,1948,83,21.96,
02OA039,2,1948,84,21.9,
02OA039,2,1948,85,21.8,
02OA039,2,1948,86,21.74,
02OA039,2,1948,87,21.66,
02OA039,2,1948,88,21.82,
02OA039,2,1948,89,21.84,
02OA039,2,1948,90,21.77,
02OA039,2,1948,91,21.79,
02OA039,2,1948,92,21.71,
02OA039,2,1948,93,21.67,
02OA039,2,1948,94,21.67,
02OA039,2,1948,95,21.69,
02OA039,2,1948,96,21.6,
02OA039,2,1948,97,21.53,
02OA039,2,1948,98,21.52,
02OA039,2,1948,99,21.52,
02OA039,2,1948,100,21.61,
02OA039,2,1948,101,21.52,
02OA039,2,1948,102,21.53,
02OA039,2,1948,103,21.54,
02OA039,2,1948,104,21.53,
02OA039,2,1948,105,21.51,
02OA039,2,1948,106,21.5,
02OA039,2,1948,107,21.58,
02OA039,2,1948,108,21.57,
02OA039,2,1948,109,21.55,
02OA039,2,1948,110,21.54,
02OA039,2,1948,111,21.52,
02OA039,2,1948,112,21.61,
02OA039,2,1948,113,21.71,
02OA039,2,1948,114,21.65,
02OA039,2,1948,115,21.69,
02OA039,2,1948,116,21.66,
02OA039,2,1948,117,21.65,
02OA039,2,1948,118,21.61,
02OA039,2,1948,119,21.55,
02OA039,2,1948,120,21.56,
02OA039,2,1948,121,21.66,
02OA039,2,1948,122,21.63,
02OA039,2,1948,123,21.68,
02OA039,2,1948,124,21.67,
02OA039,2,1948,125,21.63,
02OA039,2,1948,126,21.56,
02OA039,2,1948,127,21.54,
02OA039,2,1948,128,21.53,
02OA039,2,1948,129,21.53,
02OA039,2,1948,130,21.59,
02OA039,2,1948,131,21.54,
02OA039,2,1948,132,21.52,
02OA039,2,1948,133,21.48,
02OA039,2,1948,134,21.45,
02OA039,2,1948,135,21.46,
02OA039,2,1948,136,21.5,
02OA039,2,1948,137,21.45,
02OA039,2,1948,138,21.49,
02OA039,2,1948,139,21.52,
02OA039,2,1948,140,21.54,
02OA039,2,1948,141,21.53,
02OA039,2,1948,142,21.53,
02OA039,2,1948,143,21.48,
02OA039,2,1948,144,21.43,
02OA039,2,1948,145,21.52,
02OA039,2,1948,146,21.58,
02OA039,2,1948,147,21.55,
02OA039,2,1948,148,21.53,
02OA039,2,1948,149,21.5,
02OA039,2,1948,150,21.46,
02OA039,2,1948,151,21.48,
02OA039,2,1948,152,21.44,
02OA039,2,1948,153,21.43,
02OA039,2,1948,154,21.38,
02OA039,2,1948,155,21.41,
02OA039,2,1948,156,21.45,
02OA039,2,1948,157,21.45,
02OA039,2,1948,158,21.41,
02OA039,2,1948,159,21.42,
02OA039,2,1948,160,21.37,
02OA039,2,1948,161,21.39,
02OA039,2,1948,162,21.42,
02OA039,2,1948,163,21.4,
02OA039,2,1948,164,21.39,
02OA039,2,1948,165,21.38,
02OA039,2,1948,166,21.39,
02OA039,2,1948,167,21.33,
02OA039,2,1948,168,21.32,
02OA039,2,1948,169,21.35,
02OA039,2,1948,170,21.35,
02OA039,2,1948,171,21.35,
02OA039,2,1948,172,21.36,
02OA039,2,1948,173,21.28,
02OA039,2,1948,174,21.25,
02OA039,2,1948,175,21.25,
02OA039,2,1948,176,21.23,
02OA039,2,1948,177,21.28,
02OA039,2,1948,178,21.36,
02OA039,2,1948,179,21.35,
02OA039,2,1948,180,21.24,
02OA039,2,1948,181,21.22,
02OA039,2,1948,182,21.23,
02OA039,2,1948,183,21.24,
02OA039,2,1948,184,21.28,
02OA039,2,1948,185,21.29,
02OA039,2,1948,186,21.25,
02OA039,2,1948,187,21.17,
02OA039,2,1948,188,21.18,
02OA039,2,1948,189,21.18,
02OA039,2,1948,190,21.18,
02OA039,2,1948,191,21.21,
02OA039,2,1948,192,21.26,
02OA039,2,1948,193,21.22,
02OA039,2,1948,194,21.2,
02OA039,2,1948,195,21.2,
02OA039,2,1948,196,21.17,
02OA039,2,1948,197,21.15,
02OA039,2,1948,198,21.14,
02OA039,2,1948,199,21.15,
02OA039,2,1948,200,21.2,
02OA039,2,1948,201,21.17,
02OA039,2,1948,202,21.13,
02OA039,2,1948,203,21.14,
02OA039,2,1948,204,21.13,
02OA039,2,1948,205,21.14,
02OA039,2,1948,206,21.2,
02OA039,2,1948,207,21.23,
02OA039,2,1948,208,21.16,
02OA039,2,1948,209,21.11,
02OA039,2,1948,210,21.13,
02OA039,2,1948,211,21.15,
02OA039,2,1948,212,21.15,
02OA039,2,1948,213,21.16,
02OA039,2,1948,214,21.15,
02OA039,2,1948,215,21.12,
02OA039,2,1948,216,21.1,
02OA039,2,1948,217,21.12,
02OA039,2,1948,218,21.11,
02OA039,2,1948,219,21.09,
02OA039,2,1948,220,21.07,
02OA039,2,1948,221,21.08,
02OA039,2,1948,222,21.07,
02OA039,2,1948,223,21.07,
02OA039,2,1948,224,21.09,
02OA039,2,1948,225,21.12,
02OA039,2,1948,226,21.16,
02OA039,2,1948,227,21.11,
02OA039,2,1948,228,21.14,
02OA039,2,1948,229,21.1,
02OA039,2,1948,230,21.07,
02OA039,2,1948,231,21.08,
02OA039,2,1948,232,21.08,
02OA039,2,1948,233,21.1,
02OA039,2,1948,234,21.08,
02OA039,2,1948,235,21.07,
02OA039,2,1948,236,21.07,
02OA039,2,1948,237,21.02,
02OA039,2,1948,238,21.04,
02OA039,2,1948,239,21.05,
02OA039,2,1948,240,21.06,
02OA039,2,1948,241,21.05,
02OA039,2,1948,242,21.07,
02OA039,2,1948,243,21.05,
02OA039,2,1948,244,21,
02OA039,2,1948,245,20.96,
02OA039,2,1948,246,20.95,
02OA039,2,1948,247,20.96,
02OA039,2,1948,248,20.95,
02OA039,2,1948,249,20.97,
02OA039,2,1948,250,20.95,
02OA039,2,1948,251,20.91,
02OA039,2,1948,252,20.91,
02OA039,2,1948,253,20.95,
02OA039,2,1948,254,20.98,
02OA039,2,1948,255,20.96,
02OA039,2,1948,256,20.98,
02OA039,2,1948,257,20.91,
02OA039,2,1948,258,20.93,
02OA039,2,1948,259,20.98,
02OA039,2,1948,260,20.93,
02OA039,2,1948,261,20.86,
02OA039,2,1948,262,20.89,
02OA039,2,1948,263,20.89,
02OA039,2,1948,264,20.91,
02OA039,2,1948,265,20.86,
02OA039,2,1948,266,20.88,
02OA039,2,1948,267,20.84,
02OA039,2,1948,268,20.79,
02OA039,2,1948,269,20.83,
02OA039,2,1948,270,20.84,
02OA039,2,1948,271,20.84,
02OA039,2,1948,272,20.79,
02OA039,2,1948,273,20.82,
02OA039,2,1948,274,20.83,
02OA039,2,1948,275,20.85,
02OA039,2,1948,276,20.84,
02OA039,2,1948,277,20.82,
02OA039,2,1948,278,20.81,
02OA039,2,1948,279,20.72,
02OA039,2,1948,280,20.76,
02OA039,2,1948,281,20.78,
02OA039,2,1948,282,20.76,
02OA039,2,1948,283,20.83,
02OA039,2,1948,284,20.87,
02OA039,2,1948,285,20.85,
02OA039,2,1948,286,20.87,
02OA039,2,1948,287,20.8,
02OA039,2,1948,288,20.85,
02OA039,2,1948,289,20.81,
02OA039,2,1948,290,20.78,
02OA039,2,1948,291,20.84,
02OA039,2,1948,292,20.85,
02OA039,2,1948,293,20.75,
02OA039,2,1948,294,20.79,
02OA039,2,1948,295,20.8,
02OA039,2,1948,296,20.76,
02OA039,2,1948,297,20.76,
02OA039,2,1948,298,20.82,
02OA039,2,1948,299,20.78,
02OA039,2,1948,300,20.74,
02OA039,2,1948,301,20.72,
02OA039,2,1948,302,20.75,
02OA039,2,1948,303,20.75,
02OA039,2,1948,304,20.74,
02OA039,2,1948,305,20.71,
02OA039,2,1948,306,20.72,
02OA039,2,1948,307,20.71,
02OA039,2,1948,308,20.71,
02OA039,2,1948,309,20.73,
02OA039,2,1948,310,20.73,
02OA039,2,1948,311,20.75,
02OA039,2,1948,312,20.78,
02OA039,2,1948,313,20.8,
02OA039,2,1948,314,20.74,
02OA039,2,1948,315,20.75,
02OA039,2,1948,316,20.76,
02OA039,2,1948,317,20.8,
02OA039,2,1948,318,20.78,
02OA039,2,1948,319,20.76,
02OA039,2,1948,320,20.74,
02OA039,2,1948,321,20.73,
02OA039,2,1948,322,20.77,
02OA039,2,1948,323,20.81,
02OA039,2,1948,324,20.73,
02OA039,2,1948,325,20.72,
02OA039,2,1948,326,20.85,
02OA039,2,1948,327,20.87,
02OA039,2,1948,328,20.92,
02OA039,2,1948,329,20.88,
02OA039,2,1948,330,20.88,
02OA039,2,1948,331,20.89,
02OA039,2,1948,332,20.89,
02OA039,2,1948,333,20.86,
02OA039,2,1948,334,20.87,
02OA039,2,1948,335,20.79,
02OA039,2,1948,336,20.7,
02OA039,2,1948,337,20.78,
02OA039,2,1948,338,20.87,
02OA039,2,1948,339,20.81,
02OA039,2,1948,340,20.81,
02OA039,2,1948,341,20.82,
02OA039,2,1948,342,20.84,
02OA039,2,1948,343,20.87,
02OA039,2,1948,344,20.87,
02OA039,2,1948,345,20.79,
02OA039,2,1948,346,20.8,
02OA039,2,1948,347,20.75,
02OA039,2,1948,348,20.79,
02OA039,2,1948,349,20.78,
02OA039,2,1948,350,20.78,
02OA039,2,1948,351,20.71,
02OA039,2,1948,352,20.76,
02OA039,2,1948,353,20.7,
02OA039,2,1948,354,20.74,
02OA039,2,1948,355,20.7,
02OA039,2,1948,356,20.67,
02OA039,2,1948,357,20.74,
02OA039,2,1948,358,20.78,
02OA039,2,1948,359,20.7,
02OA039,2,1948,360,20.68,
02OA039,2,1948,361,20.68,
02OA039,2,1948,362,20.78,
02OA039,2,1948,363,20.72,
02OA039,2,1948,364,20.78,
02OA039,2,1948,365,20.71,
02OA039,2,1948,366,20.76,
02OA039,2,1949,1,20.7,
02OA039,2,1949,2,20.86,
02OA039,2,1949,3,20.79,
02OA039,2,1949,4,20.74,
02OA039,2,1949,5,20.73,
02OA039,2,1949,6,20.83,
02OA039,2,1949,7,20.88,
02OA039,2,1949,8,20.97,
02OA039,2,1949,9,20.92,
02OA039,2,1949,10,20.94,
02OA039,2,1949,11,20.83,
02OA039,2,1949,12,20.83,
02OA039,2,1949,13,20.82,
02OA039,2,1949,14,20.86,
02OA039,2,1949,15,21.02,
02OA039,2,1949,16,21,
02OA039,2,1949,17,20.89,
02OA039,2,1949,18,21.05,
02OA039,2,1949,19,21.09,
02OA039,2,1949,20,21.08,
02OA039,2,1949,21,21.16,
02OA039,2,1949,22,21.29,
02OA039,2,1949,23,21.28,
02OA039,2,1949,24,21.35,
02OA039,2,1949,25,21.39,
02OA039,2,1949,26,21.46,
02OA039,2,1949,27,21.39,
02OA039,2,1949,28,21.27,
02OA039,2,1949,29,21.19,
02OA039,2,1949,30,21.36,
02OA039,2,1949,31,21.38,
02OA039,2,1949,32,21.38,
02OA039,2,1949,33,21.36,
02OA039,2,1949,34,21.5,
02OA039,2,1949,35,21.36,
02OA039,2,1949,36,21.31,
02OA039,2,1949,37,21.23,
02OA039,2,1949,38,21.25,
02OA039,2,1949,39,21.25,
02OA039,2,1949,40,21.09,
02OA039,2,1949,41,21.04,
02OA039,2,1949,42,21.13,
02OA039,2,1949,43,21.11,
02OA039,2,1949,44,21.08,
02OA039,2,1949,45,21.24,
02OA039,2,1949,46,21.27,
02OA039,2,1949,47,21.12,
02OA039,2,1949,48,21.21,
02OA039,2,1949,49,21.29,
02OA039,2,1949,50,21.1,
02OA039,2,1949,51,21.2,
02OA039,2,1949,52,21.22,
02OA039,2,1949,53,21.25,
02OA039,2,1949,54,21.24,
02OA039,2,1949,55,21.05,
02OA039,2,1949,56,21.05,
02OA039,2,1949,57,21.1,
02OA039,2,1949,58,21.15,
02OA039,2,1949,59,21.17,
02OA039,2,1949,60,21.18,
02OA039,2,1949,61,21.05,
02OA039,2,1949,62,21.1,
02OA039,2,1949,63,21.11,
02OA039,2,1949,64,21.06,
02OA039,2,1949,65,21.07,
02OA039,2,1949,66,21.12,
02OA039,2,1949,67,21.12,
02OA039,2,1949,68,21.08,
02OA039,2,1949,69,21.02,
02OA039,2,1949,70,21.01,
02OA039,2,1949,71,20.92,
02OA039,2,1949,72,20.98,
02OA039,2,1949,73,21.11,
02OA039,2,1949,74,21.09,
02OA039,2,1949,75,21.12,
02OA039,2,1949,76,21.07,
02OA039,2,1949,77,21.08,
02OA039,2,1949,78,21.18,
02OA039,2,1949,79,21.15,
02OA039,2,1949,80,21.04,
02OA039,2,1949,81,21.05,
02OA039,2,1949,82,21.04,
02OA039,2,1949,83,21.21,
02OA039,2,1949,84,21.36,
02OA039,2,1949,85,21.25,
02OA039,2,1949,86,21.44,
02OA039,2,1949,87,21.69,
02OA039,2,1949,88,21.89,
02OA039,2,1949,89,21.82,
02OA039,2,1949,90,21.79,
02OA039,2,1949,91,21.78,
02OA039,2,1949,92,21.69,
02OA039,2,1949,93,21.71,
02OA039,2,1949,94,21.76,
02OA039,2,1949,95,21.67,
02OA039,2,1949,96,21.65,
02OA039,2,1949,97,21.82,
02OA039,2,1949,98,21.87,
02OA039,2,1949,99,21.82,
02OA039,2,1949,100,21.7,
02OA039,2,1949,101,21.71,
02OA039,2,1949,102,21.57,
02OA039,2,1949,103,21.5,
02OA039,2,1949,104,21.5,
02OA039,2,1949,105,21.42,
02OA039,2,1949,106,21.54,
02OA039,2,1949,107,21.54,
02OA039,2,1949,108,21.59,
02OA039,2,1949,109,21.56,
02OA039,2,1949,110,21.7,
02OA039,2,1949,111,21.78,
02OA039,2,1949,112,21.75,
02OA039,2,1949,113,21.68,
02OA039,2,1949,114,21.67,
02OA039,2,1949,115,21.74,
02OA039,2,1949,116,21.7,
02OA039,2,1949,117,21.69,
02OA039,2,1949,118,21.69,
02OA039,2,1949,119,21.74,
02OA039,2,1949,120,21.71,
02OA039,2,1949,121,21.73,
02OA039,2,1949,122,21.84,
02OA039,2,1949,123,21.73,
02OA039,2,1949,124,21.7,
02OA039,2,1949,125,21.71,
02OA039,2,1949,126,21.68,
02OA039,2,1949,127,21.62,
02OA039,2,1949,128,21.61,
02OA039,2,1949,129,21.67,
02OA039,2,1949,130,21.58,
02OA039,2,1949,131,21.54,
02OA039,2,1949,132,21.48,
02OA039,2,1949,133,21.4,
02OA039,2,1949,134,21.48,
02OA039,2,1949,135,21.46,
02OA039,2,1949,136,21.45,
02OA039,2,1949,137,21.32,
02OA039,2,1949,138,21.29,
02OA039,2,1949,139,21.31,
02OA039,2,1949,140,21.28,
02OA039,2,1949,141,21.21,
02OA039,2,1949,142,21.15,
02OA039,2,1949,143,21.2,
02OA039,2,1949,144,21.2,
02OA039,2,1949,145,21.18,
02OA039,2,1949,146,21.1,
02OA039,2,1949,147,21.12,
02OA039,2,1949,148,21.13,
02OA039,2,1949,149,21.11,
02OA039,2,1949,150,21.14,
02OA039,2,1949,151,21.05,
02OA039,2,1949,152,21.13,
02OA039,2,1949,153,21.14,
02OA039,2,1949,154,21.1,
02OA039,2,1949,155,21.1,
02OA039,2,1949,156,21.14,
02OA039,2,1949,157,21.15,
02OA039,2,1949,158,21.1,
02OA039,2,1949,159,21.11,
02OA039,2,1949,160,21.07,
02OA039,2,1949,161,21.1,
02OA039,2,1949,162,21.06,
02OA039,2,1949,163,21.04,
02OA039,2,1949,164,21.04,
02OA039,2,1949,165,20.98,
02OA039,2,1949,166,20.99,
02OA039,2,1949,167,21,
02OA039,2,1949,168,21.02,
02OA039,2,1949,169,20.97,
02OA039,2,1949,170,20.91,
02OA039,2,1949,171,20.9,
02OA039,2,1949,172,20.95,
02OA039,2,1949,173,21,
02OA039,2,1949,174,20.99,
02OA039,2,1949,175,20.97,
02OA039,2,1949,176,20.96,
02OA039,2,1949,177,21.06,
02OA039,2,1949,178,21.09,
02OA039,2,1949,179,21.09,
02OA039,2,1949,180,21.07,
02OA039,2,1949,181,21.08,
02OA039,2,1949,182,21.05,
02OA039,2,1949,183,21.12,
02OA039,2,1949,184,21.13,
02OA039,2,1949,185,21.04,
02OA039,2,1949,186,21.07,
02OA039,2,1949,187,21.14,
02OA039,2,1949,188,21.09,
02OA039,2,1949,189,21.08,
02OA039,2,1949,190,20.96,
02OA039,2,1949,191,21.06,
02OA039,2,1949,192,21.06,
02OA039,2,1949,193,20.96,
02OA039,2,1949,194,20.93,
02OA039,2,1949,195,20.96,
02OA039,2,1949,196,20.9,
02OA039,2,1949,197,20.86,
02OA039,2,1949,198,20.86,
02OA039,2,1949,199,20.83,
02OA039,2,1949,200,20.8,
02OA039,2,1949,201,20.84,
02OA039,2,1949,202,20.88,
02OA039,2,1949,203,20.83,
02OA039,2,1949,204,20.79,
02OA039,2,1949,205,20.88,
02OA039,2,1949,206,20.81,
02OA039,2,1949,207,20.77,
02OA039,2,1949,208,20.82,
02OA039,2,1949,209,20.86,
02OA039,2,1949,210,20.84,
02OA039,2,1949,211,20.79,
02OA039,2,1949,212,20.83,
02OA039,2,1949,213,20.76,
02OA039,2,1949,214,20.78,
02OA039,2,1949,215,20.76,
02OA039,2,1949,216,20.71,
02OA039,2,1949,217,20.72,
02OA039,2,1949,218,20.79,
02OA039,2,1949,219,20.78,
02OA039,2,1949,220,20.67,
02OA039,2,1949,221,20.71,
02OA039,2,1949,222,20.71,
02OA039,2,1949,223,20.86,
02OA039,2,1949,224,20.77,
02OA039,2,1949,225,20.72,
02OA039,2,1949,226,20.68,
02OA039,2,1949,227,20.66,
02OA039,2,1949,228,20.66,
02OA039,2,1949,229,20.61,
02OA039,2,1949,230,20.64,
02OA039,2,1949,231,20.67,
02OA039,2,1949,232,20.68,
02OA039,2,1949,233,20.59,
02OA039,2,1949,234,20.59,
02OA039,2,1949,235,20.56,
02OA039,2,1949,236,20.61,
02OA039,2,1949,237,20.64,
02OA039,2,1949,238,20.61,
02OA039,2,1949,239,20.61,
02OA039,2,1949,240,20.65,
02OA039,2,1949,241,20.64,
02OA039,2,1949,242,20.69,
02OA039,2,1949,243,20.61,
02OA039,2,1949,244,20.63,
02OA039,2,1949,245,20.7,
02OA039,2,1949,246,20.69,
02OA039,2,1949,247,20.63,
02OA039,2,1949,248,20.63,
02OA039,2,1949,249,20.68,
02OA039,2,1949,250,20.65,
02OA039,2,1949,251,20.55,
02OA039,2,1949,252,20.57,
02OA039,2,1949,253,20.55,
02OA039,2,1949,254,20.58,
02OA039,2,1949,255,20.58,
02OA039,2,1949,256,20.59,
02OA039,2,1949,257,20.64,
02OA039,2,1949,258,20.68,
02OA039,2,1949,259,20.66,
02OA039,2,1949,260,20.61,
02OA039,2,1949,261,20.62,
02OA039,2,1949,262,20.62,
02OA039,2,1949,263,20.62,
02OA039,2,1949,264,20.68,
02OA039,2,1949,265,20.59,
02OA039,2,1949,266,20.61,
02OA039,2,1949,267,20.61,
02OA039,2,1949,268,20.41,
02OA039,2,1949,269,20.68,
02OA039,2,1949,270,20.64,
02OA039,2,1949,271,20.61,
02OA039,2,1949,272,20.68,
02OA039,2,1949,273,20.62,
02OA039,2,1949,274,20.58,
02OA039,2,1949,275,20.59,
02OA039,2,1949,276,20.55,
02OA039,2,1949,277,20.61,
02OA039,2,1949,278,20.6,
02OA039,2,1949,279,20.63,
02OA039,2,1949,280,20.55,
02OA039,2,1949,281,20.55,
02OA039,2,1949,282,20.61,
02OA039,2,1949,283,20.58,
02OA039,2,1949,284,20.57,
02OA039,2,1949,285,20.55,
02OA039,2,1949,286,20.58,
02OA039,2,1949,287,20.57,
02OA039,2,1949,288,20.54,
02OA039,2,1949,289,20.52,
02OA039,2,1949,290,20.53,
02OA039,2,1949,291,20.48,
02OA039,2,1949,292,20.46,
02OA039,2,1949,293,20.51,
02OA039,2,1949,294,20.53,
02OA039,2,1949,295,20.55,
02OA039,2,1949,296,20.57,
02OA039,2,1949,297,20.56,
02OA039,2,1949,298,20.48,
02OA039,2,1949,299,20.5,
02OA039,2,1949,300,20.5,
02OA039,2,1949,301,20.53,
02OA039,2,1949,302,20.54,
02OA039,2,1949,303,20.55,
02OA039,2,1949,304,20.5,
02OA039,2,1949,305,20.43,
02OA039,2,1949,306,20.47,
02OA039,2,1949,307,20.47,
02OA039,2,1949,308,20.51,
02OA039,2,1949,309,20.52,
02OA039,2,1949,310,20.55,
02OA039,2,1949,311,20.45,
02OA039,2,1949,312,20.44,
02OA039,2,1949,313,20.47,
02OA039,2,1949,314,20.49,
02OA039,2,1949,315,20.43,
02OA039,2,1949,316,20.49,
02OA039,2,1949,317,20.43,
02OA039,2,1949,318,20.47,
02OA039,2,1949,319,20.51,
02OA039,2,1949,320,20.51,
02OA039,2,1949,321,20.53,
02OA039,2,1949,322,20.53,
02OA039,2,1949,323,20.52,
02OA039,2,1949,324,20.5,
02OA039,2,1949,325,20.5,
02OA039,2,1949,326,20.5,
02OA039,2,1949,327,20.52,
02OA039,2,1949,328,20.5,
02OA039,2,1949,329,20.51,
02OA039,2,1949,330,20.52,
02OA039,2,1949,331,20.48,
02OA039,2,1949,332,20.44,
02OA039,2,1949,333,20.4,
02OA039,2,1949,334,20.43,
02OA039,2,1949,335,20.37,
02OA039,2,1949,336,20.46,
02OA039,2,1949,337,20.57,
02OA039,2,1949,338,20.45,
02OA039,2,1949,339,20.47,
02OA039,2,1949,340,20.45,
02OA039,2,1949,341,20.46,
02OA039,2,1949,342,20.44,
02OA039,2,1949,343,20.47,
02OA039,2,1949,344,20.59,
02OA039,2,1949,345,20.67,
02OA039,2,1949,346,20.61,
02OA039,2,1949,347,20.57,
02OA039,2,1949,348,20.61,
02OA039,2,1949,349,20.6,
02OA039,2,1949,350,20.55,
02OA039,2,1949,351,20.51,
02OA039,2,1949,352,20.49,
02OA039,2,1949,353,20.51,
02OA039,2,1949,354,20.52,
02OA039,2,1949,355,20.61,
02OA039,2,1949,356,20.69,
02OA039,2,1949,357,20.9,
02OA039,2,1949,358,20.93,
02OA039,2,1949,359,20.75,
02OA039,2,1949,360,20.73,
02OA039,2,1949,361,20.83,
02OA039,2,1949,362,20.86,
02OA039,2,1949,363,20.78,
02OA039,2,1949,364,20.78,
02OA039,2,1949,365,20.74,
02OA039,2,1950,1,20.64,
02OA039,2,1950,2,20.72,
02OA039,2,1950,3,20.61,
02OA039,2,1950,4,20.67,
02OA039,2,1950,5,20.79,
02OA039,2,1950,6,20.83,
02OA039,2,1950,7,20.75,
02OA039,2,1950,8,20.61,
02OA039,2,1950,9,20.76,
02OA039,2,1950,10,20.91,
02OA039,2,1950,11,21.01,
02OA039,2,1950,12,21.01,
02OA039,2,1950,13,21.18,
02OA039,2,1950,14,21.25,
02OA039,2,1950,15,21.21,
02OA039,2,1950,16,21.24,
02OA039,2,1950,17,21.09,
02OA039,2,1950,18,21.1,
02OA039,2,1950,19,21.07,
02OA039,2,1950,20,21.18,
02OA039,2,1950,21,21.25,
02OA039,2,1950,22,21.11,
02OA039,2,1950,23,21.16,
02OA039,2,1950,24,21.26,
02OA039,2,1950,25,21.08,
02OA039,2,1950,26,20.97,
02OA039,2,1950,27,21.22,
02OA039,2,1950,28,21.44,
02OA039,2,1950,29,21.22,
02OA039,2,1950,30,21.11,
02OA039,2,1950,31,21.12,
02OA039,2,1950,32,21.02,
02OA039,2,1950,33,21.11,
02OA039,2,1950,34,21.14,
02OA039,2,1950,35,21.11,
02OA039,2,1950,36,21.17,
02OA039,2,1950,37,21.22,
02OA039,2,1950,38,21.19,
02OA039,2,1950,39,21.12,
02OA039,2,1950,40,21.11,
02OA039,2,1950,41,21.19,
02OA039,2,1950,42,21.21,
02OA039,2,1950,43,21,
02OA039,2,1950,44,20.96,
02OA039,2,1950,45,20.96,
02OA039,2,1950,46,20.92,
02OA039,2,1950,47,20.98,
02OA039,2,1950,48,21.1,
02OA039,2,1950,49,20.94,
02OA039,2,1950,50,20.81,
02OA039,2,1950,51,20.89,
02OA039,2,1950,52,20.72,
02OA039,2,1950,53,20.85,
02OA039,2,1950,54,20.97,
02OA039,2,1950,55,21,
02OA039,2,1950,56,21.16,
02OA039,2,1950,57,21.21,
02OA039,2,1950,58,21.09,
02OA039,2,1950,59,21.2,
02OA039,2,1950,60,21.14,
02OA039,2,1950,61,21.14,
02OA039,2,1950,62,21.1,
02OA039,2,1950,63,21.11,
02OA039,2,1950,64,21.16,
02OA039,2,1950,65,21.13,
02OA039,2,1950,66,21.16,
02OA039,2,1950,67,21.12,
02OA039,2,1950,68,21,
02OA039,2,1950,69,21,
02OA039,2,1950,70,21.07,
02OA039,2,1950,71,20.98,
02OA039,2,1950,72,21.05,
02OA039,2,1950,73,21.06,
02OA039,2,1950,74,20.99,
02OA039,2,1950,75,21.03,
02OA039,2,1950,76,20.96,
02OA039,2,1950,77,20.94,
02OA039,2,1950,78,20.9,
02OA039,2,1950,79,20.94,
02OA039,2,1950,80,20.88,
02OA039,2,1950,81,20.86,
02OA039,2,1950,82,20.86,
02OA039,2,1950,83,20.88,
02OA039,2,1950,84,20.91,
02OA039,2,1950,85,20.86,
02OA039,2,1950,86,20.97,
02OA039,2,1950,87,21.01,
02OA039,2,1950,88,21.26,
02OA039,2,1950,89,21.62,
02OA039,2,1950,90,21.64,
02OA039,2,1950,91,21.56,
02OA039,2,1950,92,21.49,
02OA039,2,1950,93,21.51,
02OA039,2,1950,94,21.53,
02OA039,2,1950,95,21.69,
02OA039,2,1950,96,22,
02OA039,2,1950,97,21.99,
02OA039,2,1950,98,21.89,
02OA039,2,1950,99,21.85,
02OA039,2,1950,100,21.77,
02OA039,2,1950,101,21.71,
02OA039,2,1950,102,21.71,
02OA039,2,1950,103,21.65,
02OA039,2,1950,104,21.53,
02OA039,2,1950,105,21.5,
02OA039,2,1950,106,21.5,
02OA039,2,1950,107,21.47,
02OA039,2,1950,108,21.45,
02OA039,2,1950,109,21.43,
02OA039,2,1950,110,21.48,
02OA039,2,1950,111,21.56,
02OA039,2,1950,112,21.64,
02OA039,2,1950,113,21.58,
02OA039,2,1950,114,21.6,
02OA039,2,1950,115,21.49,
02OA039,2,1950,116,21.44,
02OA039,2,1950,117,21.5,
02OA039,2,1950,118,21.52,
02OA039,2,1950,119,21.5,
02OA039,2,1950,120,21.46,
02OA039,2,1950,121,21.43,
02OA039,2,1950,122,21.43,
02OA039,2,1950,123,21.47,
02OA039,2,1950,124,21.39,
02OA039,2,1950,125,21.42,
02OA039,2,1950,126,21.39,
02OA039,2,1950,127,21.35,
02OA039,2,1950,128,21.44,
02OA039,2,1950,129,21.4,
02OA039,2,1950,130,21.4,
02OA039,2,1950,131,21.41,
02OA039,2,1950,132,21.48,
02OA039,2,1950,133,21.45,
02OA039,2,1950,134,21.39,
02OA039,2,1950,135,21.42,
02OA039,2,1950,136,21.47,
02OA039,2,1950,137,21.49,
02OA039,2,1950,138,21.52,
02OA039,2,1950,139,21.44,
02OA039,2,1950,140,21.48,
02OA039,2,1950,141,21.49,
02OA039,2,1950,142,21.57,
02OA039,2,1950,143,21.48,
02OA039,2,1950,144,21.44,
02OA039,2,1950,145,21.44,
02OA039,2,1950,146,21.39,
02OA039,2,1950,147,21.34,
02OA039,2,1950,148,21.32,
02OA039,2,1950,149,21.36,
02OA039,2,1950,150,21.27,
02OA039,2,1950,151,21.3,
02OA039,2,1950,152,21.33,
02OA039,2,1950,153,21.34,
02OA039,2,1950,154,21.35,
02OA039,2,1950,155,21.37,
02OA039,2,1950,156,21.4,
02OA039,2,1950,157,21.39,
02OA039,2,1950,158,21.38,
02OA039,2,1950,159,21.4,
02OA039,2,1950,160,21.36,
02OA039,2,1950,161,21.33,
02OA039,2,1950,162,21.32,
02OA039,2,1950,163,21.31,
02OA039,2,1950,164,21.22,
02OA039,2,1950,165,21.24,
02OA039,2,1950,166,21.25,
02OA039,2,1950,167,21.2,
02OA039,2,1950,168,21.22,
02OA039,2,1950,169,21.12,
02OA039,2,1950,170,21.15,
02OA039,2,1950,171,21.14,
02OA039,2,1950,172,21.18,
02OA039,2,1950,173,21.2,
02OA039,2,1950,174,21.23,
02OA039,2,1950,175,21.18,
02OA039,2,1950,176,21.24,
02OA039,2,1950,177,21.25,
02OA039,2,1950,178,21.2,
02OA039,2,1950,179,21.19,
02OA039,2,1950,180,21.25,
02OA039,2,1950,181,21.26,
02OA039,2,1950,182,21.22,
02OA039,2,1950,183,21.18,
02OA039,2,1950,184,21.14,
02OA039,2,1950,185,21.1,
02OA039,2,1950,186,21.16,
02OA039,2,1950,187,21.17,
02OA039,2,1950,188,21.16,
02OA039,2,1950,189,21.15,
02OA039,2,1950,190,21.13,
02OA039,2,1950,191,21.06,
02OA039,2,1950,192,21.09,
02OA039,2,1950,193,21.12,
02OA039,2,1950,194,21.08,
02OA039,2,1950,195,21.16,
02OA039,2,1950,196,21.13,
02OA039,2,1950,197,21.11,
02OA039,2,1950,198,21.1,
02OA039,2,1950,199,21.11,
02OA039,2,1950,200,21.09,
02OA039,2,1950,201,21.11,
02OA039,2,1950,202,21.12,
02OA039,2,1950,203,21.11,
02OA039,2,1950,204,21.08,
02OA039,2,1950,205,21.07,
02OA039,2,1950,206,21.03,
02OA039,2,1950,207,21.01,
02OA039,2,1950,208,21,
02OA039,2,1950,209,21.03,
02OA039,2,1950,210,21.02,
02OA039,2,1950,211,21.09,
02OA039,2,1950,212,21.06,
02OA039,2,1950,213,21.02,
02OA039,2,1950,214,20.98,
02OA039,2,1950,215,21.04,
02OA039,2,1950,216,21.07,
02OA039,2,1950,217,21.06,
02OA039,2,1950,218,21.04,
02OA039,2,1950,219,21.05,
02OA039,2,1950,220,21.01,
02OA039,2,1950,221,20.99,
02OA039,2,1950,222,20.98,
02OA039,2,1950,223,20.96,
02OA039,2,1950,224,21.02,
02OA039,2,1950,225,20.99,
02OA039,2,1950,226,20.96,
02OA039,2,1950,227,20.95,
02OA039,2,1950,228,20.96,
02OA039,2,1950,229,20.96,
02OA039,2,1950,230,20.97,
02OA039,2,1950,231,20.95,
02OA039,2,1950,232,20.97,
02OA039,2,1950,233,20.91,
02OA039,2,1950,234,20.93,
02OA039,2,1950,235,20.93,
02OA039,2,1950,236,20.93,
02OA039,2,1950,237,20.93,
02OA039,2,1950,238,20.93,
02OA039,2,1950,239,20.9,
02OA039,2,1950,240,20.91,
02OA039,2,1950,241,20.9,
02OA039,2,1950,242,20.93,
02OA039,2,1950,243,20.93,
02OA039,2,1950,244,20.99,
02OA039,2,1950,245,21,
02OA039,2,1950,246,20.99,
02OA039,2,1950,247,20.92,
02OA039,2,1950,248,20.93,
02OA039,2,1950,249,20.91,
02OA039,2,1950,250,20.9,
02OA039,2,1950,251,20.86,
02OA039,2,1950,252,20.91,
02OA039,2,1950,253,20.9,
02OA039,2,1950,254,20.84,
02OA039,2,1950,255,20.76,
02OA039,2,1950,256,20.74,
02OA039,2,1950,257,20.83,
02OA039,2,1950,258,20.91,
02OA039,2,1950,259,20.93,
02OA039,2,1950,260,20.9,
02OA039,2,1950,261,20.88,
02OA039,2,1950,262,20.91,
02OA039,2,1950,263,20.89,
02OA039,2,1950,264,20.89,
02OA039,2,1950,265,20.87,
02OA039,2,1950,266,20.87,
02OA039,2,1950,267,20.87,
02OA039,2,1950,268,20.82,
02OA039,2,1950,269,20.82,
02OA039,2,1950,270,20.87,
02OA039,2,1950,271,20.85,
02OA039,2,1950,272,20.8,
02OA039,2,1950,273,20.84,
02OA039,2,1950,274,20.85,
02OA039,2,1950,275,20.77,
02OA039,2,1950,276,20.84,
02OA039,2,1950,277,20.81,
02OA039,2,1950,278,20.81,
02OA039,2,1950,279,20.79,
02OA039,2,1950,280,20.76,
02OA039,2,1950,281,20.79,
02OA039,2,1950,282,20.8,
02OA039,2,1950,283,20.71,
02OA039,2,1950,284,20.78,
02OA039,2,1950,285,20.77,
02OA039,2,1950,286,20.9,
02OA039,2,1950,287,20.91,
02OA039,2,1950,288,20.82,
02OA039,2,1950,289,20.82,
02OA039,2,1950,290,20.84,
02OA039,2,1950,291,20.84,
02OA039,2,1950,292,20.84,
02OA039,2,1950,293,20.83,
02OA039,2,1950,294,20.82,
02OA039,2,1950,295,20.78,
02OA039,2,1950,296,20.8,
02OA039,2,1950,297,20.77,
02OA039,2,1950,298,20.76,
02OA039,2,1950,299,20.73,
02OA039,2,1950,300,20.79,
02OA039,2,1950,301,20.8,
02OA039,2,1950,302,20.82,
02OA039,2,1950,303,20.8,
02OA039,2,1950,304,20.77,
02OA039,2,1950,305,20.79,
02OA039,2,1950,306,20.79,
02OA039,2,1950,307,20.77,
02OA039,2,1950,308,20.85,
02OA039,2,1950,309,20.9,
02OA039,2,1950,310,20.83,
02OA039,2,1950,311,20.86,
02OA039,2,1950,312,20.94,
02OA039,2,1950,313,20.94,
02OA039,2,1950,314,20.92,
02OA039,2,1950,315,20.87,
02OA039,2,1950,316,20.88,
02OA039,2,1950,317,20.87,
02OA039,2,1950,318,20.87,
02OA039,2,1950,319,20.86,
02OA039,2,1950,320,20.85,
02OA039,2,1950,321,20.9,
02OA039,2,1950,322,20.93,
02OA039,2,1950,323,20.93,
02OA039,2,1950,324,20.92,
02OA039,2,1950,325,20.93,
02OA039,2,1950,326,21,
02OA039,2,1950,327,20.94,
02OA039,2,1950,328,20.89,
02OA039,2,1950,329,20.84,
02OA039,2,1950,330,20.79,
02OA039,2,1950,331,20.96,
02OA039,2,1950,332,21.06,
02OA039,2,1950,333,21.04,
02OA039,2,1950,334,20.99,
02OA039,2,1950,335,20.94,
02OA039,2,1950,336,20.96,
02OA039,2,1950,337,21.01,
02OA039,2,1950,338,21.02,
02OA039,2,1950,339,21.1,
02OA039,2,1950,340,21.13,
02OA039,2,1950,341,21.05,
02OA039,2,1950,342,20.94,
02OA039,2,1950,343,21.05,
02OA039,2,1950,344,21.18,
02OA039,2,1950,345,21.01,
02OA039,2,1950,346,21.09,
02OA039,2,1950,347,21.01,
02OA039,2,1950,348,20.99,
02OA039,2,1950,349,21.01,
02OA039,2,1950,350,21.09,
02OA039,2,1950,351,21.04,
02OA039,2,1950,352,21.04,
02OA039,2,1950,353,21.02,
02OA039,2,1950,354,20.98,
02OA039,2,1950,355,20.97,
02OA039,2,1950,356,21.04,
02OA039,2,1950,357,21.07,
02OA039,2,1950,358,21.1,
02OA039,2,1950,359,20.93,
02OA039,2,1950,360,20.99,
02OA039,2,1950,361,21.02,
02OA039,2,1950,362,21.28,
02OA039,2,1950,363,21.58,
02OA039,2,1950,364,21.52,
02OA039,2,1950,365,21.32,
02OA039,2,1951,1,21.22,
02OA039,2,1951,2,21.22,
02OA039,2,1951,3,21.09,
02OA039,2,1951,4,21.22,
02OA039,2,1951,5,21.53,
02OA039,2,1951,6,21.44,
02OA039,2,1951,7,21.39,
02OA039,2,1951,8,21.32,
02OA039,2,1951,9,21.34,
02OA039,2,1951,10,21.58,
02OA039,2,1951,11,21.6,
02OA039,2,1951,12,21.47,
02OA039,2,1951,13,21.35,
02OA039,2,1951,14,21.31,
02OA039,2,1951,15,21.38,
02OA039,2,1951,16,21.34,
02OA039,2,1951,17,21.53,
02OA039,2,1951,18,21.64,
02OA039,2,1951,19,21.56,
02OA039,2,1951,20,21.51,
02OA039,2,1951,21,21.52,
02OA039,2,1951,22,21.56,
02OA039,2,1951,23,21.6,
02OA039,2,1951,24,21.58,
02OA039,2,1951,25,21.54,
02OA039,2,1951,26,21.46,
02OA039,2,1951,27,21.43,
02OA039,2,1951,28,21.57,
02OA039,2,1951,29,21.52,
02OA039,2,1951,30,21.49,
02OA039,2,1951,31,21.43,
02OA039,2,1951,32,21.29,
02OA039,2,1951,33,21.1,
02OA039,2,1951,34,21.16,
02OA039,2,1951,35,21.22,
02OA039,2,1951,36,21.24,
02OA039,2,1951,37,21.23,
02OA039,2,1951,38,21.28,
02OA039,2,1951,39,21.2,
02OA039,2,1951,40,21.16,
02OA039,2,1951,41,21.2,
02OA039,2,1951,42,21.24,
02OA039,2,1951,43,21.28,
02OA039,2,1951,44,21.24,
02OA039,2,1951,45,21.18,
02OA039,2,1951,46,21.06,
02OA039,2,1951,47,21.14,
02OA039,2,1951,48,21.18,
02OA039,2,1951,49,21.19,
02OA039,2,1951,50,21.09,
02OA039,2,1951,51,21.05,
02OA039,2,1951,52,21.04,
02OA039,2,1951,53,21.08,
02OA039,2,1951,54,21.14,
02OA039,2,1951,55,21.27,
02OA039,2,1951,56,21.29,
02OA039,2,1951,57,21.22,
02OA039,2,1951,58,21.15,
02OA039,2,1951,59,21.21,
02OA039,2,1951,60,21.42,
02OA039,2,1951,61,21.44,
02OA039,2,1951,62,21.5,
02OA039,2,1951,63,21.38,
02OA039,2,1951,64,21.29,
02OA039,2,1951,65,21.27,
02OA039,2,1951,66,21.28,
02OA039,2,1951,67,21.35,
02OA039,2,1951,68,21.43,
02OA039,2,1951,69,21.47,
02OA039,2,1951,70,21.4,
02OA039,2,1951,71,21.34,
02OA039,2,1951,72,21.3,
02OA039,2,1951,73,21.31,
02OA039,2,1951,74,21.34,
02OA039,2,1951,75,21.37,
02OA039,2,1951,76,21.48,
02OA039,2,1951,77,21.58,
02OA039,2,1951,78,21.53,
02OA039,2,1951,79,21.53,
02OA039,2,1951,80,21.75,
02OA039,2,1951,81,21.76,
02OA039,2,1951,82,21.68,
02OA039,2,1951,83,21.63,
02OA039,2,1951,84,21.54,
02OA039,2,1951,85,21.64,
02OA039,2,1951,86,21.6,
02OA039,2,1951,87,21.51,
02OA039,2,1951,88,21.5,
02OA039,2,1951,89,21.71,
02OA039,2,1951,90,22.19,
02OA039,2,1951,91,22.49,
02OA039,2,1951,92,22.49,
02OA039,2,1951,93,22.44,
02OA039,2,1951,94,22.37,
02OA039,2,1951,95,22.34,
02OA039,2,1951,96,22.26,
02OA039,2,1951,97,22.11,
02OA039,2,1951,98,22.03,
02OA039,2,1951,99,22.01,
02OA039,2,1951,100,21.94,
02OA039,2,1951,101,22.02,
02OA039,2,1951,102,22.08,
02OA039,2,1951,103,22.1,
02OA039,2,1951,104,22.35,
02OA039,2,1951,105,22.51,
02OA039,2,1951,106,22.73,
02OA039,2,1951,107,22.81,
02OA039,2,1951,108,22.78,
02OA039,2,1951,109,22.76,
02OA039,2,1951,110,22.73,
02OA039,2,1951,111,22.71,
02OA039,2,1951,112,22.65,
02OA039,2,1951,113,22.69,
02OA039,2,1951,114,22.6,
02OA039,2,1951,115,22.55,
02OA039,2,1951,116,22.57,
02OA039,2,1951,117,22.67,
02OA039,2,1951,118,22.66,
02OA039,2,1951,119,22.54,
02OA039,2,1951,120,22.6,
02OA039,2,1951,121,22.46,
02OA039,2,1951,122,22.4,
02OA039,2,1951,123,22.4,
02OA039,2,1951,124,22.32,
02OA039,2,1951,125,22.29,
02OA039,2,1951,126,22.2,
02OA039,2,1951,127,22.17,
02OA039,2,1951,128,22.09,
02OA039,2,1951,129,22.08,
02OA039,2,1951,130,22.02,
02OA039,2,1951,131,21.96,
02OA039,2,1951,132,21.89,
02OA039,2,1951,133,21.86,
02OA039,2,1951,134,21.85,
02OA039,2,1951,135,21.79,
02OA039,2,1951,136,21.81,
02OA039,2,1951,137,21.76,
02OA039,2,1951,138,21.7,
02OA039,2,1951,139,21.67,
02OA039,2,1951,140,21.67,
02OA039,2,1951,141,21.64,
02OA039,2,1951,142,21.58,
02OA039,2,1951,143,21.59,
02OA039,2,1951,144,21.5,
02OA039,2,1951,145,21.51,
02OA039,2,1951,146,21.54,
02OA039,2,1951,147,21.49,
02OA039,2,1951,148,21.48,
02OA039,2,1951,149,21.42,
02OA039,2,1951,150,21.42,
02OA039,2,1951,151,21.45,
02OA039,2,1951,152,21.5,
02OA039,2,1951,153,21.48,
02OA039,2,1951,154,21.47,
02OA039,2,1951,155,21.43,
02OA039,2,1951,156,21.44,
02OA039,2,1951,157,21.45,
02OA039,2,1951,158,21.47,
02OA039,2,1951,159,21.4,
02OA039,2,1951,160,21.41,
02OA039,2,1951,161,21.38,
02OA039,2,1951,162,21.34,
02OA039,2,1951,163,21.37,
02OA039,2,1951,164,21.38,
02OA039,2,1951,165,21.39,
02OA039,2,1951,166,21.42,
02OA039,2,1951,167,21.39,
02OA039,2,1951,168,21.4,
02OA039,2,1951,169,21.42,
02OA039,2,1951,170,21.37,
02OA039,2,1951,171,21.39,
02OA039,2,1951,172,21.44,
02OA039,2,1951,173,21.4,
02OA039,2,1951,174,21.4,
02OA039,2,1951,175,21.44,
02OA039,2,1951,176,21.44,
02OA039,2,1951,177,21.4,
02OA039,2,1951,178,21.41,
02OA039,2,1951,179,21.43,
02OA039,2,1951,180,21.44,
02OA039,2,1951,181,21.41,
02OA039,2,1951,182,21.43,
02OA039,2,1951,183,21.45,
02OA039,2,1951,184,21.46,
02OA039,2,1951,185,21.43,
02OA039,2,1951,186,21.53,
02OA039,2,1951,187,21.65,
02OA039,2,1951,188,21.7,
02OA039,2,1951,189,21.61,
02OA039,2,1951,190,21.57,
02OA039,2,1951,191,21.53,
02OA039,2,1951,192,21.51,
02OA039,2,1951,193,21.46,
02OA039,2,1951,194,21.48,
02OA039,2,1951,195,21.54,
02OA039,2,1951,196,21.56,
02OA039,2,1951,197,21.53,
02OA039,2,1951,198,21.46,
02OA039,2,1951,199,21.45,
02OA039,2,1951,200,21.49,
02OA039,2,1951,201,21.51,
02OA039,2,1951,202,21.49,
02OA039,2,1951,203,21.5,
02OA039,2,1951,204,21.43,
02OA039,2,1951,205,21.39,
02OA039,2,1951,206,21.4,
02OA039,2,1951,207,21.44,
02OA039,2,1951,208,21.34,
02OA039,2,1951,209,21.32,
02OA039,2,1951,210,21.31,
02OA039,2,1951,211,21.34,
02OA039,2,1951,212,21.32,
02OA039,2,1951,213,21.33,
02OA039,2,1951,214,21.27,
02OA039,2,1951,215,21.31,
02OA039,2,1951,216,21.32,
02OA039,2,1951,217,21.25,
02OA039,2,1951,218,21.24,
02OA039,2,1951,219,21.24,
02OA039,2,1951,220,21.21,
02OA039,2,1951,221,21.26,
02OA039,2,1951,222,21.27,
02OA039,2,1951,223,21.22,
02OA039,2,1951,224,21.23,
02OA039,2,1951,225,21.2,
02OA039,2,1951,226,21.16,
02OA039,2,1951,227,21.15,
02OA039,2,1951,228,21.15,
02OA039,2,1951,229,21.14,
02OA039,2,1951,230,21.16,
02OA039,2,1951,231,21.23,
02OA039,2,1951,232,21.16,
02OA039,2,1951,233,21.17,
02OA039,2,1951,234,21.25,
02OA039,2,1951,235,21.21,
02OA039,2,1951,236,21.19,
02OA039,2,1951,237,21.24,
02OA039,2,1951,238,21.17,
02OA039,2,1951,239,21.17,
02OA039,2,1951,240,21.12,
02OA039,2,1951,241,21.18,
02OA039,2,1951,242,21.15,
02OA039,2,1951,243,21.1,
02OA039,2,1951,244,21.1,
02OA039,2,1951,245,21.11,
02OA039,2,1951,246,21.09,
02OA039,2,1951,247,21.11,
02OA039,2,1951,248,21.03,
02OA039,2,1951,249,21.13,
02OA039,2,1951,250,21.17,
02OA039,2,1951,251,21.14,
02OA039,2,1951,252,21.16,
02OA039,2,1951,253,21.11,
02OA039,2,1951,254,21.11,
02OA039,2,1951,255,21.12,
02OA039,2,1951,256,21.11,
02OA039,2,1951,257,21.15,
02OA039,2,1951,258,21.19,
02OA039,2,1951,259,21.09,
02OA039,2,1951,260,21.23,
02OA039,2,1951,261,21.19,
02OA039,2,1951,262,21.12,
02OA039,2,1951,263,21.06,
02OA039,2,1951,264,21.08,
02OA039,2,1951,265,21.14,
02OA039,2,1951,266,21.14,
02OA039,2,1951,267,21.16,
02OA039,2,1951,268,21.12,
02OA039,2,1951,269,21.12,
02OA039,2,1951,270,21.08,
02OA039,2,1951,271,21.13,
02OA039,2,1951,272,21.2,
02OA039,2,1951,273,21.12,
02OA039,2,1951,274,21.05,
02OA039,2,1951,275,21,
02OA039,2,1951,276,20.98,
02OA039,2,1951,277,21.03,
02OA039,2,1951,278,21.07,
02OA039,2,1951,279,21.06,
02OA039,2,1951,280,21.06,
02OA039,2,1951,281,21,
02OA039,2,1951,282,21.06,
02OA039,2,1951,283,21.1,
02OA039,2,1951,284,21.1,
02OA039,2,1951,285,21.07,
02OA039,2,1951,286,21.05,
02OA039,2,1951,287,21.11,
02OA039,2,1951,288,21.13,
02OA039,2,1951,289,21.1,
02OA039,2,1951,290,21.11,
02OA039,2,1951,291,21.13,
02OA039,2,1951,292,21.13,
02OA039,2,1951,293,21.09,
02OA039,2,1951,294,21.07,
02OA039,2,1951,295,21.03,
02OA039,2,1951,296,21.04,
02OA039,2,1951,297,21.06,
02OA039,2,1951,298,21.14,
02OA039,2,1951,299,21.14,
02OA039,2,1951,300,21.1,
02OA039,2,1951,301,21.14,
02OA039,2,1951,302,21.18,
02OA039,2,1951,303,21.14,
02OA039,2,1951,304,21.22,
02OA039,2,1951,305,21.29,
02OA039,2,1951,306,21.28,
02OA039,2,1951,307,21.31,
02OA039,2,1951,308,21.36,
02OA039,2,1951,309,21.36,
02OA039,2,1951,310,21.32,
02OA039,2,1951,311,21.3,
02OA039,2,1951,312,21.32,
02OA039,2,1951,313,21.3,
02OA039,2,1951,314,21.39,
02OA039,2,1951,315,21.39,
02OA039,2,1951,316,21.26,
02OA039,2,1951,317,21.24,
02OA039,2,1951,318,21.28,
02OA039,2,1951,319,21.32,
02OA039,2,1951,320,21.33,
02OA039,2,1951,321,21.42,
02OA039,2,1951,322,21.43,
02OA039,2,1951,323,21.31,
02OA039,2,1951,324,21.38,
02OA039,2,1951,325,21.39,
02OA039,2,1951,326,21.34,
02OA039,2,1951,327,21.36,
02OA039,2,1951,328,21.45,
02OA039,2,1951,329,21.47,
02OA039,2,1951,330,21.29,
02OA039,2,1951,331,21.41,
02OA039,2,1951,332,21.32,
02OA039,2,1951,333,21.32,
02OA039,2,1951,334,21.26,
02OA039,2,1951,335,21.27,
02OA039,2,1951,336,21.35,
02OA039,2,1951,337,21.2,
02OA039,2,1951,338,21.24,
02OA039,2,1951,339,21.29,
02OA039,2,1951,340,21.28,
02OA039,2,1951,341,21.31,
02OA039,2,1951,342,21.42,
02OA039,2,1951,343,21.32,
02OA039,2,1951,344,21.32,
02OA039,2,1951,345,21.3,
02OA039,2,1951,346,21.35,
02OA039,2,1951,347,21.29,
02OA039,2,1951,348,21.23,
02OA039,2,1951,349,21.2,
02OA039,2,1951,350,21.11,
02OA039,2,1951,351,21.23,
02OA039,2,1951,352,21.48,
02OA039,2,1951,353,21.46,
02OA039,2,1951,354,21.57,
02OA039,2,1951,355,21.56,
02OA039,2,1951,356,21.61,
02OA039,2,1951,357,21.73,
02OA039,2,1951,358,21.68,
02OA039,2,1951,359,21.63,
02OA039,2,1951,360,21.5,
02OA039,2,1951,361,21.5,
02OA039,2,1951,362,21.6,
02OA039,2,1951,363,21.67,
02OA039,2,1951,364,21.69,
02OA039,2,1951,365,21.6,
02OA039,2,1952,1,21.45,
02OA039,2,1952,2,21.37,
02OA039,2,1952,3,21.5,
02OA039,2,1952,4,21.48,
02OA039,2,1952,5,21.56,
02OA039,2,1952,6,21.68,
02OA039,2,1952,7,21.69,
02OA039,2,1952,8,21.67,
02OA039,2,1952,9,21.71,
02OA039,2,1952,10,21.75,
02OA039,2,1952,11,21.77,
02OA039,2,1952,12,21.85,
02OA039,2,1952,13,21.84,
02OA039,2,1952,14,21.72,
02OA039,2,1952,15,21.64,
02OA039,2,1952,16,21.45,
02OA039,2,1952,17,21.58,
02OA039,2,1952,18,21.58,
02OA039,2,1952,19,21.62,
02OA039,2,1952,20,21.59,
02OA039,2,1952,21,21.51,
02OA039,2,1952,22,21.57,
02OA039,2,1952,23,21.54,
02OA039,2,1952,24,21.66,
02OA039,2,1952,25,21.73,
02OA039,2,1952,26,21.77,
02OA039,2,1952,27,21.78,
02OA039,2,1952,28,21.64,
02OA039,2,1952,29,21.49,
02OA039,2,1952,30,21.35,
02OA039,2,1952,31,21.46,
02OA039,2,1952,32,21.58,
02OA039,2,1952,33,21.52,
02OA039,2,1952,34,21.46,
02OA039,2,1952,35,21.42,
02OA039,2,1952,36,21.43,
02OA039,2,1952,37,21.54,
02OA039,2,1952,38,21.55,
02OA039,2,1952,39,21.47,
02OA039,2,1952,40,21.46,
02OA039,2,1952,41,21.4,
02OA039,2,1952,42,21.52,
02OA039,2,1952,43,21.45,
02OA039,2,1952,44,21.36,
02OA039,2,1952,45,21.32,
02OA039,2,1952,46,21.59,
02OA039,2,1952,47,21.74,
02OA039,2,1952,48,21.78,
02OA039,2,1952,49,21.63,
02OA039,2,1952,50,21.54,
02OA039,2,1952,51,21.49,
02OA039,2,1952,52,21.4,
02OA039,2,1952,53,21.38,
02OA039,2,1952,54,21.33,
02OA039,2,1952,55,21.36,
02OA039,2,1952,56,21.34,
02OA039,2,1952,57,21.26,
02OA039,2,1952,58,21.34,
02OA039,2,1952,59,21.35,
02OA039,2,1952,60,21.4,
02OA039,2,1952,61,21.44,
02OA039,2,1952,62,21.37,
02OA039,2,1952,63,21.36,
02OA039,2,1952,64,21.32,
02OA039,2,1952,65,21.27,
02OA039,2,1952,66,21.32,
02OA039,2,1952,67,21.34,
02OA039,2,1952,68,21.3,
02OA039,2,1952,69,21.29,
02OA039,2,1952,70,21.33,
02OA039,2,1952,71,21.32,
02OA039,2,1952,72,21.46,
02OA039,2,1952,73,21.66,
02OA039,2,1952,74,21.6,
02OA039,2,1952,75,21.62,
02OA039,2,1952,76,21.54,
02OA039,2,1952,77,21.43,
02OA039,2,1952,78,21.44,
02OA039,2,1952,79,21.44,
02OA039,2,1952,80,21.45,
02OA039,2,1952,81,21.56,
02OA039,2,1952,82,21.57,
02OA039,2,1952,83,21.54,
02OA039,2,1952,84,21.43,
02OA039,2,1952,85,21.53,
02OA039,2,1952,86,21.6,
02OA039,2,1952,87,21.58,
02OA039,2,1952,88,21.65,
02OA039,2,1952,89,21.62,
02OA039,2,1952,90,21.67,
02OA039,2,1952,91,21.68,
02OA039,2,1952,92,21.68,
02OA039,2,1952,93,21.76,
02OA039,2,1952,94,21.96,
02OA039,2,1952,95,22.07,
02OA039,2,1952,96,22.06,
02OA039,2,1952,97,22.19,
02OA039,2,1952,98,22.41,
02OA039,2,1952,99,22.35,
02OA039,2,1952,100,22.26,
02OA039,2,1952,101,22.24,
02OA039,2,1952,102,22.28,
02OA039,2,1952,103,22.13,
02OA039,2,1952,104,22.03,
02OA039,2,1952,105,21.97,
02OA039,2,1952,106,22,
02OA039,2,1952,107,22.01,
02OA039,2,1952,108,21.98,
02OA039,2,1952,109,22.05,
02OA039,2,1952,110,22.02,
02OA039,2,1952,111,22,
02OA039,2,1952,112,21.93,
02OA039,2,1952,113,21.91,
02OA039,2,1952,114,21.94,
02OA039,2,1952,115,21.98,
02OA039,2,1952,116,21.98,
02OA039,2,1952,117,22.03,
02OA039,2,1952,118,22.05,
02OA039,2,1952,119,21.99,
02OA039,2,1952,120,21.96,
02OA039,2,1952,121,21.97,
02OA039,2,1952,122,21.95,
02OA039,2,1952,123,21.92,
02OA039,2,1952,124,21.89,
02OA039,2,1952,125,21.83,
02OA039,2,1952,126,21.75,
02OA039,2,1952,127,21.7,
02OA039,2,1952,128,21.79,
02OA039,2,1952,129,21.74,
02OA039,2,1952,130,21.7,
02OA039,2,1952,131,21.69,
02OA039,2,1952,132,21.6,
02OA039,2,1952,133,21.63,
02OA039,2,1952,134,21.8,
02OA039,2,1952,135,21.87,
02OA039,2,1952,136,21.8,
02OA039,2,1952,137,21.81,
02OA039,2,1952,138,21.89,
02OA039,2,1952,139,21.9,
02OA039,2,1952,140,21.91,
02OA039,2,1952,141,21.94,
02OA039,2,1952,142,21.98,
02OA039,2,1952,143,22.11,
02OA039,2,1952,144,22.17,
02OA039,2,1952,145,22.17,
02OA039,2,1952,146,22.2,
02OA039,2,1952,147,22.21,
02OA039,2,1952,148,22.29,
02OA039,2,1952,149,22.25,
02OA039,2,1952,150,22.2,
02OA039,2,1952,151,22.15,
02OA039,2,1952,152,22.09,
02OA039,2,1952,153,22.06,
02OA039,2,1952,154,22.03,
02OA039,2,1952,155,22.02,
02OA039,2,1952,156,21.97,
02OA039,2,1952,157,21.95,
02OA039,2,1952,158,21.9,
02OA039,2,1952,159,21.92,
02OA039,2,1952,160,21.87,
02OA039,2,1952,161,21.83,
02OA039,2,1952,162,21.8,
02OA039,2,1952,163,21.79,
02OA039,2,1952,164,21.81,
02OA039,2,1952,165,21.77,
02OA039,2,1952,166,21.71,
02OA039,2,1952,167,21.67,
02OA039,2,1952,168,21.72,
02OA039,2,1952,169,21.69,
02OA039,2,1952,170,21.69,
02OA039,2,1952,171,21.65,
02OA039,2,1952,172,21.61,
02OA039,2,1952,173,21.61,
02OA039,2,1952,174,21.6,
02OA039,2,1952,175,21.5,
02OA039,2,1952,176,21.51,
02OA039,2,1952,177,21.56,
02OA039,2,1952,178,21.57,
02OA039,2,1952,179,21.58,
02OA039,2,1952,180,21.55,
02OA039,2,1952,181,21.55,
02OA039,2,1952,182,21.46,
02OA039,2,1952,183,21.45,
02OA039,2,1952,184,21.39,
02OA039,2,1952,185,21.41,
02OA039,2,1952,186,21.41,
02OA039,2,1952,187,21.48,
02OA039,2,1952,188,21.46,
02OA039,2,1952,189,21.33,
02OA039,2,1952,190,21.38,
02OA039,2,1952,191,21.41,
02OA039,2,1952,192,21.51,
02OA039,2,1952,193,21.54,
02OA039,2,1952,194,21.5,
02OA039,2,1952,195,21.61,
02OA039,2,1952,196,21.55,
02OA039,2,1952,197,21.54,
02OA039,2,1952,198,21.52,
02OA039,2,1952,199,21.49,
02OA039,2,1952,200,21.46,
02OA039,2,1952,201,21.51,
02OA039,2,1952,202,21.51,
02OA039,2,1952,203,21.5,
02OA039,2,1952,204,21.48,
02OA039,2,1952,205,21.5,
02OA039,2,1952,206,21.49,
02OA039,2,1952,207,21.44,
02OA039,2,1952,208,21.46,
02OA039,2,1952,209,21.44,
02OA039,2,1952,210,21.41,
02OA039,2,1952,211,21.38,
02OA039,2,1952,212,21.32,
02OA039,2,1952,213,21.34,
02OA039,2,1952,214,21.34,
02OA039,2,1952,215,21.36,
02OA039,2,1952,216,21.36,
02OA039,2,1952,217,21.28,
02OA039,2,1952,218,21.36,
02OA039,2,1952,219,21.29,
02OA039,2,1952,220,21.33,
02OA039,2,1952,221,21.31,
02OA039,2,1952,222,21.32,
02OA039,2,1952,223,21.34,
02OA039,2,1952,224,21.35,
02OA039,2,1952,225,21.34,
02OA039,2,1952,226,21.35,
02OA039,2,1952,227,21.36,
02OA039,2,1952,228,21.33,
02OA039,2,1952,229,21.37,
02OA039,2,1952,230,21.44,
02OA039,2,1952,231,21.37,
02OA039,2,1952,232,21.36,
02OA039,2,1952,233,21.39,
02OA039,2,1952,234,21.37,
02OA039,2,1952,235,21.46,
02OA039,2,1952,236,21.44,
02OA039,2,1952,237,21.38,
02OA039,2,1952,238,21.36,
02OA039,2,1952,239,21.35,
02OA039,2,1952,240,21.32,
02OA039,2,1952,241,21.32,
02OA039,2,1952,242,21.31,
02OA039,2,1952,243,21.31,
02OA039,2,1952,244,21.25,
02OA039,2,1952,245,21.26,
02OA039,2,1952,246,21.21,
02OA039,2,1952,247,21.25,
02OA039,2,1952,248,21.23,
02OA039,2,1952,249,21.22,
02OA039,2,1952,250,21.24,
02OA039,2,1952,251,21.17,
02OA039,2,1952,252,21.16,
02OA039,2,1952,253,21.15,
02OA039,2,1952,254,21.17,
02OA039,2,1952,255,21.18,
02OA039,2,1952,256,21.18,
02OA039,2,1952,257,21.19,
02OA039,2,1952,258,21.14,
02OA039,2,1952,259,21.15,
02OA039,2,1952,260,21.2,
02OA039,2,1952,261,21.2,
02OA039,2,1952,262,21.16,
02OA039,2,1952,263,21.25,
02OA039,2,1952,264,21.25,
02OA039,2,1952,265,21.24,
02OA039,2,1952,266,21.16,
02OA039,2,1952,267,21.13,
02OA039,2,1952,268,21.14,
02OA039,2,1952,269,21.13,
02OA039,2,1952,270,21.21,
02OA039,2,1952,271,21.18,
02OA039,2,1952,272,21.13,
02OA039,2,1952,273,21.16,
02OA039,2,1952,274,21.15,
02OA039,2,1952,275,21.11,
02OA039,2,1952,276,21.15,
02OA039,2,1952,277,21.24,
02OA039,2,1952,278,21.24,
02OA039,2,1952,279,21.22,
02OA039,2,1952,280,21.2,
02OA039,2,1952,281,21.18,
02OA039,2,1952,282,21.27,
02OA039,2,1952,283,21.27,
02OA039,2,1952,284,21.19,
02OA039,2,1952,285,21.18,
02OA039,2,1952,286,21.18,
02OA039,2,1952,287,21.15,
02OA039,2,1952,288,21.14,
02OA039,2,1952,289,21.11,
02OA039,2,1952,290,21.14,
02OA039,2,1952,291,21.09,
02OA039,2,1952,292,21.12,
02OA039,2,1952,293,21.11,
02OA039,2,1952,294,21.05,
02OA039,2,1952,295,21,
02OA039,2,1952,296,21.07,
02OA039,2,1952,297,21.1,
02OA039,2,1952,298,21.11,
02OA039,2,1952,299,21.09,
02OA039,2,1952,300,21.07,
02OA039,2,1952,301,20.98,
02OA039,2,1952,302,20.98,
02OA039,2,1952,303,20.99,
02OA039,2,1952,304,21.01,
02OA039,2,1952,305,21.03,
02OA039,2,1952,306,21.04,
02OA039,2,1952,307,21.01,
02OA039,2,1952,308,20.99,
02OA039,2,1952,309,20.98,
02OA039,2,1952,310,20.96,
02OA039,2,1952,311,20.96,
02OA039,2,1952,312,21.04,
02OA039,2,1952,313,21.04,
02OA039,2,1952,314,21,
02OA039,2,1952,315,20.96,
02OA039,2,1952,316,20.95,
02OA039,2,1952,317,20.95,
02OA039,2,1952,318,20.96,
02OA039,2,1952,319,20.93,
02OA039,2,1952,320,20.93,
02OA039,2,1952,321,20.93,
02OA039,2,1952,322,20.91,
02OA039,2,1952,323,20.87,
02OA039,2,1952,324,20.86,
02OA039,2,1952,325,20.89,
02OA039,2,1952,326,20.95,
02OA039,2,1952,327,20.94,
02OA039,2,1952,328,20.98,
02OA039,2,1952,329,21.02,
02OA039,2,1952,330,21,
02OA039,2,1952,331,20.98,
02OA039,2,1952,332,21,
02OA039,2,1952,333,21.03,
02OA039,2,1952,334,21.08,
02OA039,2,1952,335,21.09,
02OA039,2,1952,336,20.97,
02OA039,2,1952,337,20.93,
02OA039,2,1952,338,20.9,
02OA039,2,1952,339,20.9,
02OA039,2,1952,340,20.93,
02OA039,2,1952,341,21.04,
02OA039,2,1952,342,21.07,
02OA039,2,1952,343,21.02,
02OA039,2,1952,344,20.98,
02OA039,2,1952,345,21,
02OA039,2,1952,346,21.08,
02OA039,2,1952,347,21.25,
02OA039,2,1952,348,21.46,
02OA039,2,1952,349,21.44,
02OA039,2,1952,350,21.39,
02OA039,2,1952,351,21.36,
02OA039,2,1952,352,21.28,
02OA039,2,1952,353,21.3,
02OA039,2,1952,354,21.22,
02OA039,2,1952,355,21.19,
02OA039,2,1952,356,21.1,
02OA039,2,1952,357,21.11,
02OA039,2,1952,358,21.06,
02OA039,2,1952,359,21.14,
02OA039,2,1952,360,21.22,
02OA039,2,1952,361,21.22,
02OA039,2,1952,362,21.23,
02OA039,2,1952,363,21.19,
02OA039,2,1952,364,21.16,
02OA039,2,1952,365,21.14,
02OA039,2,1952,366,21.09,
02OA039,2,1953,1,21.05,
02OA039,2,1953,2,21.12,
02OA039,2,1953,3,21.08,
02OA039,2,1953,4,21.05,
02OA039,2,1953,5,21.09,
02OA039,2,1953,6,20.93,
02OA039,2,1953,7,21.17,
02OA039,2,1953,8,21.24,
02OA039,2,1953,9,21.28,
02OA039,2,1953,10,21.39,
02OA039,2,1953,11,21.57,
02OA039,2,1953,12,21.48,
02OA039,2,1953,13,21.5,
02OA039,2,1953,14,21.46,
02OA039,2,1953,15,21.44,
02OA039,2,1953,16,21.39,
02OA039,2,1953,17,21.41,
02OA039,2,1953,18,21.39,
02OA039,2,1953,19,21.42,
02OA039,2,1953,20,21.24,
02OA039,2,1953,21,21.36,
02OA039,2,1953,22,21.44,
02OA039,2,1953,23,21.26,
02OA039,2,1953,24,21.18,
02OA039,2,1953,25,21.35,
02OA039,2,1953,26,21.41,
02OA039,2,1953,27,21.37,
02OA039,2,1953,28,21.48,
02OA039,2,1953,29,21.56,
02OA039,2,1953,30,21.74,
02OA039,2,1953,31,21.72,
02OA039,2,1953,32,21.53,
02OA039,2,1953,33,21.65,
02OA039,2,1953,34,21.64,
02OA039,2,1953,35,21.58,
02OA039,2,1953,36,21.57,
02OA039,2,1953,37,21.57,
02OA039,2,1953,38,21.35,
02OA039,2,1953,39,21.3,
02OA039,2,1953,40,21.22,
02OA039,2,1953,41,21.29,
02OA039,2,1953,42,21.36,
02OA039,2,1953,43,21.32,
02OA039,2,1953,44,21.29,
02OA039,2,1953,45,21.28,
02OA039,2,1953,46,21.22,
02OA039,2,1953,47,21.22,
02OA039,2,1953,48,21.36,
02OA039,2,1953,49,21.49,
02OA039,2,1953,50,21.52,
02OA039,2,1953,51,21.5,
02OA039,2,1953,52,21.33,
02OA039,2,1953,53,21.43,
02OA039,2,1953,54,21.58,
02OA039,2,1953,55,21.32,
02OA039,2,1953,56,21.26,
02OA039,2,1953,57,21.28,
02OA039,2,1953,58,21.25,
02OA039,2,1953,59,21.25,
02OA039,2,1953,60,21.38,
02OA039,2,1953,61,21.51,
02OA039,2,1953,62,21.25,
02OA039,2,1953,63,21.16,
02OA039,2,1953,64,21.38,
02OA039,2,1953,65,21.46,
02OA039,2,1953,66,21.42,
02OA039,2,1953,67,21.37,
02OA039,2,1953,68,21.28,
02OA039,2,1953,69,21.16,
02OA039,2,1953,70,21.29,
02OA039,2,1953,71,21.21,
02OA039,2,1953,72,21.19,
02OA039,2,1953,73,21.24,
02OA039,2,1953,74,21.24,
02OA039,2,1953,75,21.35,
02OA039,2,1953,76,21.49,
02OA039,2,1953,77,21.5,
02OA039,2,1953,78,21.43,
02OA039,2,1953,79,21.48,
02OA039,2,1953,80,21.46,
02OA039,2,1953,81,21.44,
02OA039,2,1953,82,21.45,
02OA039,2,1953,83,21.49,
02OA039,2,1953,84,21.71,
02OA039,2,1953,85,21.78,
02OA039,2,1953,86,21.86,
02OA039,2,1953,87,22.14,
02OA039,2,1953,88,22.11,
02OA039,2,1953,89,22.1,
02OA039,2,1953,90,22.15,
02OA039,2,1953,91,22.14,
02OA039,2,1953,92,22.1,
02OA039,2,1953,93,22.08,
02OA039,2,1953,94,21.98,
02OA039,2,1953,95,21.98,
02OA039,2,1953,96,21.9,
02OA039,2,1953,97,21.85,
02OA039,2,1953,98,21.79,
02OA039,2,1953,99,21.75,
02OA039,2,1953,100,21.74,
02OA039,2,1953,101,21.78,
02OA039,2,1953,102,21.83,
02OA039,2,1953,103,21.67,
02OA039,2,1953,104,21.72,
02OA039,2,1953,105,21.7,
02OA039,2,1953,106,21.66,
02OA039,2,1953,107,21.82,
02OA039,2,1953,108,21.8,
02OA039,2,1953,109,21.81,
02OA039,2,1953,110,21.77,
02OA039,2,1953,111,21.88,
02OA039,2,1953,112,21.79,
02OA039,2,1953,113,21.81,
02OA039,2,1953,114,21.79,
02OA039,2,1953,115,21.73,
02OA039,2,1953,116,21.69,
02OA039,2,1953,117,21.76,
02OA039,2,1953,118,21.88,
02OA039,2,1953,119,21.76,
02OA039,2,1953,120,21.69,
02OA039,2,1953,121,21.58,
02OA039,2,1953,122,21.71,
02OA039,2,1953,123,21.74,
02OA039,2,1953,124,21.78,
02OA039,2,1953,125,21.73,
02OA039,2,1953,126,21.67,
02OA039,2,1953,127,21.61,
02OA039,2,1953,128,21.6,
02OA039,2,1953,129,21.58,
02OA039,2,1953,130,21.58,
02OA039,2,1953,131,21.53,
02OA039,2,1953,132,21.51,
02OA039,2,1953,133,21.52,
02OA039,2,1953,134,21.47,
02OA039,2,1953,135,21.48,
02OA039,2,1953,136,21.57,
02OA039,2,1953,137,21.64,
02OA039,2,1953,138,21.58,
02OA039,2,1953,139,21.69,
02OA039,2,1953,140,21.67,
02OA039,2,1953,141,21.57,
02OA039,2,1953,142,21.52,
02OA039,2,1953,143,21.51,
02OA039,2,1953,144,21.45,
02OA039,2,1953,145,21.42,
02OA039,2,1953,146,21.38,
02OA039,2,1953,147,21.39,
02OA039,2,1953,148,21.38,
02OA039,2,1953,149,21.33,
02OA039,2,1953,150,21.36,
02OA039,2,1953,151,21.36,
02OA039,2,1953,152,21.31,
02OA039,2,1953,153,21.33,
02OA039,2,1953,154,21.3,
02OA039,2,1953,155,21.31,
02OA039,2,1953,156,21.32,
02OA039,2,1953,157,21.4,
02OA039,2,1953,158,21.37,
02OA039,2,1953,159,21.39,
02OA039,2,1953,160,21.4,
02OA039,2,1953,161,21.39,
02OA039,2,1953,162,21.33,
02OA039,2,1953,163,21.32,
02OA039,2,1953,164,21.33,
02OA039,2,1953,165,21.29,
02OA039,2,1953,166,21.25,
02OA039,2,1953,167,21.24,
02OA039,2,1953,168,21.24,
02OA039,2,1953,169,21.25,
02OA039,2,1953,170,21.24,
02OA039,2,1953,171,21.26,
02OA039,2,1953,172,21.25,
02OA039,2,1953,173,21.25,
02OA039,2,1953,174,21.21,
02OA039,2,1953,175,21.19,
02OA039,2,1953,176,21.19,
02OA039,2,1953,177,21.3,
02OA039,2,1953,178,21.24,
02OA039,2,1953,179,21.24,
02OA039,2,1953,180,21.22,
02OA039,2,1953,181,21.18,
02OA039,2,1953,182,21.18,
02OA039,2,1953,183,21.21,
02OA039,2,1953,184,21.25,
02OA039,2,1953,185,21.24,
02OA039,2,1953,186,21.19,
02OA039,2,1953,187,21.21,
02OA039,2,1953,188,21.3,
02OA039,2,1953,189,21.24,
02OA039,2,1953,190,21.23,
02OA039,2,1953,191,21.25,
02OA039,2,1953,192,21.23,
02OA039,2,1953,193,21.2,
02OA039,2,1953,194,21.17,
02OA039,2,1953,195,21.16,
02OA039,2,1953,196,21.14,
02OA039,2,1953,197,21.17,
02OA039,2,1953,198,21.16,
02OA039,2,1953,199,21.15,
02OA039,2,1953,200,21.2,
02OA039,2,1953,201,21.12,
02OA039,2,1953,202,21.12,
02OA039,2,1953,203,21.09,
02OA039,2,1953,204,21.13,
02OA039,2,1953,205,21.18,
02OA039,2,1953,206,21.12,
02OA039,2,1953,207,21.16,
02OA039,2,1953,208,21.14,
02OA039,2,1953,209,21.16,
02OA039,2,1953,210,21.12,
02OA039,2,1953,211,21.14,
02OA039,2,1953,212,21.13,
02OA039,2,1953,213,21.09,
02OA039,2,1953,214,21.06,
02OA039,2,1953,215,21.07,
02OA039,2,1953,216,21,
02OA039,2,1953,217,21.06,
02OA039,2,1953,218,21.1,
02OA039,2,1953,219,21.09,
02OA039,2,1953,220,21.11,
02OA039,2,1953,221,21.11,
02OA039,2,1953,222,21.02,
02OA039,2,1953,223,21.12,
02OA039,2,1953,224,21.09,
02OA039,2,1953,225,21.13,
02OA039,2,1953,226,21.13,
02OA039,2,1953,227,21.11,
02OA039,2,1953,228,21.12,
02OA039,2,1953,229,21.07,
02OA039,2,1953,230,21.05,
02OA039,2,1953,231,21.04,
02OA039,2,1953,232,21.02,
02OA039,2,1953,233,21.04,
02OA039,2,1953,234,21,
02OA039,2,1953,235,21.04,
02OA039,2,1953,236,21.03,
02OA039,2,1953,237,21,
02OA039,2,1953,238,21.02,
02OA039,2,1953,239,21.01,
02OA039,2,1953,240,21,
02OA039,2,1953,241,21.03,
02OA039,2,1953,242,21.05,
02OA039,2,1953,243,21.03,
02OA039,2,1953,244,21.01,
02OA039,2,1953,245,21.05,
02OA039,2,1953,246,21.02,
02OA039,2,1953,247,21.01,
02OA039,2,1953,248,21,
02OA039,2,1953,249,21.03,
02OA039,2,1953,250,21,
02OA039,2,1953,251,20.98,
02OA039,2,1953,252,20.91,
02OA039,2,1953,253,20.94,
02OA039,2,1953,254,20.96,
02OA039,2,1953,255,20.95,
02OA039,2,1953,256,21.02,
02OA039,2,1953,257,20.97,
02OA039,2,1953,258,20.94,
02OA039,2,1953,259,20.94,
02OA039,2,1953,260,20.99,
02OA039,2,1953,261,21.02,
02OA039,2,1953,262,20.96,
02OA039,2,1953,263,20.98,
02OA039,2,1953,264,20.99,
02OA039,2,1953,265,20.97,
02OA039,2,1953,266,20.93,
02OA039,2,1953,267,20.89,
02OA039,2,1953,268,20.96,
02OA039,2,1953,269,20.98,
02OA039,2,1953,270,20.95,
02OA039,2,1953,271,20.94,
02OA039,2,1953,272,20.92,
02OA039,2,1953,273,20.89,
02OA039,2,1953,274,20.93,
02OA039,2,1953,275,20.91,
02OA039,2,1953,276,20.86,
02OA039,2,1953,277,20.9,
02OA039,2,1953,278,20.85,
02OA039,2,1953,279,20.83,
02OA039,2,1953,280,20.84,
02OA039,2,1953,281,20.89,
02OA039,2,1953,282,20.85,
02OA039,2,1953,283,20.83,
02OA039,2,1953,284,20.86,
02OA039,2,1953,285,20.84,
02OA039,2,1953,286,20.82,
02OA039,2,1953,287,20.81,
02OA039,2,1953,288,20.84,
02OA039,2,1953,289,20.81,
02OA039,2,1953,290,20.85,
02OA039,2,1953,291,20.87,
02OA039,2,1953,292,20.83,
02OA039,2,1953,293,20.83,
02OA039,2,1953,294,20.82,
02OA039,2,1953,295,20.79,
02OA039,2,1953,296,20.83,
02OA039,2,1953,297,20.81,
02OA039,2,1953,298,20.76,
02OA039,2,1953,299,20.81,
02OA039,2,1953,300,20.76,
02OA039,2,1953,301,20.74,
02OA039,2,1953,302,20.86,
02OA039,2,1953,303,20.79,
02OA039,2,1953,304,20.76,
02OA039,2,1953,305,20.78,
02OA039,2,1953,306,20.76,
02OA039,2,1953,307,20.76,
02OA039,2,1953,308,20.82,
02OA039,2,1953,309,20.78,
02OA039,2,1953,310,20.74,
02OA039,2,1953,311,20.69,
02OA039,2,1953,312,20.69,
02OA039,2,1953,313,20.63,
02OA039,2,1953,314,20.7,
02OA039,2,1953,315,20.75,
02OA039,2,1953,316,20.74,
02OA039,2,1953,317,20.71,
02OA039,2,1953,318,20.67,
02OA039,2,1953,319,20.71,
02OA039,2,1953,320,20.72,
02OA039,2,1953,321,20.71,
02OA039,2,1953,322,20.72,
02OA039,2,1953,323,20.69,
02OA039,2,1953,324,20.75,
02OA039,2,1953,325,20.67,
02OA039,2,1953,326,20.68,
02OA039,2,1953,327,20.76,
02OA039,2,1953,328,20.75,
02OA039,2,1953,329,20.73,
02OA039,2,1953,330,20.81,
02OA039,2,1953,331,20.78,
02OA039,2,1953,332,20.84,
02OA039,2,1953,333,20.68,
02OA039,2,1953,334,20.66,
02OA039,2,1953,335,20.71,
02OA039,2,1953,336,20.72,
02OA039,2,1953,337,20.72,
02OA039,2,1953,338,20.72,
02OA039,2,1953,339,20.75,
02OA039,2,1953,340,20.74,
02OA039,2,1953,341,20.8,
02OA039,2,1953,342,20.82,
02OA039,2,1953,343,20.76,
02OA039,2,1953,344,20.77,
02OA039,2,1953,345,20.76,
02OA039,2,1953,346,20.83,
02OA039,2,1953,347,20.85,
02OA039,2,1953,348,20.78,
02OA039,2,1953,349,20.82,
02OA039,2,1953,350,20.8,
02OA039,2,1953,351,20.77,
02OA039,2,1953,352,20.72,
02OA039,2,1953,353,20.7,
02OA039,2,1953,354,20.82,
02OA039,2,1953,355,20.89,
02OA039,2,1953,356,20.82,
02OA039,2,1953,357,20.89,
02OA039,2,1953,358,20.83,
02OA039,2,1953,359,20.92,
02OA039,2,1953,360,20.95,
02OA039,2,1953,361,20.87,
02OA039,2,1953,362,20.76,
02OA039,2,1953,363,20.8,
02OA039,2,1953,364,20.79,
02OA039,2,1953,365,20.77,
02OA039,2,1954,1,20.69,
02OA039,2,1954,2,20.82,
02OA039,2,1954,3,20.89,
02OA039,2,1954,4,21.11,
02OA039,2,1954,5,21.09,
02OA039,2,1954,6,21.11,
02OA039,2,1954,7,21.2,
02OA039,2,1954,8,21.17,
02OA039,2,1954,9,21.18,
02OA039,2,1954,10,21.24,
02OA039,2,1954,11,21.18,
02OA039,2,1954,12,21.23,
02OA039,2,1954,13,21.17,
02OA039,2,1954,14,21.3,
02OA039,2,1954,15,21.29,
02OA039,2,1954,16,21.25,
02OA039,2,1954,17,21.16,
02OA039,2,1954,18,21.11,
02OA039,2,1954,19,21.19,
02OA039,2,1954,20,21.26,
02OA039,2,1954,21,21.17,
02OA039,2,1954,22,21.09,
02OA039,2,1954,23,21.12,
02OA039,2,1954,24,21.15,
02OA039,2,1954,25,21.12,
02OA039,2,1954,26,20.98,
02OA039,2,1954,27,20.9,
02OA039,2,1954,28,20.8,
02OA039,2,1954,29,20.76,
02OA039,2,1954,30,20.96,
02OA039,2,1954,31,21.04,
02OA039,2,1954,32,21.2,
02OA039,2,1954,33,21.23,
02OA039,2,1954,34,21.23,
02OA039,2,1954,35,21.13,
02OA039,2,1954,36,21.04,
02OA039,2,1954,37,20.93,
02OA039,2,1954,38,20.93,
02OA039,2,1954,39,21.05,
02OA039,2,1954,40,21.04,
02OA039,2,1954,41,20.97,
02OA039,2,1954,42,20.93,
02OA039,2,1954,43,20.95,
02OA039,2,1954,44,21.04,
02OA039,2,1954,45,21.11,
02OA039,2,1954,46,21.18,
02OA039,2,1954,47,21.12,
02OA039,2,1954,48,21.02,
02OA039,2,1954,49,20.91,
02OA039,2,1954,50,20.99,
02OA039,2,1954,51,21.01,
02OA039,2,1954,52,20.96,
02OA039,2,1954,53,21.15,
02OA039,2,1954,54,21.27,
02OA039,2,1954,55,21.28,
02OA039,2,1954,56,21.11,
02OA039,2,1954,57,21.12,
02OA039,2,1954,58,21.13,
02OA039,2,1954,59,21.12,
02OA039,2,1954,60,21.08,
02OA039,2,1954,61,21.09,
02OA039,2,1954,62,21.38,
02OA039,2,1954,63,21.4,
02OA039,2,1954,64,21.46,
02OA039,2,1954,65,21.47,
02OA039,2,1954,66,21.38,
02OA039,2,1954,67,21.35,
02OA039,2,1954,68,21.27,
02OA039,2,1954,69,21.27,
02OA039,2,1954,70,21.3,
02OA039,2,1954,71,21.26,
02OA039,2,1954,72,21.29,
02OA039,2,1954,73,21.27,
02OA039,2,1954,74,21.21,
02OA039,2,1954,75,21.23,
02OA039,2,1954,76,21.29,
02OA039,2,1954,77,21.28,
02OA039,2,1954,78,21.24,
02OA039,2,1954,79,21.15,
02OA039,2,1954,80,21.2,
02OA039,2,1954,81,21.3,
02OA039,2,1954,82,21.28,
02OA039,2,1954,83,21.28,
02OA039,2,1954,84,21.31,
02OA039,2,1954,85,21.32,
02OA039,2,1954,86,21.54,
02OA039,2,1954,87,21.59,
02OA039,2,1954,88,21.5,
02OA039,2,1954,89,21.6,
02OA039,2,1954,90,21.48,
02OA039,2,1954,91,21.4,
02OA039,2,1954,92,21.47,
02OA039,2,1954,93,21.48,
02OA039,2,1954,94,21.43,
02OA039,2,1954,95,21.36,
02OA039,2,1954,96,21.29,
02OA039,2,1954,97,21.45,
02OA039,2,1954,98,21.85,
02OA039,2,1954,99,22.11,
02OA039,2,1954,100,22.19,
02OA039,2,1954,101,22.09,
02OA039,2,1954,102,22.05,
02OA039,2,1954,103,22.04,
02OA039,2,1954,104,21.9,
02OA039,2,1954,105,21.87,
02OA039,2,1954,106,21.89,
02OA039,2,1954,107,22.18,
02OA039,2,1954,108,22.31,
02OA039,2,1954,109,22.24,
02OA039,2,1954,110,22.17,
02OA039,2,1954,111,22.09,
02OA039,2,1954,112,22.11,
02OA039,2,1954,113,22.07,
02OA039,2,1954,114,21.99,
02OA039,2,1954,115,21.94,
02OA039,2,1954,116,21.93,
02OA039,2,1954,117,21.79,
02OA039,2,1954,118,21.71,
02OA039,2,1954,119,21.8,
02OA039,2,1954,120,21.75,
02OA039,2,1954,121,21.75,
02OA039,2,1954,122,21.68,
02OA039,2,1954,123,21.68,
02OA039,2,1954,124,21.78,
02OA039,2,1954,125,21.88,
02OA039,2,1954,126,21.83,
02OA039,2,1954,127,21.78,
02OA039,2,1954,128,21.68,
02OA039,2,1954,129,21.8,
02OA039,2,1954,130,21.82,
02OA039,2,1954,131,21.78,
02OA039,2,1954,132,21.76,
02OA039,2,1954,133,21.73,
02OA039,2,1954,134,21.68,
02OA039,2,1954,135,21.66,
02OA039,2,1954,136,21.63,
02OA039,2,1954,137,21.62,
02OA039,2,1954,138,21.59,
02OA039,2,1954,139,21.55,
02OA039,2,1954,140,21.53,
02OA039,2,1954,141,21.48,
02OA039,2,1954,142,21.5,
02OA039,2,1954,143,21.51,
02OA039,2,1954,144,21.46,
02OA039,2,1954,145,21.46,
02OA039,2,1954,146,21.46,
02OA039,2,1954,147,21.37,
02OA039,2,1954,148,21.37,
02OA039,2,1954,149,21.31,
02OA039,2,1954,150,21.36,
02OA039,2,1954,151,21.43,
02OA039,2,1954,152,21.32,
02OA039,2,1954,153,21.33,
02OA039,2,1954,154,21.45,
02OA039,2,1954,155,21.34,
02OA039,2,1954,156,21.39,
02OA039,2,1954,157,21.48,
02OA039,2,1954,158,21.47,
02OA039,2,1954,159,21.47,
02OA039,2,1954,160,21.51,
02OA039,2,1954,161,21.52,
02OA039,2,1954,162,21.56,
02OA039,2,1954,163,21.5,
02OA039,2,1954,164,21.58,
02OA039,2,1954,165,21.56,
02OA039,2,1954,166,21.56,
02OA039,2,1954,167,21.56,
02OA039,2,1954,168,21.54,
02OA039,2,1954,169,21.56,
02OA039,2,1954,170,21.52,
02OA039,2,1954,171,21.5,
02OA039,2,1954,172,21.48,
02OA039,2,1954,173,21.44,
02OA039,2,1954,174,21.43,
02OA039,2,1954,175,21.4,
02OA039,2,1954,176,21.43,
02OA039,2,1954,177,21.39,
02OA039,2,1954,178,21.43,
02OA039,2,1954,179,21.38,
02OA039,2,1954,180,21.41,
02OA039,2,1954,181,21.42,
02OA039,2,1954,182,21.4,
02OA039,2,1954,183,21.43,
02OA039,2,1954,184,21.39,
02OA039,2,1954,185,21.34,
02OA039,2,1954,186,21.29,
02OA039,2,1954,187,21.34,
02OA039,2,1954,188,21.37,
02OA039,2,1954,189,21.24,
02OA039,2,1954,190,21.25,
02OA039,2,1954,191,21.25,
02OA039,2,1954,192,21.24,
02OA039,2,1954,193,21.21,
02OA039,2,1954,194,21.22,
02OA039,2,1954,195,21.22,
02OA039,2,1954,196,21.23,
02OA039,2,1954,197,21.2,
02OA039,2,1954,198,21.18,
02OA039,2,1954,199,21.17,
02OA039,2,1954,200,21.16,
02OA039,2,1954,201,21.14,
02OA039,2,1954,202,21.15,
02OA039,2,1954,203,21.15,
02OA039,2,1954,204,21.14,
02OA039,2,1954,205,21.15,
02OA039,2,1954,206,21.15,
02OA039,2,1954,207,21.11,
02OA039,2,1954,208,21.08,
02OA039,2,1954,209,21.1,
02OA039,2,1954,210,21.11,
02OA039,2,1954,211,21.12,
02OA039,2,1954,212,21.12,
02OA039,2,1954,213,21.11,
02OA039,2,1954,214,21.12,
02OA039,2,1954,215,21.04,
02OA039,2,1954,216,21.06,
02OA039,2,1954,217,21.06,
02OA039,2,1954,218,21.04,
02OA039,2,1954,219,20.99,
02OA039,2,1954,220,21,
02OA039,2,1954,221,21.02,
02OA039,2,1954,222,20.94,
02OA039,2,1954,223,20.96,
02OA039,2,1954,224,21,
02OA039,2,1954,225,21.02,
02OA039,2,1954,226,21.03,
02OA039,2,1954,227,21.04,
02OA039,2,1954,228,21.04,
02OA039,2,1954,229,21.04,
02OA039,2,1954,230,21,
02OA039,2,1954,231,21,
02OA039,2,1954,232,21.01,
02OA039,2,1954,233,20.98,
02OA039,2,1954,234,20.96,
02OA039,2,1954,235,20.97,
02OA039,2,1954,236,20.97,
02OA039,2,1954,237,20.97,
02OA039,2,1954,238,20.91,
02OA039,2,1954,239,20.93,
02OA039,2,1954,240,20.94,
02OA039,2,1954,241,20.93,
02OA039,2,1954,242,20.92,
02OA039,2,1954,243,20.9,
02OA039,2,1954,244,21.07,
02OA039,2,1954,245,21.07,
02OA039,2,1954,246,21.12,
02OA039,2,1954,247,21.1,
02OA039,2,1954,248,21,
02OA039,2,1954,249,21.02,
02OA039,2,1954,250,21,
02OA039,2,1954,251,20.97,
02OA039,2,1954,252,20.94,
02OA039,2,1954,253,20.95,
02OA039,2,1954,254,20.99,
02OA039,2,1954,255,20.91,
02OA039,2,1954,256,20.96,
02OA039,2,1954,257,20.95,
02OA039,2,1954,258,20.99,
02OA039,2,1954,259,20.97,
02OA039,2,1954,260,20.96,
02OA039,2,1954,261,20.99,
02OA039,2,1954,262,21.02,
02OA039,2,1954,263,21.09,
02OA039,2,1954,264,21.07,
02OA039,2,1954,265,21.15,
02OA039,2,1954,266,21.11,
02OA039,2,1954,267,21.01,
02OA039,2,1954,268,21.07,
02OA039,2,1954,269,21.01,
02OA039,2,1954,270,21.07,
02OA039,2,1954,271,21.04,
02OA039,2,1954,272,20.99,
02OA039,2,1954,273,21.11,
02OA039,2,1954,274,21.11,
02OA039,2,1954,275,21.18,
02OA039,2,1954,276,21.18,
02OA039,2,1954,277,21.28,
02OA039,2,1954,278,21.47,
02OA039,2,1954,279,21.36,
02OA039,2,1954,280,21.33,
02OA039,2,1954,281,21.25,
02OA039,2,1954,282,21.16,
02OA039,2,1954,283,21.18,
02OA039,2,1954,284,21.21,
02OA039,2,1954,285,21.28,
02OA039,2,1954,286,21.29,
02OA039,2,1954,287,21.34,
02OA039,2,1954,288,21.34,
02OA039,2,1954,289,21.27,
02OA039,2,1954,290,21.31,
02OA039,2,1954,291,21.29,
02OA039,2,1954,292,21.27,
02OA039,2,1954,293,21.29,
02OA039,2,1954,294,21.29,
02OA039,2,1954,295,21.3,
02OA039,2,1954,296,21.36,
02OA039,2,1954,297,21.34,
02OA039,2,1954,298,21.34,
02OA039,2,1954,299,21.28,
02OA039,2,1954,300,21.3,
02OA039,2,1954,301,21.32,
02OA039,2,1954,302,21.3,
02OA039,2,1954,303,21.3,
02OA039,2,1954,304,21.33,
02OA039,2,1954,305,21.23,
02OA039,2,1954,306,21.22,
02OA039,2,1954,307,21.17,
02OA039,2,1954,308,21.42,
02OA039,2,1954,309,21.46,
02OA039,2,1954,310,21.57,
02OA039,2,1954,311,21.48,
02OA039,2,1954,312,21.41,
02OA039,2,1954,313,21.33,
02OA039,2,1954,314,21.31,
02OA039,2,1954,315,21.31,
02OA039,2,1954,316,21.28,
02OA039,2,1954,317,21.25,
02OA039,2,1954,318,21.24,
02OA039,2,1954,319,21.21,
02OA039,2,1954,320,21.14,
02OA039,2,1954,321,21.13,
02OA039,2,1954,322,21.14,
02OA039,2,1954,323,21.14,
02OA039,2,1954,324,21.11,
02OA039,2,1954,325,21.31,
02OA039,2,1954,326,21.43,
02OA039,2,1954,327,21.4,
02OA039,2,1954,328,21.37,
02OA039,2,1954,329,21.31,
02OA039,2,1954,330,21.32,
02OA039,2,1954,331,21.3,
02OA039,2,1954,332,21.38,
02OA039,2,1954,333,21.37,
02OA039,2,1954,334,21.51,
02OA039,2,1954,335,21.5,
02OA039,2,1954,336,21.43,
02OA039,2,1954,337,21.37,
02OA039,2,1954,338,21.3,
02OA039,2,1954,339,21.36,
02OA039,2,1954,340,21.23,
02OA039,2,1954,341,21.21,
02OA039,2,1954,342,21.26,
02OA039,2,1954,343,21.23,
02OA039,2,1954,344,21.22,
02OA039,2,1954,345,21.25,
02OA039,2,1954,346,21.18,
02OA039,2,1954,347,21.16,
02OA039,2,1954,348,21.15,
02OA039,2,1954,349,21.18,
02OA039,2,1954,350,21.21,
02OA039,2,1954,351,21.22,
02OA039,2,1954,352,21.22,
02OA039,2,1954,353,21.33,
02OA039,2,1954,354,21.26,
02OA039,2,1954,355,21.23,
02OA039,2,1954,356,21.19,
02OA039,2,1954,357,21.28,
02OA039,2,1954,358,21.35,
02OA039,2,1954,359,21.41,
02OA039,2,1954,360,21.39,
02OA039,2,1954,361,21.37,
02OA039,2,1954,362,21.25,
02OA039,2,1954,363,21.27,
02OA039,2,1954,364,21.2,
02OA039,2,1954,365,21.28,
02OA039,2,1955,1,21.25,
02OA039,2,1955,2,21.32,
02OA039,2,1955,3,21.34,
02OA039,2,1955,4,21.23,
02OA039,2,1955,5,21.22,
02OA039,2,1955,6,21.17,
02OA039,2,1955,7,21.28,
02OA039,2,1955,8,21.26,
02OA039,2,1955,9,21.47,
02OA039,2,1955,10,21.53,
02OA039,2,1955,11,21.51,
02OA039,2,1955,12,21.5,
02OA039,2,1955,13,21.58,
02OA039,2,1955,14,21.64,
02OA039,2,1955,15,21.68,
02OA039,2,1955,16,21.75,
02OA039,2,1955,17,21.83,
02OA039,2,1955,18,21.76,
02OA039,2,1955,19,21.84,
02OA039,2,1955,20,21.84,
02OA039,2,1955,21,21.84,
02OA039,2,1955,22,21.77,
02OA039,2,1955,23,21.7,
02OA039,2,1955,24,21.68,
02OA039,2,1955,25,21.55,
02OA039,2,1955,26,21.43,
02OA039,2,1955,27,21.36,
02OA039,2,1955,28,21.39,
02OA039,2,1955,29,21.33,
02OA039,2,1955,30,21.41,
02OA039,2,1955,31,21.42,
02OA039,2,1955,32,21.34,
02OA039,2,1955,33,21.28,
02OA039,2,1955,34,21.18,
02OA039,2,1955,35,21.4,
02OA039,2,1955,36,21.44,
02OA039,2,1955,37,21.5,
02OA039,2,1955,38,21.44,
02OA039,2,1955,39,21.34,
02OA039,2,1955,40,21.29,
02OA039,2,1955,41,21.25,
02OA039,2,1955,42,21.37,
02OA039,2,1955,43,21.28,
02OA039,2,1955,44,21.25,
02OA039,2,1955,45,21.37,
02OA039,2,1955,46,21.22,
02OA039,2,1955,47,21.21,
02OA039,2,1955,48,21.1,
02OA039,2,1955,49,21.17,
02OA039,2,1955,50,21.09,
02OA039,2,1955,51,21.07,
02OA039,2,1955,52,21.12,
02OA039,2,1955,53,21.09,
02OA039,2,1955,54,21.09,
02OA039,2,1955,55,21.15,
02OA039,2,1955,56,21.16,
02OA039,2,1955,57,21.17,
02OA039,2,1955,58,21.13,
02OA039,2,1955,59,21.16,
02OA039,2,1955,60,21.13,
02OA039,2,1955,61,21.15,
02OA039,2,1955,62,21.29,
02OA039,2,1955,63,21.25,
02OA039,2,1955,64,21.11,
02OA039,2,1955,65,21.1,
02OA039,2,1955,66,21.19,
02OA039,2,1955,67,21.24,
02OA039,2,1955,68,21.18,
02OA039,2,1955,69,21.18,
02OA039,2,1955,70,21.19,
02OA039,2,1955,71,21.39,
02OA039,2,1955,72,21.5,
02OA039,2,1955,73,21.55,
02OA039,2,1955,74,21.46,
02OA039,2,1955,75,21.46,
02OA039,2,1955,76,21.55,
02OA039,2,1955,77,21.71,
02OA039,2,1955,78,21.6,
02OA039,2,1955,79,21.52,
02OA039,2,1955,80,21.53,
02OA039,2,1955,81,21.46,
02OA039,2,1955,82,21.57,
02OA039,2,1955,83,21.75,
02OA039,2,1955,84,21.65,
02OA039,2,1955,85,21.62,
02OA039,2,1955,86,21.53,
02OA039,2,1955,87,21.53,
02OA039,2,1955,88,21.55,
02OA039,2,1955,89,21.56,
02OA039,2,1955,90,21.58,
02OA039,2,1955,91,21.61,
02OA039,2,1955,92,21.71,
02OA039,2,1955,93,21.75,
02OA039,2,1955,94,21.86,
02OA039,2,1955,95,21.89,
02OA039,2,1955,96,22.14,
02OA039,2,1955,97,22.4,
02OA039,2,1955,98,22.4,
02OA039,2,1955,99,22.31,
02OA039,2,1955,100,22.29,
02OA039,2,1955,101,22.33,
02OA039,2,1955,102,22.23,
02OA039,2,1955,103,22.2,
02OA039,2,1955,104,22.2,
02OA039,2,1955,105,22.24,
02OA039,2,1955,106,22.24,
02OA039,2,1955,107,22.24,
02OA039,2,1955,108,22.33,
02OA039,2,1955,109,22.29,
02OA039,2,1955,110,22.41,
02OA039,2,1955,111,22.4,
02OA039,2,1955,112,22.41,
02OA039,2,1955,113,22.42,
02OA039,2,1955,114,22.32,
02OA039,2,1955,115,22.26,
02OA039,2,1955,116,22.24,
02OA039,2,1955,117,22.25,
02OA039,2,1955,118,22.17,
02OA039,2,1955,119,22.14,
02OA039,2,1955,120,22.04,
02OA039,2,1955,121,22.02,
02OA039,2,1955,122,21.95,
02OA039,2,1955,123,21.86,
02OA039,2,1955,124,21.82,
02OA039,2,1955,125,21.76,
02OA039,2,1955,126,21.78,
02OA039,2,1955,127,21.68,
02OA039,2,1955,128,21.69,
02OA039,2,1955,129,21.7,
02OA039,2,1955,130,21.7,
02OA039,2,1955,131,21.65,
02OA039,2,1955,132,21.65,
02OA039,2,1955,133,21.62,
02OA039,2,1955,134,21.57,
02OA039,2,1955,135,21.56,
02OA039,2,1955,136,21.52,
02OA039,2,1955,137,21.52,
02OA039,2,1955,138,21.5,
02OA039,2,1955,139,21.46,
02OA039,2,1955,140,21.47,
02OA039,2,1955,141,21.42,
02OA039,2,1955,142,21.42,
02OA039,2,1955,143,21.43,
02OA039,2,1955,144,21.43,
02OA039,2,1955,145,21.39,
02OA039,2,1955,146,21.43,
02OA039,2,1955,147,21.39,
02OA039,2,1955,148,21.44,
02OA039,2,1955,149,21.43,
02OA039,2,1955,150,21.46,
02OA039,2,1955,151,21.44,
02OA039,2,1955,152,21.43,
02OA039,2,1955,153,21.45,
02OA039,2,1955,154,21.44,
02OA039,2,1955,155,21.45,
02OA039,2,1955,156,21.43,
02OA039,2,1955,157,21.43,
02OA039,2,1955,158,21.37,
02OA039,2,1955,159,21.32,
02OA039,2,1955,160,21.34,
02OA039,2,1955,161,21.36,
02OA039,2,1955,162,21.3,
02OA039,2,1955,163,21.36,
02OA039,2,1955,164,21.34,
02OA039,2,1955,165,21.35,
02OA039,2,1955,166,21.32,
02OA039,2,1955,167,21.35,
02OA039,2,1955,168,21.33,
02OA039,2,1955,169,21.33,
02OA039,2,1955,170,21.29,
02OA039,2,1955,171,21.34,
02OA039,2,1955,172,21.26,
02OA039,2,1955,173,21.3,
02OA039,2,1955,174,21.28,
02OA039,2,1955,175,21.25,
02OA039,2,1955,176,21.25,
02OA039,2,1955,177,21.23,
02OA039,2,1955,178,21.27,
02OA039,2,1955,179,21.23,
02OA039,2,1955,180,21.25,
02OA039,2,1955,181,21.25,
02OA039,2,1955,182,21.23,
02OA039,2,1955,183,21.21,
02OA039,2,1955,184,21.15,
02OA039,2,1955,185,21.2,
02OA039,2,1955,186,21.19,
02OA039,2,1955,187,21.19,
02OA039,2,1955,188,21.19,
02OA039,2,1955,189,21.19,
02OA039,2,1955,190,21.22,
02OA039,2,1955,191,21.17,
02OA039,2,1955,192,21.17,
02OA039,2,1955,193,21.11,
02OA039,2,1955,194,21.06,
02OA039,2,1955,195,21.11,
02OA039,2,1955,196,21.14,
02OA039,2,1955,197,21.14,
02OA039,2,1955,198,21.18,
02OA039,2,1955,199,21.17,
02OA039,2,1955,200,21.11,
02OA039,2,1955,201,21.1,
02OA039,2,1955,202,21.12,
02OA039,2,1955,203,21.16,
02OA039,2,1955,204,21.14,
02OA039,2,1955,205,21.18,
02OA039,2,1955,206,21.05,
02OA039,2,1955,207,21.09,
02OA039,2,1955,208,21.06,
02OA039,2,1955,209,21.1,
02OA039,2,1955,210,21.07,
02OA039,2,1955,211,21.02,
02OA039,2,1955,212,21.07,
02OA039,2,1955,213,21.05,
02OA039,2,1955,214,21.07,
02OA039,2,1955,215,21.02,
02OA039,2,1955,216,21,
02OA039,2,1955,217,21.06,
02OA039,2,1955,218,21.08,
02OA039,2,1955,219,21.07,
02OA039,2,1955,220,21.08,
02OA039,2,1955,221,21,
02OA039,2,1955,222,20.96,
02OA039,2,1955,223,21.02,
02OA039,2,1955,224,21.05,
02OA039,2,1955,225,20.96,
02OA039,2,1955,226,20.94,
02OA039,2,1955,227,20.98,
02OA039,2,1955,228,21.04,
02OA039,2,1955,229,21.04,
02OA039,2,1955,230,20.99,
02OA039,2,1955,231,21.01,
02OA039,2,1955,232,21.04,
02OA039,2,1955,233,21.03,
02OA039,2,1955,234,21.04,
02OA039,2,1955,235,21.07,
02OA039,2,1955,236,21,
02OA039,2,1955,237,20.98,
02OA039,2,1955,238,20.99,
02OA039,2,1955,239,21.01,
02OA039,2,1955,240,20.97,
02OA039,2,1955,241,20.96,
02OA039,2,1955,242,20.93,
02OA039,2,1955,243,21.04,
02OA039,2,1955,244,21,
02OA039,2,1955,245,20.95,
02OA039,2,1955,246,20.97,
02OA039,2,1955,247,20.95,
02OA039,2,1955,248,20.97,
02OA039,2,1955,249,20.95,
02OA039,2,1955,250,20.94,
02OA039,2,1955,251,20.9,
02OA039,2,1955,252,20.89,
02OA039,2,1955,253,20.92,
02OA039,2,1955,254,21.01,
02OA039,2,1955,255,20.96,
02OA039,2,1955,256,20.87,
02OA039,2,1955,257,20.9,
02OA039,2,1955,258,20.9,
02OA039,2,1955,259,20.91,
02OA039,2,1955,260,20.89,
02OA039,2,1955,261,20.91,
02OA039,2,1955,262,20.91,
02OA039,2,1955,263,20.96,
02OA039,2,1955,264,20.89,
02OA039,2,1955,265,20.89,
02OA039,2,1955,266,20.85,
02OA039,2,1955,267,20.83,
02OA039,2,1955,268,20.86,
02OA039,2,1955,269,20.87,
02OA039,2,1955,270,20.86,
02OA039,2,1955,271,20.88,
02OA039,2,1955,272,20.9,
02OA039,2,1955,273,20.88,
02OA039,2,1955,274,20.86,
02OA039,2,1955,275,20.9,
02OA039,2,1955,276,20.82,
02OA039,2,1955,277,20.86,
02OA039,2,1955,278,20.83,
02OA039,2,1955,279,20.8,
02OA039,2,1955,280,20.81,
02OA039,2,1955,281,20.89,
02OA039,2,1955,282,20.89,
02OA039,2,1955,283,20.93,
02OA039,2,1955,284,20.89,
02OA039,2,1955,285,20.83,
02OA039,2,1955,286,20.9,
02OA039,2,1955,287,20.86,
02OA039,2,1955,288,20.81,
02OA039,2,1955,289,20.85,
02OA039,2,1955,290,20.89,
02OA039,2,1955,291,20.9,
02OA039,2,1955,292,20.9,
02OA039,2,1955,293,20.93,
02OA039,2,1955,294,20.96,
02OA039,2,1955,295,20.96,
02OA039,2,1955,296,21.01,
02OA039,2,1955,297,21.02,
02OA039,2,1955,298,21.05,
02OA039,2,1955,299,21.05,
02OA039,2,1955,300,21.06,
02OA039,2,1955,301,21.04,
02OA039,2,1955,302,20.99,
02OA039,2,1955,303,21.03,
02OA039,2,1955,304,21.11,
02OA039,2,1955,305,21.12,
02OA039,2,1955,306,21.1,
02OA039,2,1955,307,21.11,
02OA039,2,1955,308,21.19,
02OA039,2,1955,309,21.2,
02OA039,2,1955,310,21.14,
02OA039,2,1955,311,21.18,
02OA039,2,1955,312,21.21,
02OA039,2,1955,313,21.19,
02OA039,2,1955,314,21.2,
02OA039,2,1955,315,21.2,
02OA039,2,1955,316,21.23,
02OA039,2,1955,317,21.21,
02OA039,2,1955,318,21.12,
02OA039,2,1955,319,21.15,
02OA039,2,1955,320,21.12,
02OA039,2,1955,321,21.14,
02OA039,2,1955,322,21.22,
02OA039,2,1955,323,21.09,
02OA039,2,1955,324,21.07,
02OA039,2,1955,325,21.03,
02OA039,2,1955,326,21.05,
02OA039,2,1955,327,21.02,
02OA039,2,1955,328,21.06,
02OA039,2,1955,329,21.1,
02OA039,2,1955,330,21.02,
02OA039,2,1955,331,21.04,
02OA039,2,1955,332,21,
02OA039,2,1955,333,21.1,
02OA039,2,1955,334,21,
02OA039,2,1955,335,20.96,
02OA039,2,1955,336,20.93,
02OA039,2,1955,337,20.93,
02OA039,2,1955,338,20.93,
02OA039,2,1955,339,21.02,
02OA039,2,1955,340,20.98,
02OA039,2,1955,341,20.96,
02OA039,2,1955,342,20.96,
02OA039,2,1955,343,20.96,
02OA039,2,1955,344,20.89,
02OA039,2,1955,345,20.94,
02OA039,2,1955,346,21.03,
02OA039,2,1955,347,20.97,
02OA039,2,1955,348,20.97,
02OA039,2,1955,349,21.05,
02OA039,2,1955,350,21.06,
02OA039,2,1955,351,21,
02OA039,2,1955,352,21.08,
02OA039,2,1955,353,21.09,
02OA039,2,1955,354,21,
02OA039,2,1955,355,20.97,
02OA039,2,1955,356,21.21,
02OA039,2,1955,357,21.31,
02OA039,2,1955,358,21.33,
02OA039,2,1955,359,21.41,
02OA039,2,1955,360,21.5,
02OA039,2,1955,361,21.59,
02OA039,2,1955,362,21.58,
02OA039,2,1955,363,21.57,
02OA039,2,1955,364,21.49,
02OA039,2,1955,365,21.5,
02OA039,2,1956,1,21.52,
02OA039,2,1956,2,21.5,
02OA039,2,1956,3,21.46,
02OA039,2,1956,4,21.49,
02OA039,2,1956,5,21.38,
02OA039,2,1956,6,21.22,
02OA039,2,1956,7,21.16,
02OA039,2,1956,8,21.15,
02OA039,2,1956,9,20.95,
02OA039,2,1956,10,20.83,
02OA039,2,1956,11,20.95,
02OA039,2,1956,12,20.99,
02OA039,2,1956,13,21.02,
02OA039,2,1956,14,21.02,
02OA039,2,1956,15,20.91,
02OA039,2,1956,16,20.83,
02OA039,2,1956,17,20.91,
02OA039,2,1956,18,21.04,
02OA039,2,1956,19,21.2,
02OA039,2,1956,20,21.23,
02OA039,2,1956,21,21.23,
02OA039,2,1956,22,21.43,
02OA039,2,1956,23,21.45,
02OA039,2,1956,24,21.47,
02OA039,2,1956,25,21.48,
02OA039,2,1956,26,21.48,
02OA039,2,1956,27,21.44,
02OA039,2,1956,28,21.32,
02OA039,2,1956,29,21.13,
02OA039,2,1956,30,21.03,
02OA039,2,1956,31,21.02,
02OA039,2,1956,32,21.09,
02OA039,2,1956,33,21.21,
02OA039,2,1956,34,21.25,
02OA039,2,1956,35,21.21,
02OA039,2,1956,36,21.08,
02OA039,2,1956,37,21.01,
02OA039,2,1956,38,21.01,
02OA039,2,1956,39,20.94,
02OA039,2,1956,40,20.94,
02OA039,2,1956,41,20.91,
02OA039,2,1956,42,20.88,
02OA039,2,1956,43,20.86,
02OA039,2,1956,44,20.82,
02OA039,2,1956,45,20.91,
02OA039,2,1956,46,20.89,
02OA039,2,1956,47,20.96,
02OA039,2,1956,48,21.15,
02OA039,2,1956,49,21.25,
02OA039,2,1956,50,21.24,
02OA039,2,1956,51,21.03,
02OA039,2,1956,52,21.11,
02OA039,2,1956,53,21.06,
02OA039,2,1956,54,21.07,
02OA039,2,1956,55,21.18,
02OA039,2,1956,56,21.08,
02OA039,2,1956,57,20.88,
02OA039,2,1956,58,20.89,
02OA039,2,1956,59,20.92,
02OA039,2,1956,60,20.95,
02OA039,2,1956,61,21,
02OA039,2,1956,62,20.93,
02OA039,2,1956,63,20.91,
02OA039,2,1956,64,20.87,
02OA039,2,1956,65,20.9,
02OA039,2,1956,66,20.94,
02OA039,2,1956,67,20.88,
02OA039,2,1956,68,20.86,
02OA039,2,1956,69,20.76,
02OA039,2,1956,70,21.04,
02OA039,2,1956,71,20.99,
02OA039,2,1956,72,20.97,
02OA039,2,1956,73,21,
02OA039,2,1956,74,20.92,
02OA039,2,1956,75,20.99,
02OA039,2,1956,76,21.04,
02OA039,2,1956,77,21.02,
02OA039,2,1956,78,20.93,
02OA039,2,1956,79,20.89,
02OA039,2,1956,80,20.96,
02OA039,2,1956,81,20.97,
02OA039,2,1956,82,21,
02OA039,2,1956,83,20.97,
02OA039,2,1956,84,21,
02OA039,2,1956,85,21,
02OA039,2,1956,86,20.9,
02OA039,2,1956,87,20.94,
02OA039,2,1956,88,20.92,
02OA039,2,1956,89,20.89,
02OA039,2,1956,90,20.91,
02OA039,2,1956,91,20.94,
02OA039,2,1956,92,20.92,
02OA039,2,1956,93,20.89,
02OA039,2,1956,94,20.88,
02OA039,2,1956,95,20.9,
02OA039,2,1956,96,21.11,
02OA039,2,1956,97,21.59,
02OA039,2,1956,98,21.83,
02OA039,2,1956,99,21.82,
02OA039,2,1956,100,21.7,
02OA039,2,1956,101,21.66,
02OA039,2,1956,102,21.63,
02OA039,2,1956,103,21.6,
02OA039,2,1956,104,21.54,
02OA039,2,1956,105,21.58,
02OA039,2,1956,106,21.47,
02OA039,2,1956,107,21.55,
02OA039,2,1956,108,21.79,
02OA039,2,1956,109,21.82,
02OA039,2,1956,110,21.81,
02OA039,2,1956,111,21.74,
02OA039,2,1956,112,21.66,
02OA039,2,1956,113,21.6,
02OA039,2,1956,114,21.6,
02OA039,2,1956,115,21.54,
02OA039,2,1956,116,21.45,
02OA039,2,1956,117,21.43,
02OA039,2,1956,118,21.42,
02OA039,2,1956,119,21.45,
02OA039,2,1956,120,21.52,
02OA039,2,1956,121,21.71,
02OA039,2,1956,122,21.85,
02OA039,2,1956,123,21.77,
02OA039,2,1956,124,21.71,
02OA039,2,1956,125,21.61,
02OA039,2,1956,126,21.63,
02OA039,2,1956,127,21.57,
02OA039,2,1956,128,21.55,
02OA039,2,1956,129,21.48,
02OA039,2,1956,130,21.46,
02OA039,2,1956,131,21.54,
02OA039,2,1956,132,21.5,
02OA039,2,1956,133,21.52,
02OA039,2,1956,134,21.55,
02OA039,2,1956,135,21.53,
02OA039,2,1956,136,21.61,
02OA039,2,1956,137,21.64,
02OA039,2,1956,138,21.66,
02OA039,2,1956,139,21.59,
02OA039,2,1956,140,21.65,
02OA039,2,1956,141,21.65,
02OA039,2,1956,142,21.64,
02OA039,2,1956,143,21.64,
02OA039,2,1956,144,21.64,
02OA039,2,1956,145,21.62,
02OA039,2,1956,146,21.65,
02OA039,2,1956,147,21.62,
02OA039,2,1956,148,21.66,
02OA039,2,1956,149,21.83,
02OA039,2,1956,150,21.78,
02OA039,2,1956,151,21.77,
02OA039,2,1956,152,21.77,
02OA039,2,1956,153,21.78,
02OA039,2,1956,154,21.75,
02OA039,2,1956,155,21.71,
02OA039,2,1956,156,21.76,
02OA039,2,1956,157,21.73,
02OA039,2,1956,158,21.7,
02OA039,2,1956,159,21.71,
02OA039,2,1956,160,21.69,
02OA039,2,1956,161,21.63,
02OA039,2,1956,162,21.58,
02OA039,2,1956,163,21.61,
02OA039,2,1956,164,21.53,
02OA039,2,1956,165,21.52,
02OA039,2,1956,166,21.52,
02OA039,2,1956,167,21.5,
02OA039,2,1956,168,21.42,
02OA039,2,1956,169,21.37,
02OA039,2,1956,170,21.35,
02OA039,2,1956,171,21.3,
02OA039,2,1956,172,21.31,
02OA039,2,1956,173,21.32,
02OA039,2,1956,174,21.33,
02OA039,2,1956,175,21.24,
02OA039,2,1956,176,21.26,
02OA039,2,1956,177,21.31,
02OA039,2,1956,178,21.26,
02OA039,2,1956,179,21.26,
02OA039,2,1956,180,21.31,
02OA039,2,1956,181,21.28,
02OA039,2,1956,182,21.24,
02OA039,2,1956,183,21.23,
02OA039,2,1956,184,21.29,
02OA039,2,1956,185,21.27,
02OA039,2,1956,186,21.23,
02OA039,2,1956,187,21.17,
02OA039,2,1956,188,21.16,
02OA039,2,1956,189,21.18,
02OA039,2,1956,190,21.21,
02OA039,2,1956,191,21.2,
02OA039,2,1956,192,21.19,
02OA039,2,1956,193,21.22,
02OA039,2,1956,194,21.2,
02OA039,2,1956,195,21.21,
02OA039,2,1956,196,21.21,
02OA039,2,1956,197,21.24,
02OA039,2,1956,198,21.21,
02OA039,2,1956,199,21.17,
02OA039,2,1956,200,21.19,
02OA039,2,1956,201,21.18,
02OA039,2,1956,202,21.17,
02OA039,2,1956,203,21.17,
02OA039,2,1956,204,21.18,
02OA039,2,1956,205,21.24,
02OA039,2,1956,206,21.25,
02OA039,2,1956,207,21.22,
02OA039,2,1956,208,21.23,
02OA039,2,1956,209,21.25,
02OA039,2,1956,210,21.28,
02OA039,2,1956,211,21.27,
02OA039,2,1956,212,21.21,
02OA039,2,1956,213,21.21,
02OA039,2,1956,214,21.21,
02OA039,2,1956,215,21.18,
02OA039,2,1956,216,21.15,
02OA039,2,1956,217,21.18,
02OA039,2,1956,218,21.16,
02OA039,2,1956,219,21.14,
02OA039,2,1956,220,21.12,
02OA039,2,1956,221,21.11,
02OA039,2,1956,222,21.1,
02OA039,2,1956,223,21.17,
02OA039,2,1956,224,21.15,
02OA039,2,1956,225,21.08,
02OA039,2,1956,226,21.12,
02OA039,2,1956,227,21.16,
02OA039,2,1956,228,21.13,
02OA039,2,1956,229,21.06,
02OA039,2,1956,230,21.08,
02OA039,2,1956,231,21.09,
02OA039,2,1956,232,21.06,
02OA039,2,1956,233,21.09,
02OA039,2,1956,234,21.02,
02OA039,2,1956,235,21.06,
02OA039,2,1956,236,21.04,
02OA039,2,1956,237,21.14,
02OA039,2,1956,238,21.08,
02OA039,2,1956,239,21.12,
02OA039,2,1956,240,21.11,
02OA039,2,1956,241,21.15,
02OA039,2,1956,242,21.15,
02OA039,2,1956,243,21.12,
02OA039,2,1956,244,21.15,
02OA039,2,1956,245,21.18,
02OA039,2,1956,246,21.22,
02OA039,2,1956,247,21.25,
02OA039,2,1956,248,21.26,
02OA039,2,1956,249,21.2,
02OA039,2,1956,250,21.2,
02OA039,2,1956,251,21.23,
02OA039,2,1956,252,21.17,
02OA039,2,1956,253,21.17,
02OA039,2,1956,254,21.17,
02OA039,2,1956,255,21.17,
02OA039,2,1956,256,21.15,
02OA039,2,1956,257,21.17,
02OA039,2,1956,258,21.21,
02OA039,2,1956,259,21.14,
02OA039,2,1956,260,21.11,
02OA039,2,1956,261,21.14,
02OA039,2,1956,262,21.16,
02OA039,2,1956,263,21.18,
02OA039,2,1956,264,21.18,
02OA039,2,1956,265,21.2,
02OA039,2,1956,266,21.11,
02OA039,2,1956,267,21.14,
02OA039,2,1956,268,21.2,
02OA039,2,1956,269,21.16,
02OA039,2,1956,270,21.16,
02OA039,2,1956,271,21.17,
02OA039,2,1956,272,21.15,
02OA039,2,1956,273,21.14,
02OA039,2,1956,274,21.16,
02OA039,2,1956,275,21.2,
02OA039,2,1956,276,21.16,
02OA039,2,1956,277,21.15,
02OA039,2,1956,278,21.16,
02OA039,2,1956,279,21.17,
02OA039,2,1956,280,21.14,
02OA039,2,1956,281,21.25,
02OA039,2,1956,282,21.25,
02OA039,2,1956,283,21.17,
02OA039,2,1956,284,21.21,
02OA039,2,1956,285,21.23,
02OA039,2,1956,286,21.24,
02OA039,2,1956,287,21.21,
02OA039,2,1956,288,21.23,
02OA039,2,1956,289,21.14,
02OA039,2,1956,290,21.16,
02OA039,2,1956,291,21.14,
02OA039,2,1956,292,21.14,
02OA039,2,1956,293,21.11,
02OA039,2,1956,294,21,
02OA039,2,1956,295,21.02,
02OA039,2,1956,296,21.05,
02OA039,2,1956,297,21.02,
02OA039,2,1956,298,21,
02OA039,2,1956,299,20.99,
02OA039,2,1956,300,20.91,
02OA039,2,1956,301,20.82,
02OA039,2,1956,302,20.94,
02OA039,2,1956,303,20.93,
02OA039,2,1956,304,20.96,
02OA039,2,1956,305,20.95,
02OA039,2,1956,306,20.95,
02OA039,2,1956,307,20.92,
02OA039,2,1956,308,20.89,
02OA039,2,1956,309,20.92,
02OA039,2,1956,310,20.91,
02OA039,2,1956,311,20.88,
02OA039,2,1956,312,20.89,
02OA039,2,1956,313,20.93,
02OA039,2,1956,314,20.93,
02OA039,2,1956,315,20.9,
02OA039,2,1956,316,20.91,
02OA039,2,1956,317,20.91,
02OA039,2,1956,318,20.95,
02OA039,2,1956,319,20.94,
02OA039,2,1956,320,20.89,
02OA039,2,1956,321,20.86,
02OA039,2,1956,322,20.87,
02OA039,2,1956,323,20.87,
02OA039,2,1956,324,20.89,
02OA039,2,1956,325,20.88,
02OA039,2,1956,326,20.89,
02OA039,2,1956,327,20.98,
02OA039,2,1956,328,20.95,
02OA039,2,1956,329,20.94,
02OA039,2,1956,330,20.92,
02OA039,2,1956,331,20.9,
02OA039,2,1956,332,20.96,
02OA039,2,1956,333,20.96,
02OA039,2,1956,334,20.96,
02OA039,2,1956,335,21.01,
02OA039,2,1956,336,20.95,
02OA039,2,1956,337,20.92,
02OA039,2,1956,338,20.88,
02OA039,2,1956,339,20.93,
02OA039,2,1956,340,20.92,
02OA039,2,1956,341,20.84,
02OA039,2,1956,342,20.9,
02OA039,2,1956,343,20.93,
02OA039,2,1956,344,21.02,
02OA039,2,1956,345,20.99,
02OA039,2,1956,346,20.96,
02OA039,2,1956,347,20.99,
02OA039,2,1956,348,20.96,
02OA039,2,1956,349,20.97,
02OA039,2,1956,350,20.9,
02OA039,2,1956,351,20.85,
02OA039,2,1956,352,20.93,
02OA039,2,1956,353,20.95,
02OA039,2,1956,354,20.94,
02OA039,2,1956,355,20.99,
02OA039,2,1956,356,20.98,
02OA039,2,1956,357,20.88,
02OA039,2,1956,358,20.81,
02OA039,2,1956,359,20.87,
02OA039,2,1956,360,20.99,
02OA039,2,1956,361,20.92,
02OA039,2,1956,362,20.84,
02OA039,2,1956,363,20.83,
02OA039,2,1956,364,20.89,
02OA039,2,1956,365,20.78,
02OA039,2,1956,366,20.67,
02OA039,2,1957,1,20.89,
02OA039,2,1957,2,21.07,
02OA039,2,1957,3,21.24,
02OA039,2,1957,4,21.4,
02OA039,2,1957,5,21.47,
02OA039,2,1957,6,21.43,
02OA039,2,1957,7,21.46,
02OA039,2,1957,8,21.58,
02OA039,2,1957,9,21.57,
02OA039,2,1957,10,21.63,
02OA039,2,1957,11,21.61,
02OA039,2,1957,12,21.62,
02OA039,2,1957,13,21.51,
02OA039,2,1957,14,21.39,
02OA039,2,1957,15,21.26,
02OA039,2,1957,16,21.24,
02OA039,2,1957,17,20.92,
02OA039,2,1957,18,21.24,
02OA039,2,1957,19,21.36,
02OA039,2,1957,20,21.44,
02OA039,2,1957,21,21.35,
02OA039,2,1957,22,21.07,
02OA039,2,1957,23,21.09,
02OA039,2,1957,24,21.28,
02OA039,2,1957,25,21.37,
02OA039,2,1957,26,21.33,
02OA039,2,1957,27,21.45,
02OA039,2,1957,28,21.51,
02OA039,2,1957,29,21.39,
02OA039,2,1957,30,21.37,
02OA039,2,1957,31,21.36,
02OA039,2,1957,32,21.38,
02OA039,2,1957,33,21.4,
02OA039,2,1957,34,21.35,
02OA039,2,1957,35,21.2,
02OA039,2,1957,36,21.21,
02OA039,2,1957,37,21.13,
02OA039,2,1957,38,21.02,
02OA039,2,1957,39,21.01,
02OA039,2,1957,40,21.1,
02OA039,2,1957,41,21.16,
02OA039,2,1957,42,21.14,
02OA039,2,1957,43,21.05,
02OA039,2,1957,44,21.12,
02OA039,2,1957,45,21.2,
02OA039,2,1957,46,21.26,
02OA039,2,1957,47,21.23,
02OA039,2,1957,48,21.17,
02OA039,2,1957,49,21.13,
02OA039,2,1957,50,21.08,
02OA039,2,1957,51,21.07,
02OA039,2,1957,52,21.11,
02OA039,2,1957,53,21.1,
02OA039,2,1957,54,20.95,
02OA039,2,1957,55,20.99,
02OA039,2,1957,56,21,
02OA039,2,1957,57,20.96,
02OA039,2,1957,58,21.04,
02OA039,2,1957,59,21.21,
02OA039,2,1957,60,21.16,
02OA039,2,1957,61,21.09,
02OA039,2,1957,62,21.1,
02OA039,2,1957,63,21.07,
02OA039,2,1957,64,21.12,
02OA039,2,1957,65,21.04,
02OA039,2,1957,66,20.96,
02OA039,2,1957,67,20.99,
02OA039,2,1957,68,21.02,
02OA039,2,1957,69,21.01,
02OA039,2,1957,70,21.11,
02OA039,2,1957,71,21.07,
02OA039,2,1957,72,20.97,
02OA039,2,1957,73,21.01,
02OA039,2,1957,74,21.07,
02OA039,2,1957,75,21.21,
02OA039,2,1957,76,21.38,
02OA039,2,1957,77,21.34,
02OA039,2,1957,78,21.23,
02OA039,2,1957,79,21.14,
02OA039,2,1957,80,21.1,
02OA039,2,1957,81,21.15,
02OA039,2,1957,82,21.17,
02OA039,2,1957,83,21.19,
02OA039,2,1957,84,21.18,
02OA039,2,1957,85,21.16,
02OA039,2,1957,86,21.16,
02OA039,2,1957,87,21.11,
02OA039,2,1957,88,21.08,
02OA039,2,1957,89,21.11,
02OA039,2,1957,90,21.04,
02OA039,2,1957,91,21.01,
02OA039,2,1957,92,21.11,
02OA039,2,1957,93,21.08,
02OA039,2,1957,94,21.1,
02OA039,2,1957,95,21.04,
02OA039,2,1957,96,21.07,
02OA039,2,1957,97,21.25,
02OA039,2,1957,98,21.26,
02OA039,2,1957,99,21.2,
02OA039,2,1957,100,21.1,
02OA039,2,1957,101,21.05,
02OA039,2,1957,102,21.11,
02OA039,2,1957,103,21.09,
02OA039,2,1957,104,21.06,
02OA039,2,1957,105,21.07,
02OA039,2,1957,106,21.04,
02OA039,2,1957,107,21.02,
02OA039,2,1957,108,21.01,
02OA039,2,1957,109,21.05,
02OA039,2,1957,110,21.04,
02OA039,2,1957,111,21.04,
02OA039,2,1957,112,21.03,
02OA039,2,1957,113,21.07,
02OA039,2,1957,114,21.04,
02OA039,2,1957,115,21.1,
02OA039,2,1957,116,21.14,
02OA039,2,1957,117,21.14,
02OA039,2,1957,118,21.15,
02OA039,2,1957,119,21.22,
02OA039,2,1957,120,21.2,
02OA039,2,1957,121,21.21,
02OA039,2,1957,122,21.16,
02OA039,2,1957,123,21.18,
02OA039,2,1957,124,21.23,
02OA039,2,1957,125,21.14,
02OA039,2,1957,126,21.14,
02OA039,2,1957,127,21.18,
02OA039,2,1957,128,21.04,
02OA039,2,1957,129,21.12,
02OA039,2,1957,130,21.12,
02OA039,2,1957,131,21.1,
02OA039,2,1957,132,21.05,
02OA039,2,1957,133,21.12,
02OA039,2,1957,134,21.07,
02OA039,2,1957,135,21.06,
02OA039,2,1957,136,21.21,
02OA039,2,1957,137,21.17,
02OA039,2,1957,138,21.13,
02OA039,2,1957,139,21.09,
02OA039,2,1957,140,21.04,
02OA039,2,1957,141,21.05,
02OA039,2,1957,142,21.1,
02OA039,2,1957,143,21.13,
02OA039,2,1957,144,21.15,
02OA039,2,1957,145,21.09,
02OA039,2,1957,146,21.07,
02OA039,2,1957,147,21.08,
02OA039,2,1957,148,21.04,
02OA039,2,1957,149,21.01,
02OA039,2,1957,150,21.09,
02OA039,2,1957,151,21.07,
02OA039,2,1957,152,21.09,
02OA039,2,1957,153,21.11,
02OA039,2,1957,154,21.16,
02OA039,2,1957,155,21.17,
02OA039,2,1957,156,21.06,
02OA039,2,1957,157,21.04,
02OA039,2,1957,158,21.12,
02OA039,2,1957,159,21.14,
02OA039,2,1957,160,21.14,
02OA039,2,1957,161,21.06,
02OA039,2,1957,162,21.01,
02OA039,2,1957,163,21.03,
02OA039,2,1957,164,21.01,
02OA039,2,1957,165,21.04,
02OA039,2,1957,166,21.05,
02OA039,2,1957,167,21.06,
02OA039,2,1957,168,21.03,
02OA039,2,1957,169,21,
02OA039,2,1957,170,20.99,
02OA039,2,1957,171,20.98,
02OA039,2,1957,172,20.91,
02OA039,2,1957,173,20.96,
02OA039,2,1957,174,20.98,
02OA039,2,1957,175,20.96,
02OA039,2,1957,176,20.93,
02OA039,2,1957,177,21.04,
02OA039,2,1957,178,20.96,
02OA039,2,1957,179,20.97,
02OA039,2,1957,180,21.04,
02OA039,2,1957,181,21.13,
02OA039,2,1957,182,21.21,
02OA039,2,1957,183,21.18,
02OA039,2,1957,184,21.24,
02OA039,2,1957,185,21.36,
02OA039,2,1957,186,21.44,
02OA039,2,1957,187,21.59,
02OA039,2,1957,188,21.51,
02OA039,2,1957,189,21.6,
02OA039,2,1957,190,21.55,
02OA039,2,1957,191,21.55,
02OA039,2,1957,192,21.52,
02OA039,2,1957,193,21.51,
02OA039,2,1957,194,21.49,
02OA039,2,1957,195,21.43,
02OA039,2,1957,196,21.5,
02OA039,2,1957,197,21.36,
02OA039,2,1957,198,21.33,
02OA039,2,1957,199,21.31,
02OA039,2,1957,200,21.25,
02OA039,2,1957,201,21.21,
02OA039,2,1957,202,21.14,
02OA039,2,1957,203,21.15,
02OA039,2,1957,204,21.11,
02OA039,2,1957,205,21.06,
02OA039,2,1957,206,21.06,
02OA039,2,1957,207,21.04,
02OA039,2,1957,208,21.06,
02OA039,2,1957,209,21.05,
02OA039,2,1957,210,21.04,
02OA039,2,1957,211,21.01,
02OA039,2,1957,212,21.04,
02OA039,2,1957,213,21.01,
02OA039,2,1957,214,21.05,
02OA039,2,1957,215,21.01,
02OA039,2,1957,216,21,
02OA039,2,1957,217,21.02,
02OA039,2,1957,218,20.93,
02OA039,2,1957,219,20.94,
02OA039,2,1957,220,20.93,
02OA039,2,1957,221,20.96,
02OA039,2,1957,222,20.93,
02OA039,2,1957,223,20.91,
02OA039,2,1957,224,20.89,
02OA039,2,1957,225,20.87,
02OA039,2,1957,226,20.85,
02OA039,2,1957,227,20.89,
02OA039,2,1957,228,20.92,
02OA039,2,1957,229,20.89,
02OA039,2,1957,230,20.9,
02OA039,2,1957,231,20.89,
02OA039,2,1957,232,20.89,
02OA039,2,1957,233,20.87,
02OA039,2,1957,234,20.86,
02OA039,2,1957,235,20.88,
02OA039,2,1957,236,20.86,
02OA039,2,1957,237,20.89,
02OA039,2,1957,238,20.85,
02OA039,2,1957,239,20.87,
02OA039,2,1957,240,20.8,
02OA039,2,1957,241,20.79,
02OA039,2,1957,242,20.78,
02OA039,2,1957,243,20.8,
02OA039,2,1957,244,20.85,
02OA039,2,1957,245,20.86,
02OA039,2,1957,246,20.86,
02OA039,2,1957,247,20.82,
02OA039,2,1957,248,20.91,
02OA039,2,1957,249,20.84,
02OA039,2,1957,250,20.81,
02OA039,2,1957,251,20.78,
02OA039,2,1957,252,20.84,
02OA039,2,1957,253,20.81,
02OA039,2,1957,254,20.78,
02OA039,2,1957,255,20.83,
02OA039,2,1957,256,20.82,
02OA039,2,1957,257,20.85,
02OA039,2,1957,258,20.81,
02OA039,2,1957,259,20.9,
02OA039,2,1957,260,20.89,
02OA039,2,1957,261,20.85,
02OA039,2,1957,262,20.88,
02OA039,2,1957,263,20.9,
02OA039,2,1957,264,20.79,
02OA039,2,1957,265,20.89,
02OA039,2,1957,266,20.98,
02OA039,2,1957,267,20.97,
02OA039,2,1957,268,20.95,
02OA039,2,1957,269,20.96,
02OA039,2,1957,270,20.94,
02OA039,2,1957,271,20.91,
02OA039,2,1957,272,20.86,
02OA039,2,1957,273,20.91,
02OA039,2,1957,274,20.95,
02OA039,2,1957,275,20.88,
02OA039,2,1957,276,20.85,
02OA039,2,1957,277,20.87,
02OA039,2,1957,278,20.74,
02OA039,2,1957,279,20.79,
02OA039,2,1957,280,20.84,
02OA039,2,1957,281,20.84,
02OA039,2,1957,282,20.85,
02OA039,2,1957,283,20.83,
02OA039,2,1957,284,20.82,
02OA039,2,1957,285,20.78,
02OA039,2,1957,286,20.82,
02OA039,2,1957,287,20.78,
02OA039,2,1957,288,20.81,
02OA039,2,1957,289,20.84,
02OA039,2,1957,290,20.85,
02OA039,2,1957,291,20.85,
02OA039,2,1957,292,20.84,
02OA039,2,1957,293,20.82,
02OA039,2,1957,294,20.84,
02OA039,2,1957,295,20.84,
02OA039,2,1957,296,20.85,
02OA039,2,1957,297,20.88,
02OA039,2,1957,298,20.94,
02OA039,2,1957,299,20.79,
02OA039,2,1957,300,20.9,
02OA039,2,1957,301,20.95,
02OA039,2,1957,302,20.99,
02OA039,2,1957,303,20.94,
02OA039,2,1957,304,20.91,
02OA039,2,1957,305,20.89,
02OA039,2,1957,306,20.88,
02OA039,2,1957,307,20.86,
02OA039,2,1957,308,20.92,
02OA039,2,1957,309,20.86,
02OA039,2,1957,310,20.86,
02OA039,2,1957,311,20.94,
02OA039,2,1957,312,20.88,
02OA039,2,1957,313,20.91,
02OA039,2,1957,314,20.95,
02OA039,2,1957,315,20.93,
02OA039,2,1957,316,20.84,
02OA039,2,1957,317,20.79,
02OA039,2,1957,318,20.81,
02OA039,2,1957,319,20.89,
02OA039,2,1957,320,20.87,
02OA039,2,1957,321,20.84,
02OA039,2,1957,322,20.89,
02OA039,2,1957,323,20.93,
02OA039,2,1957,324,21.02,
02OA039,2,1957,325,21.04,
02OA039,2,1957,326,21.01,
02OA039,2,1957,327,20.98,
02OA039,2,1957,328,20.98,
02OA039,2,1957,329,20.99,
02OA039,2,1957,330,20.94,
02OA039,2,1957,331,20.96,
02OA039,2,1957,332,20.94,
02OA039,2,1957,333,20.95,
02OA039,2,1957,334,20.99,
02OA039,2,1957,335,21.05,
02OA039,2,1957,336,20.97,
02OA039,2,1957,337,20.87,
02OA039,2,1957,338,20.86,
02OA039,2,1957,339,20.85,
02OA039,2,1957,340,20.87,
02OA039,2,1957,341,20.93,
02OA039,2,1957,342,20.87,
02OA039,2,1957,343,20.9,
02OA039,2,1957,344,20.89,
02OA039,2,1957,345,20.88,
02OA039,2,1957,346,20.85,
02OA039,2,1957,347,20.8,
02OA039,2,1957,348,20.87,
02OA039,2,1957,349,20.83,
02OA039,2,1957,350,20.86,
02OA039,2,1957,351,20.83,
02OA039,2,1957,352,20.84,
02OA039,2,1957,353,20.84,
02OA039,2,1957,354,20.92,
02OA039,2,1957,355,21.03,
02OA039,2,1957,356,21.09,
02OA039,2,1957,357,21.07,
02OA039,2,1957,358,21.21,
02OA039,2,1957,359,21.04,
02OA039,2,1957,360,21.09,
02OA039,2,1957,361,21.23,
02OA039,2,1957,362,21.12,
02OA039,2,1957,363,21.2,
02OA039,2,1957,364,21.11,
02OA039,2,1957,365,21.05,
02OA039,2,1958,1,21.08,
02OA039,2,1958,2,21.09,
02OA039,2,1958,3,20.91,
02OA039,2,1958,4,20.89,
02OA039,2,1958,5,20.99,
02OA039,2,1958,6,21.27,
02OA039,2,1958,7,21.21,
02OA039,2,1958,8,21.13,
02OA039,2,1958,9,21.16,
02OA039,2,1958,10,21.27,
02OA039,2,1958,11,21.2,
02OA039,2,1958,12,21.2,
02OA039,2,1958,13,21.33,
02OA039,2,1958,14,21.33,
02OA039,2,1958,15,21.28,
02OA039,2,1958,16,21.23,
02OA039,2,1958,17,21.25,
02OA039,2,1958,18,21.25,
02OA039,2,1958,19,21.25,
02OA039,2,1958,20,21.37,
02OA039,2,1958,21,21.54,
02OA039,2,1958,22,21.48,
02OA039,2,1958,23,21.4,
02OA039,2,1958,24,21.41,
02OA039,2,1958,25,21.34,
02OA039,2,1958,26,21.04,
02OA039,2,1958,27,20.95,
02OA039,2,1958,28,20.94,
02OA039,2,1958,29,20.93,
02OA039,2,1958,30,20.93,
02OA039,2,1958,31,20.94,
02OA039,2,1958,32,20.93,
02OA039,2,1958,33,20.98,
02OA039,2,1958,34,21.04,
02OA039,2,1958,35,21.08,
02OA039,2,1958,36,21.24,
02OA039,2,1958,37,21.32,
02OA039,2,1958,38,21.25,
02OA039,2,1958,39,21.24,
02OA039,2,1958,40,21.19,
02OA039,2,1958,41,21.11,
02OA039,2,1958,42,21.13,
02OA039,2,1958,43,21.18,
02OA039,2,1958,44,21.11,
02OA039,2,1958,45,21.11,
02OA039,2,1958,46,21.23,
02OA039,2,1958,47,21.28,
02OA039,2,1958,48,21.33,
02OA039,2,1958,49,21.22,
02OA039,2,1958,50,21.2,
02OA039,2,1958,51,21.22,
02OA039,2,1958,52,21.22,
02OA039,2,1958,53,21.04,
02OA039,2,1958,54,20.93,
02OA039,2,1958,55,21.1,
02OA039,2,1958,56,21.07,
02OA039,2,1958,57,20.89,
02OA039,2,1958,58,20.85,
02OA039,2,1958,59,20.75,
02OA039,2,1958,60,20.69,
02OA039,2,1958,61,20.73,
02OA039,2,1958,62,20.79,
02OA039,2,1958,63,20.83,
02OA039,2,1958,64,20.74,
02OA039,2,1958,65,20.73,
02OA039,2,1958,66,20.82,
02OA039,2,1958,67,20.89,
02OA039,2,1958,68,20.79,
02OA039,2,1958,69,20.92,
02OA039,2,1958,70,20.86,
02OA039,2,1958,71,20.81,
02OA039,2,1958,72,20.83,
02OA039,2,1958,73,20.98,
02OA039,2,1958,74,20.98,
02OA039,2,1958,75,20.86,
02OA039,2,1958,76,21.05,
02OA039,2,1958,77,20.98,
02OA039,2,1958,78,20.97,
02OA039,2,1958,79,20.99,
02OA039,2,1958,80,21,
02OA039,2,1958,81,20.96,
02OA039,2,1958,82,20.93,
02OA039,2,1958,83,21.01,
02OA039,2,1958,84,20.99,
02OA039,2,1958,85,21.05,
02OA039,2,1958,86,21.16,
02OA039,2,1958,87,21.31,
02OA039,2,1958,88,21.46,
02OA039,2,1958,89,21.61,
02OA039,2,1958,90,21.6,
02OA039,2,1958,91,21.6,
02OA039,2,1958,92,21.62,
02OA039,2,1958,93,21.6,
02OA039,2,1958,94,21.58,
02OA039,2,1958,95,21.63,
02OA039,2,1958,96,21.46,
02OA039,2,1958,97,21.46,
02OA039,2,1958,98,21.6,
02OA039,2,1958,99,21.37,
02OA039,2,1958,100,21.31,
02OA039,2,1958,101,21.28,
02OA039,2,1958,102,21.28,
02OA039,2,1958,103,21.39,
02OA039,2,1958,104,21.34,
02OA039,2,1958,105,21.3,
02OA039,2,1958,106,21.32,
02OA039,2,1958,107,21.31,
02OA039,2,1958,108,21.42,
02OA039,2,1958,109,21.43,
02OA039,2,1958,110,21.46,
02OA039,2,1958,111,21.45,
02OA039,2,1958,112,21.36,
02OA039,2,1958,113,21.52,
02OA039,2,1958,114,21.42,
02OA039,2,1958,115,21.4,
02OA039,2,1958,116,21.31,
02OA039,2,1958,117,21.27,
02OA039,2,1958,118,21.31,
02OA039,2,1958,119,21.19,
02OA039,2,1958,120,21.28,
02OA039,2,1958,121,21.18,
02OA039,2,1958,122,21.21,
02OA039,2,1958,123,21.17,
02OA039,2,1958,124,21.11,
02OA039,2,1958,125,21.1,
02OA039,2,1958,126,21.07,
02OA039,2,1958,127,21.06,
02OA039,2,1958,128,21.05,
02OA039,2,1958,129,21.11,
02OA039,2,1958,130,21.02,
02OA039,2,1958,131,20.97,
02OA039,2,1958,132,21.02,
02OA039,2,1958,133,21.04,
02OA039,2,1958,134,20.99,
02OA039,2,1958,135,20.98,
02OA039,2,1958,136,20.97,
02OA039,2,1958,137,21,
02OA039,2,1958,138,21,
02OA039,2,1958,139,20.99,
02OA039,2,1958,140,20.95,
02OA039,2,1958,141,20.9,
02OA039,2,1958,142,20.91,
02OA039,2,1958,143,20.91,
02OA039,2,1958,144,20.9,
02OA039,2,1958,145,20.96,
02OA039,2,1958,146,20.94,
02OA039,2,1958,147,20.9,
02OA039,2,1958,148,20.89,
02OA039,2,1958,149,20.95,
02OA039,2,1958,150,20.89,
02OA039,2,1958,151,20.88,
02OA039,2,1958,152,20.92,
02OA039,2,1958,153,20.93,
02OA039,2,1958,154,20.87,
02OA039,2,1958,155,20.95,
02OA039,2,1958,156,20.98,
02OA039,2,1958,157,21.03,
02OA039,2,1958,158,20.92,
02OA039,2,1958,159,20.94,
02OA039,2,1958,160,20.92,
02OA039,2,1958,161,20.92,
02OA039,2,1958,162,20.96,
02OA039,2,1958,163,20.97,
02OA039,2,1958,164,20.97,
02OA039,2,1958,165,20.98,
02OA039,2,1958,166,20.93,
02OA039,2,1958,167,20.91,
02OA039,2,1958,168,20.86,
02OA039,2,1958,169,20.88,
02OA039,2,1958,170,20.86,
02OA039,2,1958,171,20.87,
02OA039,2,1958,172,20.91,
02OA039,2,1958,173,20.9,
02OA039,2,1958,174,20.9,
02OA039,2,1958,175,20.87,
02OA039,2,1958,176,20.88,
02OA039,2,1958,177,20.92,
02OA039,2,1958,178,20.87,
02OA039,2,1958,179,20.79,
02OA039,2,1958,180,20.89,
02OA039,2,1958,181,20.89,
02OA039,2,1958,182,20.83,
02OA039,2,1958,183,20.82,
02OA039,2,1958,184,20.77,
02OA039,2,1958,185,20.83,
02OA039,2,1958,186,20.85,
02OA039,2,1958,187,20.95,
02OA039,2,1958,188,20.94,
02OA039,2,1958,189,20.94,
02OA039,2,1958,190,20.93,
02OA039,2,1958,191,20.89,
02OA039,2,1958,192,20.9,
02OA039,2,1958,193,20.89,
02OA039,2,1958,194,20.87,
02OA039,2,1958,195,20.85,
02OA039,2,1958,196,20.88,
02OA039,2,1958,197,20.88,
02OA039,2,1958,198,20.91,
02OA039,2,1958,199,20.88,
02OA039,2,1958,200,20.95,
02OA039,2,1958,201,20.95,
02OA039,2,1958,202,20.9,
02OA039,2,1958,203,20.87,
02OA039,2,1958,204,20.88,
02OA039,2,1958,205,20.89,
02OA039,2,1958,206,20.86,
02OA039,2,1958,207,20.87,
02OA039,2,1958,208,20.88,
02OA039,2,1958,209,20.91,
02OA039,2,1958,210,20.92,
02OA039,2,1958,211,20.9,
02OA039,2,1958,212,20.85,
02OA039,2,1958,213,20.84,
02OA039,2,1958,214,20.82,
02OA039,2,1958,215,20.82,
02OA039,2,1958,216,20.78,
02OA039,2,1958,217,20.8,
02OA039,2,1958,218,20.77,
02OA039,2,1958,219,20.77,
02OA039,2,1958,220,20.76,
02OA039,2,1958,221,20.79,
02OA039,2,1958,222,20.75,
02OA039,2,1958,223,20.75,
02OA039,2,1958,224,20.74,
02OA039,2,1958,225,20.72,
02OA039,2,1958,226,20.73,
02OA039,2,1958,227,20.74,
02OA039,2,1958,228,20.75,
02OA039,2,1958,229,20.73,
02OA039,2,1958,230,20.73,
02OA039,2,1958,231,20.74,
02OA039,2,1958,232,20.74,
02OA039,2,1958,233,20.78,
02OA039,2,1958,234,20.74,
02OA039,2,1958,235,20.75,
02OA039,2,1958,236,20.77,
02OA039,2,1958,237,20.81,
02OA039,2,1958,238,20.75,
02OA039,2,1958,239,20.75,
02OA039,2,1958,240,20.79,
02OA039,2,1958,241,20.81,
02OA039,2,1958,242,20.77,
02OA039,2,1958,243,20.8,
02OA039,2,1958,244,20.77,
02OA039,2,1958,245,20.71,
02OA039,2,1958,246,20.74,
02OA039,2,1958,247,20.73,
02OA039,2,1958,248,20.74,
02OA039,2,1958,249,20.71,
02OA039,2,1958,250,20.73,
02OA039,2,1958,251,20.75,
02OA039,2,1958,252,20.75,
02OA039,2,1958,253,20.81,
02OA039,2,1958,254,20.75,
02OA039,2,1958,255,20.72,
02OA039,2,1958,256,20.8,
02OA039,2,1958,257,20.77,
02OA039,2,1958,258,20.74,
02OA039,2,1958,259,20.71,
02OA039,2,1958,260,20.72,
02OA039,2,1958,261,20.77,
02OA039,2,1958,262,20.79,
02OA039,2,1958,263,20.81,
02OA039,2,1958,264,20.79,
02OA039,2,1958,265,20.73,
02OA039,2,1958,266,20.72,
02OA039,2,1958,267,20.72,
02OA039,2,1958,268,20.77,
02OA039,2,1958,269,20.79,
02OA039,2,1958,270,20.76,
02OA039,2,1958,271,20.72,
02OA039,2,1958,272,20.75,
02OA039,2,1958,273,20.78,
02OA039,2,1958,274,20.79,
02OA039,2,1958,275,20.72,
02OA039,2,1958,276,20.71,
02OA039,2,1958,277,20.75,
02OA039,2,1958,278,20.79,
02OA039,2,1958,279,20.75,
02OA039,2,1958,280,20.7,
02OA039,2,1958,281,20.71,
02OA039,2,1958,282,20.73,
02OA039,2,1958,283,20.81,
02OA039,2,1958,284,20.83,
02OA039,2,1958,285,20.75,
02OA039,2,1958,286,20.76,
02OA039,2,1958,287,20.81,
02OA039,2,1958,288,20.76,
02OA039,2,1958,289,20.82,
02OA039,2,1958,290,20.84,
02OA039,2,1958,291,20.78,
02OA039,2,1958,292,20.77,
02OA039,2,1958,293,20.75,
02OA039,2,1958,294,20.75,
02OA039,2,1958,295,20.77,
02OA039,2,1958,296,20.76,
02OA039,2,1958,297,20.84,
02OA039,2,1958,298,20.88,
02OA039,2,1958,299,20.92,
02OA039,2,1958,300,20.94,
02OA039,2,1958,301,20.89,
02OA039,2,1958,302,20.86,
02OA039,2,1958,303,20.87,
02OA039,2,1958,304,20.84,
02OA039,2,1958,305,20.79,
02OA039,2,1958,306,20.8,
02OA039,2,1958,307,20.78,
02OA039,2,1958,308,20.73,
02OA039,2,1958,309,20.76,
02OA039,2,1958,310,20.76,
02OA039,2,1958,311,20.75,
02OA039,2,1958,312,20.72,
02OA039,2,1958,313,20.71,
02OA039,2,1958,314,20.71,
02OA039,2,1958,315,20.71,
02OA039,2,1958,316,20.68,
02OA039,2,1958,317,20.7,
02OA039,2,1958,318,20.73,
02OA039,2,1958,319,20.75,
02OA039,2,1958,320,20.74,
02OA039,2,1958,321,20.75,
02OA039,2,1958,322,20.77,
02OA039,2,1958,323,20.82,
02OA039,2,1958,324,20.75,
02OA039,2,1958,325,20.72,
02OA039,2,1958,326,20.7,
02OA039,2,1958,327,20.73,
02OA039,2,1958,328,20.77,
02OA039,2,1958,329,20.75,
02OA039,2,1958,330,20.79,
02OA039,2,1958,331,20.74,
02OA039,2,1958,332,20.74,
02OA039,2,1958,333,20.75,
02OA039,2,1958,334,20.74,
02OA039,2,1958,335,20.74,
02OA039,2,1958,336,20.77,
02OA039,2,1958,337,20.78,
02OA039,2,1958,338,20.79,
02OA039,2,1958,339,20.76,
02OA039,2,1958,340,20.72,
02OA039,2,1958,341,20.71,
02OA039,2,1958,342,20.74,
02OA039,2,1958,343,20.88,
02OA039,2,1958,344,20.93,
02OA039,2,1958,345,21.03,
02OA039,2,1958,346,21.07,
02OA039,2,1958,347,21.12,
02OA039,2,1958,348,21.17,
02OA039,2,1958,349,21.2,
02OA039,2,1958,350,21.16,
02OA039,2,1958,351,21.18,
02OA039,2,1958,352,21.21,
02OA039,2,1958,353,21.16,
02OA039,2,1958,354,21.17,
02OA039,2,1958,355,21.14,
02OA039,2,1958,356,21.19,
02OA039,2,1958,357,21.08,
02OA039,2,1958,358,21.11,
02OA039,2,1958,359,21.14,
02OA039,2,1958,360,21.31,
02OA039,2,1958,361,21.36,
02OA039,2,1958,362,21.3,
02OA039,2,1958,363,21.09,
02OA039,2,1958,364,21.04,
02OA039,2,1958,365,21.08,
02OA039,2,1959,1,21.05,
02OA039,2,1959,2,21.04,
02OA039,2,1959,3,20.85,
02OA039,2,1959,4,20.59,
02OA039,2,1959,5,20.54,
02OA039,2,1959,6,20.57,
02OA039,2,1959,7,20.55,
02OA039,2,1959,8,20.64,
02OA039,2,1959,9,20.64,
02OA039,2,1959,10,20.63,
02OA039,2,1959,11,20.61,
02OA039,2,1959,12,20.79,
02OA039,2,1959,13,20.86,
02OA039,2,1959,14,20.7,
02OA039,2,1959,15,20.6,
02OA039,2,1959,16,20.56,
02OA039,2,1959,17,20.56,
02OA039,2,1959,18,20.59,
02OA039,2,1959,19,20.69,
02OA039,2,1959,20,20.84,
02OA039,2,1959,21,20.85,
02OA039,2,1959,22,20.64,
02OA039,2,1959,23,20.61,
02OA039,2,1959,24,20.82,
02OA039,2,1959,25,20.96,
02OA039,2,1959,26,21,
02OA039,2,1959,27,21.04,
02OA039,2,1959,28,21.04,
02OA039,2,1959,29,21.04,
02OA039,2,1959,30,20.96,
02OA039,2,1959,31,20.89,
02OA039,2,1959,32,21.03,
02OA039,2,1959,33,21.14,
02OA039,2,1959,34,21.22,
02OA039,2,1959,35,21.13,
02OA039,2,1959,36,20.96,
02OA039,2,1959,37,20.94,
02OA039,2,1959,38,21.08,
02OA039,2,1959,39,21.13,
02OA039,2,1959,40,21.16,
02OA039,2,1959,41,21.11,
02OA039,2,1959,42,21.07,
02OA039,2,1959,43,21.1,
02OA039,2,1959,44,20.96,
02OA039,2,1959,45,20.7,
02OA039,2,1959,46,20.67,
02OA039,2,1959,47,20.74,
02OA039,2,1959,48,20.67,
02OA039,2,1959,49,20.65,
02OA039,2,1959,50,20.67,
02OA039,2,1959,51,20.76,
02OA039,2,1959,52,20.87,
02OA039,2,1959,53,20.89,
02OA039,2,1959,54,21.03,
02OA039,2,1959,55,21.03,
02OA039,2,1959,56,20.97,
02OA039,2,1959,57,20.92,
02OA039,2,1959,58,20.75,
02OA039,2,1959,59,20.66,
02OA039,2,1959,60,20.57,
02OA039,2,1959,61,20.54,
02OA039,2,1959,62,20.56,
02OA039,2,1959,63,20.53,
02OA039,2,1959,64,20.55,
02OA039,2,1959,65,20.62,
02OA039,2,1959,66,20.58,
02OA039,2,1959,67,20.73,
02OA039,2,1959,68,20.83,
02OA039,2,1959,69,20.83,
02OA039,2,1959,70,20.72,
02OA039,2,1959,71,20.71,
02OA039,2,1959,72,20.74,
02OA039,2,1959,73,20.71,
02OA039,2,1959,74,20.68,
02OA039,2,1959,75,20.61,
02OA039,2,1959,76,20.57,
02OA039,2,1959,77,20.68,
02OA039,2,1959,78,20.75,
02OA039,2,1959,79,20.7,
02OA039,2,1959,80,20.77,
02OA039,2,1959,81,20.87,
02OA039,2,1959,82,20.97,
02OA039,2,1959,83,20.99,
02OA039,2,1959,84,20.85,
02OA039,2,1959,85,20.93,
02OA039,2,1959,86,20.93,
02OA039,2,1959,87,20.97,
02OA039,2,1959,88,21.02,
02OA039,2,1959,89,20.91,
02OA039,2,1959,90,21,
02OA039,2,1959,91,21.13,
02OA039,2,1959,92,21.23,
02OA039,2,1959,93,21.37,
02OA039,2,1959,94,21.53,
02OA039,2,1959,95,21.59,
02OA039,2,1959,96,21.66,
02OA039,2,1959,97,21.67,
02OA039,2,1959,98,21.7,
02OA039,2,1959,99,21.78,
02OA039,2,1959,100,21.81,
02OA039,2,1959,101,21.8,
02OA039,2,1959,102,21.76,
02OA039,2,1959,103,21.58,
02OA039,2,1959,104,21.59,
02OA039,2,1959,105,21.4,
02OA039,2,1959,106,21.48,
02OA039,2,1959,107,21.54,
02OA039,2,1959,108,21.49,
02OA039,2,1959,109,21.47,
02OA039,2,1959,110,21.52,
02OA039,2,1959,111,21.54,
02OA039,2,1959,112,21.56,
02OA039,2,1959,113,21.56,
02OA039,2,1959,114,21.58,
02OA039,2,1959,115,21.48,
02OA039,2,1959,116,21.53,
02OA039,2,1959,117,21.52,
02OA039,2,1959,118,21.53,
02OA039,2,1959,119,21.57,
02OA039,2,1959,120,21.56,
02OA039,2,1959,121,21.52,
02OA039,2,1959,122,21.49,
02OA039,2,1959,123,21.5,
02OA039,2,1959,124,21.52,
02OA039,2,1959,125,21.47,
02OA039,2,1959,126,21.52,
02OA039,2,1959,127,21.52,
02OA039,2,1959,128,21.42,
02OA039,2,1959,129,21.55,
02OA039,2,1959,130,21.46,
02OA039,2,1959,131,21.38,
02OA039,2,1959,132,21.46,
02OA039,2,1959,133,21.38,
02OA039,2,1959,134,21.45,
02OA039,2,1959,135,21.39,
02OA039,2,1959,136,21.41,
02OA039,2,1959,137,21.43,
02OA039,2,1959,138,21.38,
02OA039,2,1959,139,21.36,
02OA039,2,1959,140,21.34,
02OA039,2,1959,141,21.36,
02OA039,2,1959,142,21.36,
02OA039,2,1959,143,21.3,
02OA039,2,1959,144,21.45,
02OA039,2,1959,145,21.3,
02OA039,2,1959,146,21.23,
02OA039,2,1959,147,21.26,
02OA039,2,1959,148,21.25,
02OA039,2,1959,149,21.25,
02OA039,2,1959,150,21.21,
02OA039,2,1959,151,21.22,
02OA039,2,1959,152,21.27,
02OA039,2,1959,153,21.21,
02OA039,2,1959,154,21.24,
02OA039,2,1959,155,21.24,
02OA039,2,1959,156,21.25,
02OA039,2,1959,157,21.23,
02OA039,2,1959,158,21.21,
02OA039,2,1959,159,21.21,
02OA039,2,1959,160,21.17,
02OA039,2,1959,161,21.19,
02OA039,2,1959,162,21.14,
02OA039,2,1959,163,21.21,
02OA039,2,1959,164,21.21,
02OA039,2,1959,165,21.17,
02OA039,2,1959,166,21.19,
02OA039,2,1959,167,21.15,
02OA039,2,1959,168,21.19,
02OA039,2,1959,169,21.25,
02OA039,2,1959,170,21.22,
02OA039,2,1959,171,21.22,
02OA039,2,1959,172,21.21,
02OA039,2,1959,173,21.21,
02OA039,2,1959,174,21.18,
02OA039,2,1959,175,21.13,
02OA039,2,1959,176,21.14,
02OA039,2,1959,177,21.19,
02OA039,2,1959,178,21.13,
02OA039,2,1959,179,21.15,
02OA039,2,1959,180,21.16,
02OA039,2,1959,181,21.13,
02OA039,2,1959,182,21.11,
02OA039,2,1959,183,21.14,
02OA039,2,1959,184,21.07,
02OA039,2,1959,185,21.09,
02OA039,2,1959,186,21.04,
02OA039,2,1959,187,21.08,
02OA039,2,1959,188,21.1,
02OA039,2,1959,189,21.11,
02OA039,2,1959,190,21.08,
02OA039,2,1959,191,21.07,
02OA039,2,1959,192,21.05,
02OA039,2,1959,193,21.07,
02OA039,2,1959,194,21.05,
02OA039,2,1959,195,20.99,
02OA039,2,1959,196,21.02,
02OA039,2,1959,197,21.01,
02OA039,2,1959,198,21.03,
02OA039,2,1959,199,21.02,
02OA039,2,1959,200,21.03,
02OA039,2,1959,201,21,
02OA039,2,1959,202,21.02,
02OA039,2,1959,203,21.05,
02OA039,2,1959,204,21,
02OA039,2,1959,205,20.96,
02OA039,2,1959,206,20.91,
02OA039,2,1959,207,20.86,
02OA039,2,1959,208,20.91,
02OA039,2,1959,209,20.83,
02OA039,2,1959,210,20.89,
02OA039,2,1959,211,20.88,
02OA039,2,1959,212,20.9,
02OA039,2,1959,213,20.86,
02OA039,2,1959,214,20.83,
02OA039,2,1959,215,20.84,
02OA039,2,1959,216,20.85,
02OA039,2,1959,217,20.84,
02OA039,2,1959,218,20.82,
02OA039,2,1959,219,20.82,
02OA039,2,1959,220,20.84,
02OA039,2,1959,221,20.82,
02OA039,2,1959,222,20.87,
02OA039,2,1959,223,20.89,
02OA039,2,1959,224,20.89,
02OA039,2,1959,225,20.86,
02OA039,2,1959,226,20.72,
02OA039,2,1959,227,20.78,
02OA039,2,1959,228,20.79,
02OA039,2,1959,229,20.79,
02OA039,2,1959,230,20.73,
02OA039,2,1959,231,20.72,
02OA039,2,1959,232,20.74,
02OA039,2,1959,233,20.78,
02OA039,2,1959,234,20.79,
02OA039,2,1959,235,20.78,
02OA039,2,1959,236,20.78,
02OA039,2,1959,237,20.75,
02OA039,2,1959,238,20.76,
02OA039,2,1959,239,20.77,
02OA039,2,1959,240,20.76,
02OA039,2,1959,241,20.79,
02OA039,2,1959,242,20.78,
02OA039,2,1959,243,20.8,
02OA039,2,1959,244,20.78,
02OA039,2,1959,245,20.77,
02OA039,2,1959,246,20.83,
02OA039,2,1959,247,20.82,
02OA039,2,1959,248,20.83,
02OA039,2,1959,249,20.79,
02OA039,2,1959,250,20.77,
02OA039,2,1959,251,20.75,
02OA039,2,1959,252,20.75,
02OA039,2,1959,253,20.72,
02OA039,2,1959,254,20.71,
02OA039,2,1959,255,20.69,
02OA039,2,1959,256,20.68,
02OA039,2,1959,257,20.71,
02OA039,2,1959,258,20.69,
02OA039,2,1959,259,20.69,
02OA039,2,1959,260,20.66,
02OA039,2,1959,261,20.66,
02OA039,2,1959,262,20.64,
02OA039,2,1959,263,20.65,
02OA039,2,1959,264,20.65,
02OA039,2,1959,265,20.61,
02OA039,2,1959,266,20.61,
02OA039,2,1959,267,20.61,
02OA039,2,1959,268,20.6,
02OA039,2,1959,269,20.6,
02OA039,2,1959,270,20.59,
02OA039,2,1959,271,20.59,
02OA039,2,1959,272,20.6,
02OA039,2,1959,273,20.59,
02OA039,2,1959,274,20.58,
02OA039,2,1959,275,20.58,
02OA039,2,1959,276,20.58,
02OA039,2,1959,277,20.59,
02OA039,2,1959,278,20.59,
02OA039,2,1959,279,20.58,
02OA039,2,1959,280,20.61,
02OA039,2,1959,281,20.62,
02OA039,2,1959,282,20.67,
02OA039,2,1959,283,20.68,
02OA039,2,1959,284,20.63,
02OA039,2,1959,285,20.65,
02OA039,2,1959,286,20.56,
02OA039,2,1959,287,20.53,
02OA039,2,1959,288,20.55,
02OA039,2,1959,289,20.58,
02OA039,2,1959,290,20.53,
02OA039,2,1959,291,20.53,
02OA039,2,1959,292,20.5,
02OA039,2,1959,293,20.51,
02OA039,2,1959,294,20.53,
02OA039,2,1959,295,20.56,
02OA039,2,1959,296,20.61,
02OA039,2,1959,297,20.62,
02OA039,2,1959,298,20.69,
02OA039,2,1959,299,20.67,
02OA039,2,1959,300,20.67,
02OA039,2,1959,301,20.7,
02OA039,2,1959,302,20.74,
02OA039,2,1959,303,20.71,
02OA039,2,1959,304,20.68,
02OA039,2,1959,305,20.74,
02OA039,2,1959,306,20.77,
02OA039,2,1959,307,20.71,
02OA039,2,1959,308,20.73,
02OA039,2,1959,309,20.74,
02OA039,2,1959,310,20.81,
02OA039,2,1959,311,20.76,
02OA039,2,1959,312,20.76,
02OA039,2,1959,313,20.81,
02OA039,2,1959,314,20.78,
02OA039,2,1959,315,20.79,
02OA039,2,1959,316,20.8,
02OA039,2,1959,317,20.77,
02OA039,2,1959,318,20.82,
02OA039,2,1959,319,20.79,
02OA039,2,1959,320,20.83,
02OA039,2,1959,321,20.87,
02OA039,2,1959,322,20.88,
02OA039,2,1959,323,20.87,
02OA039,2,1959,324,20.86,
02OA039,2,1959,325,20.86,
02OA039,2,1959,326,20.88,
02OA039,2,1959,327,20.91,
02OA039,2,1959,328,20.9,
02OA039,2,1959,329,20.91,
02OA039,2,1959,330,20.89,
02OA039,2,1959,331,20.89,
02OA039,2,1959,332,20.88,
02OA039,2,1959,333,20.87,
02OA039,2,1959,334,20.84,
02OA039,2,1959,335,20.85,
02OA039,2,1959,336,20.85,
02OA039,2,1959,337,20.86,
02OA039,2,1959,338,20.87,
02OA039,2,1959,339,20.88,
02OA039,2,1959,340,20.88,
02OA039,2,1959,341,20.91,
02OA039,2,1959,342,21.14,
02OA039,2,1959,343,21.04,
02OA039,2,1959,344,21.01,
02OA039,2,1959,345,20.95,
02OA039,2,1959,346,20.94,
02OA039,2,1959,347,20.96,
02OA039,2,1959,348,20.91,
02OA039,2,1959,349,20.9,
02OA039,2,1959,350,20.97,
02OA039,2,1959,351,20.95,
02OA039,2,1959,352,21,
02OA039,2,1959,353,21.02,
02OA039,2,1959,354,21.03,
02OA039,2,1959,355,21,
02OA039,2,1959,356,20.97,
02OA039,2,1959,357,20.96,
02OA039,2,1959,358,21.07,
02OA039,2,1959,359,21.13,
02OA039,2,1959,360,21.24,
02OA039,2,1959,361,21.24,
02OA039,2,1959,362,21.2,
02OA039,2,1959,363,21.2,
02OA039,2,1959,364,21.22,
02OA039,2,1959,365,21.21,
02OA039,2,1960,1,21.23,
02OA039,2,1960,2,21.33,
02OA039,2,1960,3,21.28,
02OA039,2,1960,4,21.07,
02OA039,2,1960,5,21.05,
02OA039,2,1960,6,21.19,
02OA039,2,1960,7,21.33,
02OA039,2,1960,8,21.36,
02OA039,2,1960,9,21.43,
02OA039,2,1960,10,21.49,
02OA039,2,1960,11,21.4,
02OA039,2,1960,12,21.37,
02OA039,2,1960,13,21.33,
02OA039,2,1960,14,21.29,
02OA039,2,1960,15,21.17,
02OA039,2,1960,16,21.13,
02OA039,2,1960,17,21.21,
02OA039,2,1960,18,21.35,
02OA039,2,1960,19,21.35,
02OA039,2,1960,20,21.29,
02OA039,2,1960,21,21.24,
02OA039,2,1960,22,21.23,
02OA039,2,1960,23,21.26,
02OA039,2,1960,24,21.29,
02OA039,2,1960,25,21.25,
02OA039,2,1960,26,21.19,
02OA039,2,1960,27,21.18,
02OA039,2,1960,28,21.26,
02OA039,2,1960,29,21.35,
02OA039,2,1960,30,21.48,
02OA039,2,1960,31,21.57,
02OA039,2,1960,32,21.63,
02OA039,2,1960,33,21.59,
02OA039,2,1960,34,21.39,
02OA039,2,1960,35,21.3,
02OA039,2,1960,36,21.23,
02OA039,2,1960,37,21.17,
02OA039,2,1960,38,20.98,
02OA039,2,1960,39,20.93,
02OA039,2,1960,40,21.04,
02OA039,2,1960,41,21.06,
02OA039,2,1960,42,21,
02OA039,2,1960,43,20.93,
02OA039,2,1960,44,21.07,
02OA039,2,1960,45,21.25,
02OA039,2,1960,46,21.18,
02OA039,2,1960,47,21.2,
02OA039,2,1960,48,21.12,
02OA039,2,1960,49,21,
02OA039,2,1960,50,21.02,
02OA039,2,1960,51,21.08,
02OA039,2,1960,52,21.07,
02OA039,2,1960,53,21.13,
02OA039,2,1960,54,21.07,
02OA039,2,1960,55,21.12,
02OA039,2,1960,56,21.18,
02OA039,2,1960,57,21.11,
02OA039,2,1960,58,21,
02OA039,2,1960,59,21.08,
02OA039,2,1960,60,21.08,
02OA039,2,1960,61,21.14,
02OA039,2,1960,62,21.28,
02OA039,2,1960,63,21.42,
02OA039,2,1960,64,21.52,
02OA039,2,1960,65,21.44,
02OA039,2,1960,66,21.23,
02OA039,2,1960,67,21.15,
02OA039,2,1960,68,21.17,
02OA039,2,1960,69,21.17,
02OA039,2,1960,70,21.17,
02OA039,2,1960,71,21.22,
02OA039,2,1960,72,21.21,
02OA039,2,1960,73,21.09,
02OA039,2,1960,74,21.03,
02OA039,2,1960,75,21.02,
02OA039,2,1960,76,21.02,
02OA039,2,1960,77,21.07,
02OA039,2,1960,78,21.07,
02OA039,2,1960,79,21.05,
02OA039,2,1960,80,21.01,
02OA039,2,1960,81,20.98,
02OA039,2,1960,82,21,
02OA039,2,1960,83,21,
02OA039,2,1960,84,21,
02OA039,2,1960,85,20.97,
02OA039,2,1960,86,21.07,
02OA039,2,1960,87,21.05,
02OA039,2,1960,88,20.95,
02OA039,2,1960,89,20.88,
02OA039,2,1960,90,20.88,
02OA039,2,1960,91,20.92,
02OA039,2,1960,92,21.03,
02OA039,2,1960,93,21.3,
02OA039,2,1960,94,21.43,
02OA039,2,1960,95,21.53,
02OA039,2,1960,96,21.88,
02OA039,2,1960,97,21.99,
02OA039,2,1960,98,21.92,
02OA039,2,1960,99,21.92,
02OA039,2,1960,100,21.98,
02OA039,2,1960,101,21.98,
02OA039,2,1960,102,21.85,
02OA039,2,1960,103,21.9,
02OA039,2,1960,104,22.06,
02OA039,2,1960,105,22.04,
02OA039,2,1960,106,22.11,
02OA039,2,1960,107,22.15,
02OA039,2,1960,108,22.17,
02OA039,2,1960,109,22.18,
02OA039,2,1960,110,22.14,
02OA039,2,1960,111,22.12,
02OA039,2,1960,112,22.16,
02OA039,2,1960,113,22.3,
02OA039,2,1960,114,22.33,
02OA039,2,1960,115,22.29,
02OA039,2,1960,116,22.24,
02OA039,2,1960,117,22.17,
02OA039,2,1960,118,22.11,
02OA039,2,1960,119,22.14,
02OA039,2,1960,120,22.14,
02OA039,2,1960,121,22.16,
02OA039,2,1960,122,22.12,
02OA039,2,1960,123,22.06,
02OA039,2,1960,124,22.02,
02OA039,2,1960,125,22.02,
02OA039,2,1960,126,22.04,
02OA039,2,1960,127,21.99,
02OA039,2,1960,128,21.97,
02OA039,2,1960,129,21.96,
02OA039,2,1960,130,21.95,
02OA039,2,1960,131,21.85,
02OA039,2,1960,132,21.95,
02OA039,2,1960,133,22.03,
02OA039,2,1960,134,22.09,
02OA039,2,1960,135,22.18,
02OA039,2,1960,136,22.24,
02OA039,2,1960,137,22.25,
02OA039,2,1960,138,22.33,
02OA039,2,1960,139,22.35,
02OA039,2,1960,140,22.34,
02OA039,2,1960,141,22.33,
02OA039,2,1960,142,22.3,
02OA039,2,1960,143,22.27,
02OA039,2,1960,144,22.26,
02OA039,2,1960,145,22.21,
02OA039,2,1960,146,22.16,
02OA039,2,1960,147,22.1,
02OA039,2,1960,148,22.03,
02OA039,2,1960,149,22,
02OA039,2,1960,150,21.9,
02OA039,2,1960,151,21.85,
02OA039,2,1960,152,21.73,
02OA039,2,1960,153,21.72,
02OA039,2,1960,154,21.78,
02OA039,2,1960,155,21.79,
02OA039,2,1960,156,21.71,
02OA039,2,1960,157,21.6,
02OA039,2,1960,158,21.53,
02OA039,2,1960,159,21.44,
02OA039,2,1960,160,21.45,
02OA039,2,1960,161,21.44,
02OA039,2,1960,162,21.48,
02OA039,2,1960,163,21.49,
02OA039,2,1960,164,21.4,
02OA039,2,1960,165,21.44,
02OA039,2,1960,166,21.33,
02OA039,2,1960,167,21.39,
02OA039,2,1960,168,21.52,
02OA039,2,1960,169,21.58,
02OA039,2,1960,170,21.58,
02OA039,2,1960,171,21.55,
02OA039,2,1960,172,21.59,
02OA039,2,1960,173,21.59,
02OA039,2,1960,174,21.55,
02OA039,2,1960,175,21.59,
02OA039,2,1960,176,21.62,
02OA039,2,1960,177,21.64,
02OA039,2,1960,178,21.64,
02OA039,2,1960,179,21.68,
02OA039,2,1960,180,21.65,
02OA039,2,1960,181,21.73,
02OA039,2,1960,182,21.67,
02OA039,2,1960,183,21.55,
02OA039,2,1960,184,21.56,
02OA039,2,1960,185,21.58,
02OA039,2,1960,186,21.6,
02OA039,2,1960,187,21.58,
02OA039,2,1960,188,21.58,
02OA039,2,1960,189,21.6,
02OA039,2,1960,190,21.63,
02OA039,2,1960,191,21.59,
02OA039,2,1960,192,21.55,
02OA039,2,1960,193,21.6,
02OA039,2,1960,194,21.57,
02OA039,2,1960,195,21.55,
02OA039,2,1960,196,21.56,
02OA039,2,1960,197,21.58,
02OA039,2,1960,198,21.55,
02OA039,2,1960,199,21.49,
02OA039,2,1960,200,21.53,
02OA039,2,1960,201,21.51,
02OA039,2,1960,202,21.48,
02OA039,2,1960,203,21.48,
02OA039,2,1960,204,21.46,
02OA039,2,1960,205,21.49,
02OA039,2,1960,206,21.47,
02OA039,2,1960,207,21.48,
02OA039,2,1960,208,21.45,
02OA039,2,1960,209,21.46,
02OA039,2,1960,210,21.39,
02OA039,2,1960,211,21.37,
02OA039,2,1960,212,21.4,
02OA039,2,1960,213,21.41,
02OA039,2,1960,214,21.4,
02OA039,2,1960,215,21.41,
02OA039,2,1960,216,21.42,
02OA039,2,1960,217,21.43,
02OA039,2,1960,218,21.4,
02OA039,2,1960,219,21.39,
02OA039,2,1960,220,21.38,
02OA039,2,1960,221,21.45,
02OA039,2,1960,222,21.35,
02OA039,2,1960,223,21.37,
02OA039,2,1960,224,21.34,
02OA039,2,1960,225,21.3,
02OA039,2,1960,226,21.25,
02OA039,2,1960,227,21.21,
02OA039,2,1960,228,21.19,
02OA039,2,1960,229,21.23,
02OA039,2,1960,230,21.25,
02OA039,2,1960,231,21.24,
02OA039,2,1960,232,21.2,
02OA039,2,1960,233,21.14,
02OA039,2,1960,234,21.18,
02OA039,2,1960,235,21.17,
02OA039,2,1960,236,21.11,
02OA039,2,1960,237,21.11,
02OA039,2,1960,238,21.14,
02OA039,2,1960,239,21.08,
02OA039,2,1960,240,21.1,
02OA039,2,1960,241,21.05,
02OA039,2,1960,242,21.05,
02OA039,2,1960,243,21.07,
02OA039,2,1960,244,21.09,
02OA039,2,1960,245,21.07,
02OA039,2,1960,246,21.05,
02OA039,2,1960,247,21.04,
02OA039,2,1960,248,21.02,
02OA039,2,1960,249,20.94,
02OA039,2,1960,250,20.94,
02OA039,2,1960,251,20.95,
02OA039,2,1960,252,20.91,
02OA039,2,1960,253,20.86,
02OA039,2,1960,254,20.85,
02OA039,2,1960,255,20.86,
02OA039,2,1960,256,20.83,
02OA039,2,1960,257,20.86,
02OA039,2,1960,258,20.86,
02OA039,2,1960,259,20.85,
02OA039,2,1960,260,20.81,
02OA039,2,1960,261,20.83,
02OA039,2,1960,262,20.85,
02OA039,2,1960,263,20.8,
02OA039,2,1960,264,20.78,
02OA039,2,1960,265,20.78,
02OA039,2,1960,266,20.8,
02OA039,2,1960,267,20.8,
02OA039,2,1960,268,20.82,
02OA039,2,1960,269,20.82,
02OA039,2,1960,270,20.82,
02OA039,2,1960,271,20.79,
02OA039,2,1960,272,20.77,
02OA039,2,1960,273,20.79,
02OA039,2,1960,274,20.78,
02OA039,2,1960,275,20.76,
02OA039,2,1960,276,20.78,
02OA039,2,1960,277,20.76,
02OA039,2,1960,278,20.75,
02OA039,2,1960,279,20.75,
02OA039,2,1960,280,20.74,
02OA039,2,1960,281,20.68,
02OA039,2,1960,282,20.66,
02OA039,2,1960,283,20.62,
02OA039,2,1960,284,20.55,
02OA039,2,1960,285,20.49,
02OA039,2,1960,286,20.45,
02OA039,2,1960,287,20.44,
02OA039,2,1960,288,20.45,
02OA039,2,1960,289,20.48,
02OA039,2,1960,290,20.48,
02OA039,2,1960,291,20.45,
02OA039,2,1960,292,20.42,
02OA039,2,1960,293,20.43,
02OA039,2,1960,294,20.43,
02OA039,2,1960,295,20.43,
02OA039,2,1960,296,20.45,
02OA039,2,1960,297,20.49,
02OA039,2,1960,298,20.48,
02OA039,2,1960,299,20.48,
02OA039,2,1960,300,20.5,
02OA039,2,1960,301,20.5,
02OA039,2,1960,302,20.51,
02OA039,2,1960,303,20.56,
02OA039,2,1960,304,20.51,
02OA039,2,1960,305,20.5,
02OA039,2,1960,306,20.48,
02OA039,2,1960,307,20.5,
02OA039,2,1960,308,20.52,
02OA039,2,1960,309,20.55,
02OA039,2,1960,310,20.55,
02OA039,2,1960,311,20.54,
02OA039,2,1960,312,20.52,
02OA039,2,1960,313,20.54,
02OA039,2,1960,314,20.56,
02OA039,2,1960,315,20.59,
02OA039,2,1960,316,20.58,
02OA039,2,1960,317,20.61,
02OA039,2,1960,318,20.58,
02OA039,2,1960,319,20.56,
02OA039,2,1960,320,20.58,
02OA039,2,1960,321,20.62,
02OA039,2,1960,322,20.63,
02OA039,2,1960,323,20.66,
02OA039,2,1960,324,20.66,
02OA039,2,1960,325,20.65,
02OA039,2,1960,326,20.68,
02OA039,2,1960,327,20.66,
02OA039,2,1960,328,20.71,
02OA039,2,1960,329,20.74,
02OA039,2,1960,330,20.68,
02OA039,2,1960,331,20.69,
02OA039,2,1960,332,20.65,
02OA039,2,1960,333,20.62,
02OA039,2,1960,334,20.7,
02OA039,2,1960,335,20.69,
02OA039,2,1960,336,20.63,
02OA039,2,1960,337,20.65,
02OA039,2,1960,338,20.63,
02OA039,2,1960,339,20.65,
02OA039,2,1960,340,20.64,
02OA039,2,1960,341,20.62,
02OA039,2,1960,342,20.63,
02OA039,2,1960,343,20.63,
02OA039,2,1960,344,20.67,
02OA039,2,1960,345,20.68,
02OA039,2,1960,346,20.58,
02OA039,2,1960,347,20.54,
02OA039,2,1960,348,20.64,
02OA039,2,1960,349,20.75,
02OA039,2,1960,350,20.75,
02OA039,2,1960,351,20.74,
02OA039,2,1960,352,20.69,
02OA039,2,1960,353,20.67,
02OA039,2,1960,354,20.67,
02OA039,2,1960,355,20.68,
02OA039,2,1960,356,20.66,
02OA039,2,1960,357,20.65,
02OA039,2,1960,358,20.7,
02OA039,2,1960,359,20.89,
02OA039,2,1960,360,21.05,
02OA039,2,1960,361,20.93,
02OA039,2,1960,362,20.79,
02OA039,2,1960,363,20.91,
02OA039,2,1960,364,21.13,
02OA039,2,1960,365,21.15,
02OA039,2,1960,366,20.95,
02OA039,2,1961,1,20.87,
02OA039,2,1961,2,20.89,
02OA039,2,1961,3,21,
02OA039,2,1961,4,20.98,
02OA039,2,1961,5,21.07,
02OA039,2,1961,6,21.21,
02OA039,2,1961,7,21.23,
02OA039,2,1961,8,21.06,
02OA039,2,1961,9,20.9,
02OA039,2,1961,10,21.09,
02OA039,2,1961,11,21.24,
02OA039,2,1961,12,21.22,
02OA039,2,1961,13,21.28,
02OA039,2,1961,14,21.37,
02OA039,2,1961,15,21.31,
02OA039,2,1961,16,21.36,
02OA039,2,1961,17,21.39,
02OA039,2,1961,18,21.27,
02OA039,2,1961,19,21.31,
02OA039,2,1961,20,21.36,
02OA039,2,1961,21,21.47,
02OA039,2,1961,22,21.4,
02OA039,2,1961,23,21.25,
02OA039,2,1961,24,21.16,
02OA039,2,1961,25,21.16,
02OA039,2,1961,26,21.35,
02OA039,2,1961,27,21.43,
02OA039,2,1961,28,21.36,
02OA039,2,1961,29,21.22,
02OA039,2,1961,30,21.21,
02OA039,2,1961,31,21.22,
02OA039,2,1961,32,21.23,
02OA039,2,1961,33,21.3,
02OA039,2,1961,34,21.4,
02OA039,2,1961,35,21.45,
02OA039,2,1961,36,21.4,
02OA039,2,1961,37,21.21,
02OA039,2,1961,38,21.13,
02OA039,2,1961,39,21.05,
02OA039,2,1961,40,20.93,
02OA039,2,1961,41,20.82,
02OA039,2,1961,42,20.82,
02OA039,2,1961,43,20.75,
02OA039,2,1961,44,20.76,
02OA039,2,1961,45,20.8,
02OA039,2,1961,46,20.75,
02OA039,2,1961,47,20.81,
02OA039,2,1961,48,20.86,
02OA039,2,1961,49,20.91,
02OA039,2,1961,50,20.73,
02OA039,2,1961,51,20.68,
02OA039,2,1961,52,20.84,
02OA039,2,1961,53,20.77,
02OA039,2,1961,54,20.75,
02OA039,2,1961,55,20.79,
02OA039,2,1961,56,20.76,
02OA039,2,1961,57,20.63,
02OA039,2,1961,58,20.7,
02OA039,2,1961,59,20.87,
02OA039,2,1961,60,20.93,
02OA039,2,1961,61,20.84,
02OA039,2,1961,62,20.79,
02OA039,2,1961,63,20.74,
02OA039,2,1961,64,20.74,
02OA039,2,1961,65,20.88,
02OA039,2,1961,66,20.88,
02OA039,2,1961,67,20.88,
02OA039,2,1961,68,20.89,
02OA039,2,1961,69,20.85,
02OA039,2,1961,70,20.86,
02OA039,2,1961,71,20.89,
02OA039,2,1961,72,20.75,
02OA039,2,1961,73,20.85,
02OA039,2,1961,74,20.85,
02OA039,2,1961,75,20.76,
02OA039,2,1961,76,20.79,
02OA039,2,1961,77,20.77,
02OA039,2,1961,78,20.57,
02OA039,2,1961,79,20.58,
02OA039,2,1961,80,20.71,
02OA039,2,1961,81,20.74,
02OA039,2,1961,82,20.71,
02OA039,2,1961,83,20.7,
02OA039,2,1961,84,20.67,
02OA039,2,1961,85,20.65,
02OA039,2,1961,86,20.67,
02OA039,2,1961,87,20.78,
02OA039,2,1961,88,21.05,
02OA039,2,1961,89,21.22,
02OA039,2,1961,90,21.19,
02OA039,2,1961,91,21.09,
02OA039,2,1961,92,20.92,
02OA039,2,1961,93,20.96,
02OA039,2,1961,94,21.03,
02OA039,2,1961,95,20.97,
02OA039,2,1961,96,20.96,
02OA039,2,1961,97,20.95,
02OA039,2,1961,98,20.87,
02OA039,2,1961,99,20.79,
02OA039,2,1961,100,20.82,
02OA039,2,1961,101,20.93,
02OA039,2,1961,102,20.97,
02OA039,2,1961,103,20.99,
02OA039,2,1961,104,21.04,
02OA039,2,1961,105,21.14,
02OA039,2,1961,106,21.04,
02OA039,2,1961,107,21.17,
02OA039,2,1961,108,21.17,
02OA039,2,1961,109,21.1,
02OA039,2,1961,110,21.11,
02OA039,2,1961,111,21.11,
02OA039,2,1961,112,21.15,
02OA039,2,1961,113,21.18,
02OA039,2,1961,114,21.25,
02OA039,2,1961,115,21.28,
02OA039,2,1961,116,21.26,
02OA039,2,1961,117,21.31,
02OA039,2,1961,118,21.3,
02OA039,2,1961,119,21.36,
02OA039,2,1961,120,21.41,
02OA039,2,1961,121,21.4,
02OA039,2,1961,122,21.49,
02OA039,2,1961,123,21.5,
02OA039,2,1961,124,21.45,
02OA039,2,1961,125,21.38,
02OA039,2,1961,126,21.29,
02OA039,2,1961,127,21.15,
02OA039,2,1961,128,21.17,
02OA039,2,1961,129,21.1,
02OA039,2,1961,130,21.1,
02OA039,2,1961,131,21.06,
02OA039,2,1961,132,21.08,
02OA039,2,1961,133,21.11,
02OA039,2,1961,134,21.12,
02OA039,2,1961,135,21.2,
02OA039,2,1961,136,21.19,
02OA039,2,1961,137,21.15,
02OA039,2,1961,138,21.18,
02OA039,2,1961,139,21.19,
02OA039,2,1961,140,21.32,
02OA039,2,1961,141,21.33,
02OA039,2,1961,142,21.39,
02OA039,2,1961,143,21.38,
02OA039,2,1961,144,21.36,
02OA039,2,1961,145,21.39,
02OA039,2,1961,146,21.39,
02OA039,2,1961,147,21.51,
02OA039,2,1961,148,21.52,
02OA039,2,1961,149,21.53,
02OA039,2,1961,150,21.5,
02OA039,2,1961,151,21.48,
02OA039,2,1961,152,21.5,
02OA039,2,1961,153,21.5,
02OA039,2,1961,154,21.5,
02OA039,2,1961,155,21.48,
02OA039,2,1961,156,21.49,
02OA039,2,1961,157,21.5,
02OA039,2,1961,158,21.51,
02OA039,2,1961,159,21.49,
02OA039,2,1961,160,21.5,
02OA039,2,1961,161,21.46,
02OA039,2,1961,162,21.44,
02OA039,2,1961,163,21.48,
02OA039,2,1961,164,21.45,
02OA039,2,1961,165,21.48,
02OA039,2,1961,166,21.5,
02OA039,2,1961,167,21.52,
02OA039,2,1961,168,21.52,
02OA039,2,1961,169,21.44,
02OA039,2,1961,170,21.43,
02OA039,2,1961,171,21.43,
02OA039,2,1961,172,21.42,
02OA039,2,1961,173,21.46,
02OA039,2,1961,174,21.47,
02OA039,2,1961,175,21.39,
02OA039,2,1961,176,21.41,
02OA039,2,1961,177,21.41,
02OA039,2,1961,178,21.33,
02OA039,2,1961,179,21.36,
02OA039,2,1961,180,21.35,
02OA039,2,1961,181,21.38,
02OA039,2,1961,182,21.33,
02OA039,2,1961,183,21.29,
02OA039,2,1961,184,21.28,
02OA039,2,1961,185,21.31,
02OA039,2,1961,186,21.33,
02OA039,2,1961,187,21.39,
02OA039,2,1961,188,21.33,
02OA039,2,1961,189,21.32,
02OA039,2,1961,190,21.34,
02OA039,2,1961,191,21.33,
02OA039,2,1961,192,21.34,
02OA039,2,1961,193,21.36,
02OA039,2,1961,194,21.35,
02OA039,2,1961,195,21.37,
02OA039,2,1961,196,21.32,
02OA039,2,1961,197,21.21,
02OA039,2,1961,198,21.29,
02OA039,2,1961,199,21.35,
02OA039,2,1961,200,21.33,
02OA039,2,1961,201,21.35,
02OA039,2,1961,202,21.32,
02OA039,2,1961,203,21.36,
02OA039,2,1961,204,21.38,
02OA039,2,1961,205,21.37,
02OA039,2,1961,206,21.29,
02OA039,2,1961,207,21.35,
02OA039,2,1961,208,21.32,
02OA039,2,1961,209,21.32,
02OA039,2,1961,210,21.29,
02OA039,2,1961,211,21.27,
02OA039,2,1961,212,21.26,
02OA039,2,1961,213,21.17,
02OA039,2,1961,214,21.15,
02OA039,2,1961,215,21.15,
02OA039,2,1961,216,21.15,
02OA039,2,1961,217,21.14,
02OA039,2,1961,218,21.11,
02OA039,2,1961,219,21.14,
02OA039,2,1961,220,21.11,
02OA039,2,1961,221,21.11,
02OA039,2,1961,222,21.1,
02OA039,2,1961,223,21.12,
02OA039,2,1961,224,21.08,
02OA039,2,1961,225,21.02,
02OA039,2,1961,226,21.01,
02OA039,2,1961,227,21.06,
02OA039,2,1961,228,21.1,
02OA039,2,1961,229,21.09,
02OA039,2,1961,230,21.08,
02OA039,2,1961,231,21.09,
02OA039,2,1961,232,21.08,
02OA039,2,1961,233,21.05,
02OA039,2,1961,234,21.06,
02OA039,2,1961,235,21.06,
02OA039,2,1961,236,21.06,
02OA039,2,1961,237,21.12,
02OA039,2,1961,238,21.11,
02OA039,2,1961,239,21.12,
02OA039,2,1961,240,21.14,
02OA039,2,1961,241,21.09,
02OA039,2,1961,242,21.09,
02OA039,2,1961,243,21.08,
02OA039,2,1961,244,21.12,
02OA039,2,1961,245,21.17,
02OA039,2,1961,246,21.14,
02OA039,2,1961,247,21.1,
02OA039,2,1961,248,21.1,
02OA039,2,1961,249,21.11,
02OA039,2,1961,250,21.11,
02OA039,2,1961,251,21.11,
02OA039,2,1961,252,21.08,
02OA039,2,1961,253,21.06,
02OA039,2,1961,254,21.03,
02OA039,2,1961,255,21.02,
02OA039,2,1961,256,21.02,
02OA039,2,1961,257,21.03,
02OA039,2,1961,258,21.03,
02OA039,2,1961,259,20.99,
02OA039,2,1961,260,21.02,
02OA039,2,1961,261,21.01,
02OA039,2,1961,262,20.95,
02OA039,2,1961,263,21.03,
02OA039,2,1961,264,21.02,
02OA039,2,1961,265,21.03,
02OA039,2,1961,266,21.04,
02OA039,2,1961,267,21,
02OA039,2,1961,268,20.99,
02OA039,2,1961,269,21,
02OA039,2,1961,270,20.98,
02OA039,2,1961,271,20.91,
02OA039,2,1961,272,20.92,
02OA039,2,1961,273,20.93,
02OA039,2,1961,274,20.93,
02OA039,2,1961,275,21,
02OA039,2,1961,276,20.99,
02OA039,2,1961,277,21,
02OA039,2,1961,278,20.99,
02OA039,2,1961,279,21,
02OA039,2,1961,280,21.02,
02OA039,2,1961,281,21,
02OA039,2,1961,282,20.95,
02OA039,2,1961,283,20.94,
02OA039,2,1961,284,20.94,
02OA039,2,1961,285,20.96,
02OA039,2,1961,286,20.97,
02OA039,2,1961,287,20.92,
02OA039,2,1961,288,20.86,
02OA039,2,1961,289,20.89,
02OA039,2,1961,290,20.85,
02OA039,2,1961,291,20.82,
02OA039,2,1961,292,20.85,
02OA039,2,1961,293,20.88,
02OA039,2,1961,294,20.86,
02OA039,2,1961,295,20.82,
02OA039,2,1961,296,20.82,
02OA039,2,1961,297,20.79,
02OA039,2,1961,298,20.77,
02OA039,2,1961,299,20.82,
02OA039,2,1961,300,20.82,
02OA039,2,1961,301,20.72,
02OA039,2,1961,302,20.66,
02OA039,2,1961,303,20.69,
02OA039,2,1961,304,20.69,
02OA039,2,1961,305,20.66,
02OA039,2,1961,306,20.66,
02OA039,2,1961,307,20.68,
02OA039,2,1961,308,20.69,
02OA039,2,1961,309,20.72,
02OA039,2,1961,310,20.72,
02OA039,2,1961,311,20.7,
02OA039,2,1961,312,20.73,
02OA039,2,1961,313,20.72,
02OA039,2,1961,314,20.69,
02OA039,2,1961,315,20.69,
02OA039,2,1961,316,20.68,
02OA039,2,1961,317,20.66,
02OA039,2,1961,318,20.68,
02OA039,2,1961,319,20.68,
02OA039,2,1961,320,20.69,
02OA039,2,1961,321,20.7,
02OA039,2,1961,322,20.64,
02OA039,2,1961,323,20.63,
02OA039,2,1961,324,20.64,
02OA039,2,1961,325,20.65,
02OA039,2,1961,326,20.68,
02OA039,2,1961,327,20.71,
02OA039,2,1961,328,20.71,
02OA039,2,1961,329,20.69,
02OA039,2,1961,330,20.68,
02OA039,2,1961,331,20.67,
02OA039,2,1961,332,20.67,
02OA039,2,1961,333,20.69,
02OA039,2,1961,334,20.67,
02OA039,2,1961,335,20.67,
02OA039,2,1961,336,20.67,
02OA039,2,1961,337,20.67,
02OA039,2,1961,338,20.69,
02OA039,2,1961,339,20.74,
02OA039,2,1961,340,20.82,
02OA039,2,1961,341,20.86,
02OA039,2,1961,342,20.86,
02OA039,2,1961,343,20.83,
02OA039,2,1961,344,20.8,
02OA039,2,1961,345,20.77,
02OA039,2,1961,346,20.81,
02OA039,2,1961,347,20.82,
02OA039,2,1961,348,20.77,
02OA039,2,1961,349,20.73,
02OA039,2,1961,350,20.73,
02OA039,2,1961,351,20.82,
02OA039,2,1961,352,20.86,
02OA039,2,1961,353,20.91,
02OA039,2,1961,354,20.92,
02OA039,2,1961,355,20.87,
02OA039,2,1961,356,20.83,
02OA039,2,1961,357,20.85,
02OA039,2,1961,358,20.92,
02OA039,2,1961,359,20.94,
02OA039,2,1961,360,20.98,
02OA039,2,1961,361,21.06,
02OA039,2,1961,362,20.88,
02OA039,2,1961,363,20.79,
02OA039,2,1961,364,20.78,
02OA039,2,1961,365,20.7,
02OA039,2,1962,1,20.56,
02OA039,2,1962,2,20.71,
02OA039,2,1962,3,20.83,
02OA039,2,1962,4,20.89,
02OA039,2,1962,5,21.09,
02OA039,2,1962,6,21.09,
02OA039,2,1962,7,21.07,
02OA039,2,1962,8,21.02,
02OA039,2,1962,9,21.02,
02OA039,2,1962,10,21.14,
02OA039,2,1962,11,21.33,
02OA039,2,1962,12,21.42,
02OA039,2,1962,13,21.3,
02OA039,2,1962,14,21.24,
02OA039,2,1962,15,21.14,
02OA039,2,1962,16,21.03,
02OA039,2,1962,17,20.94,
02OA039,2,1962,18,21.13,
02OA039,2,1962,19,21.24,
02OA039,2,1962,20,21.23,
02OA039,2,1962,21,21.25,
02OA039,2,1962,22,21.22,
02OA039,2,1962,23,21.1,
02OA039,2,1962,24,21.19,
02OA039,2,1962,25,21.12,
02OA039,2,1962,26,21.1,
02OA039,2,1962,27,21.12,
02OA039,2,1962,28,21.16,
02OA039,2,1962,29,21.26,
02OA039,2,1962,30,21.34,
02OA039,2,1962,31,21.32,
02OA039,2,1962,32,21.32,
02OA039,2,1962,33,21.23,
02OA039,2,1962,34,21.15,
02OA039,2,1962,35,20.99,
02OA039,2,1962,36,20.84,
02OA039,2,1962,37,20.87,
02OA039,2,1962,38,21.1,
02OA039,2,1962,39,21.13,
02OA039,2,1962,40,21.1,
02OA039,2,1962,41,21.07,
02OA039,2,1962,42,21.03,
02OA039,2,1962,43,20.96,
02OA039,2,1962,44,21.03,
02OA039,2,1962,45,21.05,
02OA039,2,1962,46,21.07,
02OA039,2,1962,47,21.03,
02OA039,2,1962,48,20.91,
02OA039,2,1962,49,20.85,
02OA039,2,1962,50,21.02,
02OA039,2,1962,51,21.14,
02OA039,2,1962,52,21.18,
02OA039,2,1962,53,21.18,
02OA039,2,1962,54,21.1,
02OA039,2,1962,55,20.96,
02OA039,2,1962,56,20.85,
02OA039,2,1962,57,20.94,
02OA039,2,1962,58,20.89,
02OA039,2,1962,59,20.77,
02OA039,2,1962,60,20.78,
02OA039,2,1962,61,20.97,
02OA039,2,1962,62,21.05,
02OA039,2,1962,63,20.98,
02OA039,2,1962,64,20.88,
02OA039,2,1962,65,20.8,
02OA039,2,1962,66,20.81,
02OA039,2,1962,67,20.83,
02OA039,2,1962,68,20.81,
02OA039,2,1962,69,20.74,
02OA039,2,1962,70,20.63,
02OA039,2,1962,71,20.64,
02OA039,2,1962,72,20.72,
02OA039,2,1962,73,20.69,
02OA039,2,1962,74,20.72,
02OA039,2,1962,75,20.72,
02OA039,2,1962,76,20.66,
02OA039,2,1962,77,20.58,
02OA039,2,1962,78,20.61,
02OA039,2,1962,79,20.71,
02OA039,2,1962,80,20.7,
02OA039,2,1962,81,20.71,
02OA039,2,1962,82,20.75,
02OA039,2,1962,83,20.74,
02OA039,2,1962,84,20.66,
02OA039,2,1962,85,20.69,
02OA039,2,1962,86,20.85,
02OA039,2,1962,87,20.86,
02OA039,2,1962,88,20.96,
02OA039,2,1962,89,21.13,
02OA039,2,1962,90,21.34,
02OA039,2,1962,91,21.21,
02OA039,2,1962,92,21.14,
02OA039,2,1962,93,21.14,
02OA039,2,1962,94,21.08,
02OA039,2,1962,95,21.06,
02OA039,2,1962,96,21.07,
02OA039,2,1962,97,21.1,
02OA039,2,1962,98,21.19,
02OA039,2,1962,99,21.44,
02OA039,2,1962,100,21.59,
02OA039,2,1962,101,21.38,
02OA039,2,1962,102,21.27,
02OA039,2,1962,103,21.16,
02OA039,2,1962,104,21.16,
02OA039,2,1962,105,21.14,
02OA039,2,1962,106,21.04,
02OA039,2,1962,107,20.97,
02OA039,2,1962,108,20.92,
02OA039,2,1962,109,20.85,
02OA039,2,1962,110,20.8,
02OA039,2,1962,111,20.81,
02OA039,2,1962,112,20.81,
02OA039,2,1962,113,20.8,
02OA039,2,1962,114,20.78,
02OA039,2,1962,115,20.82,
02OA039,2,1962,116,20.9,
02OA039,2,1962,117,20.91,
02OA039,2,1962,118,20.96,
02OA039,2,1962,119,20.96,
02OA039,2,1962,120,21.03,
02OA039,2,1962,121,21.11,
02OA039,2,1962,122,21.15,
02OA039,2,1962,123,21.14,
02OA039,2,1962,124,21.13,
02OA039,2,1962,125,21.17,
02OA039,2,1962,126,21.21,
02OA039,2,1962,127,21.18,
02OA039,2,1962,128,21.16,
02OA039,2,1962,129,21.16,
02OA039,2,1962,130,21.19,
02OA039,2,1962,131,21.18,
02OA039,2,1962,132,21.18,
02OA039,2,1962,133,21.11,
02OA039,2,1962,134,21.04,
02OA039,2,1962,135,20.96,
02OA039,2,1962,136,20.92,
02OA039,2,1962,137,20.97,
02OA039,2,1962,138,20.99,
02OA039,2,1962,139,20.87,
02OA039,2,1962,140,20.78,
02OA039,2,1962,141,20.78,
02OA039,2,1962,142,20.69,
02OA039,2,1962,143,20.62,
02OA039,2,1962,144,20.65,
02OA039,2,1962,145,20.63,
02OA039,2,1962,146,20.6,
02OA039,2,1962,147,20.54,
02OA039,2,1962,148,20.49,
02OA039,2,1962,149,20.53,
02OA039,2,1962,150,20.53,
02OA039,2,1962,151,20.5,
02OA039,2,1962,152,20.5,
02OA039,2,1962,153,20.54,
02OA039,2,1962,154,20.63,
02OA039,2,1962,155,20.66,
02OA039,2,1962,156,20.7,
02OA039,2,1962,157,20.73,
02OA039,2,1962,158,20.74,
02OA039,2,1962,159,20.78,
02OA039,2,1962,160,20.76,
02OA039,2,1962,161,20.77,
02OA039,2,1962,162,20.78,
02OA039,2,1962,163,20.76,
02OA039,2,1962,164,20.73,
02OA039,2,1962,165,20.7,
02OA039,2,1962,166,20.69,
02OA039,2,1962,167,20.71,
02OA039,2,1962,168,20.71,
02OA039,2,1962,169,20.71,
02OA039,2,1962,170,20.71,
02OA039,2,1962,171,20.7,
02OA039,2,1962,172,20.73,
02OA039,2,1962,173,20.72,
02OA039,2,1962,174,20.73,
02OA039,2,1962,175,20.73,
02OA039,2,1962,176,20.72,
02OA039,2,1962,177,20.71,
02OA039,2,1962,178,20.71,
02OA039,2,1962,179,20.7,
02OA039,2,1962,180,20.69,
02OA039,2,1962,181,20.69,
02OA039,2,1962,182,20.69,
02OA039,2,1962,183,20.67,
02OA039,2,1962,184,20.65,
02OA039,2,1962,185,20.63,
02OA039,2,1962,186,20.64,
02OA039,2,1962,187,20.64,
02OA039,2,1962,188,20.61,
02OA039,2,1962,189,20.6,
02OA039,2,1962,190,20.64,
02OA039,2,1962,191,20.63,
02OA039,2,1962,192,20.62,
02OA039,2,1962,193,20.61,
02OA039,2,1962,194,20.64,
02OA039,2,1962,195,20.65,
02OA039,2,1962,196,20.67,
02OA039,2,1962,197,20.65,
02OA039,2,1962,198,20.62,
02OA039,2,1962,199,20.63,
02OA039,2,1962,200,20.65,
02OA039,2,1962,201,20.64,
02OA039,2,1962,202,20.66,
02OA039,2,1962,203,20.63,
02OA039,2,1962,204,20.62,
02OA039,2,1962,205,20.62,
02OA039,2,1962,206,20.62,
02OA039,2,1962,207,20.69,
02OA039,2,1962,208,20.67,
02OA039,2,1962,209,20.66,
02OA039,2,1962,210,20.67,
02OA039,2,1962,211,20.67,
02OA039,2,1962,212,20.7,
02OA039,2,1962,213,20.72,
02OA039,2,1962,214,20.7,
02OA039,2,1962,215,20.71,
02OA039,2,1962,216,20.72,
02OA039,2,1962,217,20.7,
02OA039,2,1962,218,20.64,
02OA039,2,1962,219,20.63,
02OA039,2,1962,220,20.68,
02OA039,2,1962,221,20.73,
02OA039,2,1962,222,20.76,
02OA039,2,1962,223,20.76,
02OA039,2,1962,224,20.73,
02OA039,2,1962,225,20.68,
02OA039,2,1962,226,20.67,
02OA039,2,1962,227,20.69,
02OA039,2,1962,228,20.67,
02OA039,2,1962,229,20.68,
02OA039,2,1962,230,20.69,
02OA039,2,1962,231,20.67,
02OA039,2,1962,232,20.64,
02OA039,2,1962,233,20.68,
02OA039,2,1962,234,20.69,
02OA039,2,1962,235,,
02OA039,2,1962,236,20.7,
02OA039,2,1962,237,,
02OA039,2,1962,238,,
02OA039,2,1962,239,,
02OA039,2,1962,240,,
02OA039,2,1962,241,,
02OA039,2,1962,242,,
02OA039,2,1962,243,,
02OA039,2,1962,243,,
02OA039,2,1962,244,,
02OA039,2,1962,245,,
02OA039,2,1962,246,,
02OA039,2,1962,247,,
02OA039,2,1962,248,,
02OA039,2,1962,249,,
02OA039,2,1962,250,,
02OA039,2,1962,251,,
02OA039,2,1962,252,,
02OA039,2,1962,253,,
02OA039,2,1962,254,,
02OA039,2,1962,255,,
02OA039,2,1962,256,,
02OA039,2,1962,257,,
02OA039,2,1962,258,,
02OA039,2,1962,259,,
02OA039,2,1962,260,,
02OA039,2,1962,261,,
02OA039,2,1962,262,,
02OA039,2,1962,263,,
02OA039,2,1962,264,,
02OA039,2,1962,265,,
02OA039,2,1962,266,,
02OA039,2,1962,267,,
02OA039,2,1962,268,,
02OA039,2,1962,269,,
02OA039,2,1962,270,,
02OA039,2,1962,271,,
02OA039,2,1962,272,,
02OA039,2,1962,273,,
02OA039,2,1962,274,,
02OA039,2,1962,275,,
02OA039,2,1962,276,,
02OA039,2,1962,277,,
02OA039,2,1962,278,,
02OA039,2,1962,279,,
02OA039,2,1962,280,,
02OA039,2,1962,281,,
02OA039,2,1962,282,,
02OA039,2,1962,283,,
02OA039,2,1962,284,,
02OA039,2,1962,285,,
02OA039,2,1962,286,,
02OA039,2,1962,287,,
02OA039,2,1962,288,,
02OA039,2,1962,289,,
02OA039,2,1962,290,,
02OA039,2,1962,291,,
02OA039,2,1962,292,,
02OA039,2,1962,293,,
02OA039,2,1962,294,,
02OA039,2,1962,295,,
02OA039,2,1962,296,,
02OA039,2,1962,297,,
02OA039,2,1962,298,,
02OA039,2,1962,299,,
02OA039,2,1962,300,,
02OA039,2,1962,301,,
02OA039,2,1962,302,,
02OA039,2,1962,303,,
02OA039,2,1962,304,,
02OA039,2,1962,305,,
02OA039,2,1962,306,,
02OA039,2,1962,307,,
02OA039,2,1962,308,,
02OA039,2,1962,309,,
02OA039,2,1962,310,,
02OA039,2,1962,311,,
02OA039,2,1962,312,,
02OA039,2,1962,313,,
02OA039,2,1962,314,,
02OA039,2,1962,315,,
02OA039,2,1962,316,,
02OA039,2,1962,317,,
02OA039,2,1962,318,,
02OA039,2,1962,319,,
02OA039,2,1962,320,,
02OA039,2,1962,321,,
02OA039,2,1962,322,,
02OA039,2,1962,323,,
02OA039,2,1962,324,,
02OA039,2,1962,325,,
02OA039,2,1962,326,,
02OA039,2,1962,327,,
02OA039,2,1962,328,,
02OA039,2,1962,329,,
02OA039,2,1962,330,,
02OA039,2,1962,331,,
02OA039,2,1962,332,,
02OA039,2,1962,333,,
02OA039,2,1962,334,,
02OA039,2,1962,335,,
02OA039,2,1962,336,,
02OA039,2,1962,337,,
02OA039,2,1962,338,,
02OA039,2,1962,339,,
02OA039,2,1962,340,,
02OA039,2,1962,341,,
02OA039,2,1962,342,,
02OA039,2,1962,343,,
02OA039,2,1962,344,,
02OA039,2,1962,345,,
02OA039,2,1962,346,,
02OA039,2,1962,347,,
02OA039,2,1962,348,,
02OA039,2,1962,349,,
02OA039,2,1962,350,,
02OA039,2,1962,351,,
02OA039,2,1962,352,,
02OA039,2,1962,353,,
02OA039,2,1962,354,,
02OA039,2,1962,355,,
02OA039,2,1962,356,,
02OA039,2,1962,357,,
02OA039,2,1962,358,,
02OA039,2,1962,359,,
02OA039,2,1962,360,,
02OA039,2,1962,361,,
02OA039,2,1962,362,,
02OA039,2,1962,363,,
02OA039,2,1962,364,,
02OA039,2,1963,0,,
02OA039,2,1963,1,,
02OA039,2,1963,2,,
02OA039,2,1963,3,,
02OA039,2,1963,4,,
02OA039,2,1963,5,,
02OA039,2,1963,6,,
02OA039,2,1963,7,,
02OA039,2,1963,8,,
02OA039,2,1963,9,,
02OA039,2,1963,10,,
02OA039,2,1963,11,,
02OA039,2,1963,12,,
02OA039,2,1963,13,,
02OA039,2,1963,14,,
02OA039,2,1963,15,,
02OA039,2,1963,16,,
02OA039,2,1963,17,,
02OA039,2,1963,18,,
02OA039,2,1963,19,,
02OA039,2,1963,20,,
02OA039,2,1963,21,,
02OA039,2,1963,22,,
02OA039,2,1963,23,,
02OA039,2,1963,24,,
02OA039,2,1963,25,,
02OA039,2,1963,26,,
02OA039,2,1963,27,,
02OA039,2,1963,28,,
02OA039,2,1963,29,,
02OA039,2,1963,30,,
02OA039,2,1963,31,,
02OA039,2,1963,32,,
02OA039,2,1963,33,,
02OA039,2,1963,34,,
02OA039,2,1963,35,,
02OA039,2,1963,36,,
02OA039,2,1963,37,,
02OA039,2,1963,38,,
02OA039,2,1963,39,,
02OA039,2,1963,40,,
02OA039,2,1963,41,,
02OA039,2,1963,42,,
02OA039,2,1963,43,,
02OA039,2,1963,44,,
02OA039,2,1963,45,,
02OA039,2,1963,46,,
02OA039,2,1963,47,,
02OA039,2,1963,48,,
02OA039,2,1963,49,,
02OA039,2,1963,50,,
02OA039,2,1963,51,,
02OA039,2,1963,52,,
02OA039,2,1963,53,,
02OA039,2,1963,54,,
02OA039,2,1963,55,,
02OA039,2,1963,56,,
02OA039,2,1963,57,,
02OA039,2,1963,58,,
02OA039,2,1963,59,,
02OA039,2,1963,60,,
02OA039,2,1963,61,,
02OA039,2,1963,62,,
02OA039,2,1963,63,,
02OA039,2,1963,64,,
02OA039,2,1963,65,,
02OA039,2,1963,66,,
02OA039,2,1963,67,,
02OA039,2,1963,68,,
02OA039,2,1963,69,,
02OA039,2,1963,70,,
02OA039,2,1963,71,,
02OA039,2,1963,72,,
02OA039,2,1963,73,,
02OA039,2,1963,74,,
02OA039,2,1963,75,,
02OA039,2,1963,76,,
02OA039,2,1963,77,,
02OA039,2,1963,78,,
02OA039,2,1963,79,,
02OA039,2,1963,80,,
02OA039,2,1963,81,,
02OA039,2,1963,82,,
02OA039,2,1963,83,,
02OA039,2,1963,84,,
02OA039,2,1963,85,,
02OA039,2,1963,86,,
02OA039,2,1963,87,,
02OA039,2,1963,88,,
02OA039,2,1963,89,,
02OA039,2,1963,90,,
02OA039,2,1963,91,,
02OA039,2,1963,92,,
02OA039,2,1963,93,,
02OA039,2,1963,94,,
02OA039,2,1963,95,,
02OA039,2,1963,96,,
02OA039,2,1963,97,,
02OA039,2,1963,98,,
02OA039,2,1963,99,,
02OA039,2,1963,100,,
02OA039,2,1963,101,,
02OA039,2,1963,102,,
02OA039,2,1963,103,,
02OA039,2,1963,104,,
02OA039,2,1963,105,,
02OA039,2,1963,106,,
02OA039,2,1963,107,,
02OA039,2,1963,108,,
02OA039,2,1963,109,,
02OA039,2,1963,110,,
02OA039,2,1963,111,,
02OA039,2,1963,112,,
02OA039,2,1963,113,,
02OA039,2,1963,114,,
02OA039,2,1963,115,,
02OA039,2,1963,116,,
02OA039,2,1963,117,,
02OA039,2,1963,118,,
02OA039,2,1963,119,,
02OA039,2,1963,120,,
02OA039,2,1963,121,,
02OA039,2,1963,122,,
02OA039,2,1963,123,,
02OA039,2,1963,124,,
02OA039,2,1963,125,,
02OA039,2,1963,126,,
02OA039,2,1963,127,,
02OA039,2,1963,128,,
02OA039,2,1963,129,,
02OA039,2,1963,130,,
02OA039,2,1963,131,,
02OA039,2,1963,132,,
02OA039,2,1963,133,,
02OA039,2,1963,134,,
02OA039,2,1963,135,,
02OA039,2,1963,136,,
02OA039,2,1963,137,,
02OA039,2,1963,138,,
02OA039,2,1963,139,,
02OA039,2,1963,140,,
02OA039,2,1963,141,,
02OA039,2,1963,142,,
02OA039,2,1963,143,,
02OA039,2,1963,144,,
02OA039,2,1963,145,,
02OA039,2,1963,146,,
02OA039,2,1963,147,,
02OA039,2,1963,148,,
02OA039,2,1963,149,,
02OA039,2,1963,150,,
02OA039,2,1963,152,20.55,
02OA039,2,1963,153,20.62,
02OA039,2,1963,154,20.59,
02OA039,2,1963,155,20.57,
02OA039,2,1963,156,20.59,
02OA039,2,1963,157,20.6,
02OA039,2,1963,158,20.61,
02OA039,2,1963,159,20.62,
02OA039,2,1963,160,20.63,
02OA039,2,1963,161,20.61,
02OA039,2,1963,162,20.59,
02OA039,2,1963,163,20.59,
02OA039,2,1963,164,20.59,
02OA039,2,1963,165,20.58,
02OA039,2,1963,166,20.59,
02OA039,2,1963,167,20.62,
02OA039,2,1963,168,20.62,
02OA039,2,1963,169,20.64,
02OA039,2,1963,170,20.63,
02OA039,2,1963,171,20.61,
02OA039,2,1963,172,20.58,
02OA039,2,1963,173,20.56,
02OA039,2,1963,174,20.56,
02OA039,2,1963,175,20.55,
02OA039,2,1963,176,20.54,
02OA039,2,1963,177,20.54,
02OA039,2,1963,178,20.56,
02OA039,2,1963,179,20.56,
02OA039,2,1963,180,20.58,
02OA039,2,1963,181,20.58,
02OA039,2,1963,182,20.56,
02OA039,2,1963,183,20.53,
02OA039,2,1963,184,20.52,
02OA039,2,1963,185,20.52,
02OA039,2,1963,186,20.53,
02OA039,2,1963,187,20.55,
02OA039,2,1963,188,20.57,
02OA039,2,1963,189,20.56,
02OA039,2,1963,190,20.57,
02OA039,2,1963,191,20.55,
02OA039,2,1963,192,20.55,
02OA039,2,1963,193,20.57,
02OA039,2,1963,194,20.61,
02OA039,2,1963,195,20.62,
02OA039,2,1963,196,20.65,
02OA039,2,1963,197,20.67,
02OA039,2,1963,198,20.67,
02OA039,2,1963,199,20.66,
02OA039,2,1963,200,20.65,
02OA039,2,1963,201,20.62,
02OA039,2,1963,202,20.59,
02OA039,2,1963,203,20.57,
02OA039,2,1963,204,20.55,
02OA039,2,1963,205,20.56,
02OA039,2,1963,206,20.56,
02OA039,2,1963,207,20.56,
02OA039,2,1963,208,20.6,
02OA039,2,1963,209,20.59,
02OA039,2,1963,210,20.58,
02OA039,2,1963,211,20.57,
02OA039,2,1963,212,20.57,
02OA039,2,1963,213,20.59,
02OA039,2,1963,214,20.6,
02OA039,2,1963,215,20.59,
02OA039,2,1963,216,20.62,
02OA039,2,1963,217,20.61,
02OA039,2,1963,218,20.58,
02OA039,2,1963,219,20.59,
02OA039,2,1963,220,20.62,
02OA039,2,1963,221,20.62,
02OA039,2,1963,222,20.61,
02OA039,2,1963,223,20.59,
02OA039,2,1963,224,20.59,
02OA039,2,1963,225,20.59,
02OA039,2,1963,226,20.62,
02OA039,2,1963,227,20.62,
02OA039,2,1963,228,20.63,
02OA039,2,1963,229,20.64,
02OA039,2,1963,230,20.61,
02OA039,2,1963,231,20.61,
02OA039,2,1963,232,20.59,
02OA039,2,1963,233,20.6,
02OA039,2,1963,234,20.61,
02OA039,2,1963,235,20.6,
02OA039,2,1963,236,20.6,
02OA039,2,1963,237,20.61,
02OA039,2,1963,238,20.61,
02OA039,2,1963,239,20.6,
02OA039,2,1963,240,20.61,
02OA039,2,1963,241,20.63,
02OA039,2,1963,242,20.64,
02OA039,2,1963,243,20.64,
02OA039,2,1963,244,20.62,
02OA039,2,1963,245,20.6,
02OA039,2,1963,246,20.58,
02OA039,2,1963,247,20.61,
02OA039,2,1963,248,20.65,
02OA039,2,1963,249,20.66,
02OA039,2,1963,250,20.62,
02OA039,2,1963,251,20.6,
02OA039,2,1963,252,20.59,
02OA039,2,1963,253,20.58,
02OA039,2,1963,254,20.57,
02OA039,2,1963,255,20.6,
02OA039,2,1963,256,20.71,
02OA039,2,1963,257,20.74,
02OA039,2,1963,258,20.68,
02OA039,2,1963,259,20.64,
02OA039,2,1963,260,20.62,
02OA039,2,1963,261,20.63,
02OA039,2,1963,262,20.61,
02OA039,2,1963,263,20.61,
02OA039,2,1963,264,20.6,
02OA039,2,1963,265,20.57,
02OA039,2,1963,266,20.54,
02OA039,2,1963,267,20.55,
02OA039,2,1963,268,20.56,
02OA039,2,1963,269,20.54,
02OA039,2,1963,270,20.6,
02OA039,2,1963,271,20.62,
02OA039,2,1963,272,20.56,
02OA039,2,1963,273,20.56,
02OA039,2,1963,274,20.6,
02OA039,2,1963,275,20.63,
02OA039,2,1963,276,20.64,
02OA039,2,1963,277,20.66,
02OA039,2,1963,278,20.6,
02OA039,2,1963,279,20.51,
02OA039,2,1963,280,20.48,
02OA039,2,1963,281,20.5,
02OA039,2,1963,282,20.52,
02OA039,2,1963,283,20.52,
02OA039,2,1963,284,20.51,
02OA039,2,1963,285,20.47,
02OA039,2,1963,286,20.44,
02OA039,2,1963,287,20.43,
02OA039,2,1963,288,20.56,
02OA039,2,1963,289,20.62,
02OA039,2,1963,290,20.62,
02OA039,2,1963,291,20.64,
02OA039,2,1963,292,20.63,
02OA039,2,1963,293,20.63,
02OA039,2,1963,294,20.6,
02OA039,2,1963,295,20.61,
02OA039,2,1963,296,20.62,
02OA039,2,1963,297,20.62,
02OA039,2,1963,298,20.61,
02OA039,2,1963,299,20.59,
02OA039,2,1963,300,20.58,
02OA039,2,1963,301,20.55,
02OA039,2,1963,302,20.56,
02OA039,2,1963,303,20.58,
02OA039,2,1963,304,20.57,
02OA039,2,1963,305,20.57,
02OA039,2,1963,306,20.57,
02OA039,2,1963,307,20.54,
02OA039,2,1963,308,20.53,
02OA039,2,1963,309,20.54,
02OA039,2,1963,310,20.56,
02OA039,2,1963,311,20.59,
02OA039,2,1963,312,20.65,
02OA039,2,1963,313,20.63,
02OA039,2,1963,314,20.58,
02OA039,2,1963,315,20.56,
02OA039,2,1963,316,20.57,
02OA039,2,1963,317,20.56,
02OA039,2,1963,318,20.53,
02OA039,2,1963,319,20.5,
02OA039,2,1963,320,20.48,
02OA039,2,1963,321,20.47,
02OA039,2,1963,322,20.56,
02OA039,2,1963,323,20.67,
02OA039,2,1963,324,20.7,
02OA039,2,1963,325,20.66,
02OA039,2,1963,326,20.64,
02OA039,2,1963,327,20.62,
02OA039,2,1963,328,20.57,
02OA039,2,1963,329,20.5,
02OA039,2,1963,330,20.52,
02OA039,2,1963,331,20.57,
02OA039,2,1963,332,20.64,
02OA039,2,1963,333,20.64,
02OA039,2,1963,334,20.74,
02OA039,2,1963,335,20.82,
02OA039,2,1963,336,20.79,
02OA039,2,1963,337,20.76,
02OA039,2,1963,338,20.77,
02OA039,2,1963,339,20.76,
02OA039,2,1963,340,20.73,
02OA039,2,1963,341,20.7,
02OA039,2,1963,342,20.66,
02OA039,2,1963,343,20.62,
02OA039,2,1963,344,20.66,
02OA039,2,1963,345,20.68,
02OA039,2,1963,346,20.64,
02OA039,2,1963,347,20.64,
02OA039,2,1963,348,20.62,
02OA039,2,1963,349,20.61,
02OA039,2,1963,350,20.68,
02OA039,2,1963,351,20.91,
02OA039,2,1963,352,21.02,
02OA039,2,1963,353,21.17,
02OA039,2,1963,354,21.23,
02OA039,2,1963,355,21.29,
02OA039,2,1963,356,21.31,
02OA039,2,1963,357,21.25,
02OA039,2,1963,358,21.26,
02OA039,2,1963,359,21.15,
02OA039,2,1963,360,21.14,
02OA039,2,1963,361,21.37,
02OA039,2,1963,362,21.35,
02OA039,2,1963,363,21.2,
02OA039,2,1963,364,21.14,
02OA039,2,1963,365,21.29,
02OA039,2,1964,1,,
02OA039,2,1964,2,,
02OA039,2,1964,3,21.18,
02OA039,2,1964,4,20.83,
02OA039,2,1964,5,20.75,
02OA039,2,1964,6,21.02,
02OA039,2,1964,7,21.18,
02OA039,2,1964,8,21.26,
02OA039,2,1964,9,21.32,
02OA039,2,1964,10,21.14,
02OA039,2,1964,11,20.96,
02OA039,2,1964,12,21.02,
02OA039,2,1964,13,21.23,
02OA039,2,1964,14,21.41,
02OA039,2,1964,15,21.47,
02OA039,2,1964,16,21.38,
02OA039,2,1964,17,21.32,
02OA039,2,1964,18,21.18,
02OA039,2,1964,19,20.88,
02OA039,2,1964,20,20.73,
02OA039,2,1964,21,20.8,
02OA039,2,1964,22,20.84,
02OA039,2,1964,23,20.84,
02OA039,2,1964,24,20.84,
02OA039,2,1964,25,20.77,
02OA039,2,1964,26,20.69,
02OA039,2,1964,27,20.83,
02OA039,2,1964,28,20.96,
02OA039,2,1964,29,21.02,
02OA039,2,1964,30,21.04,
02OA039,2,1964,31,20.99,
02OA039,2,1964,32,20.8,
02OA039,2,1964,33,20.65,
02OA039,2,1964,34,20.82,
02OA039,2,1964,35,21.11,
02OA039,2,1964,36,21.09,
02OA039,2,1964,37,20.94,
02OA039,2,1964,38,20.81,
02OA039,2,1964,39,20.7,
02OA039,2,1964,40,20.68,
02OA039,2,1964,41,20.91,
02OA039,2,1964,42,21,
02OA039,2,1964,43,20.95,
02OA039,2,1964,44,20.82,
02OA039,2,1964,45,20.75,
02OA039,2,1964,46,20.81,
02OA039,2,1964,47,20.65,
02OA039,2,1964,48,20.76,
02OA039,2,1964,49,20.95,
02OA039,2,1964,50,21.06,
02OA039,2,1964,51,21.09,
02OA039,2,1964,52,20.9,
02OA039,2,1964,53,20.81,
02OA039,2,1964,54,20.78,
02OA039,2,1964,55,20.71,
02OA039,2,1964,56,20.85,
02OA039,2,1964,57,20.86,
02OA039,2,1964,58,20.79,
02OA039,2,1964,59,20.87,
02OA039,2,1964,60,20.7,
02OA039,2,1964,61,,
02OA039,2,1964,62,,
02OA039,2,1964,63,,
02OA039,2,1964,64,,
02OA039,2,1964,65,,
02OA039,2,1964,66,,
02OA039,2,1964,67,20.89,
02OA039,2,1964,68,20.81,
02OA039,2,1964,69,20.8,
02OA039,2,1964,70,20.96,
02OA039,2,1964,71,20.94,
02OA039,2,1964,72,20.83,
02OA039,2,1964,73,20.77,
02OA039,2,1964,74,20.65,
02OA039,2,1964,75,20.49,
02OA039,2,1964,76,20.59,
02OA039,2,1964,77,20.78,
02OA039,2,1964,78,20.83,
02OA039,2,1964,79,20.83,
02OA039,2,1964,80,20.77,
02OA039,2,1964,81,20.57,
02OA039,2,1964,82,20.42,
02OA039,2,1964,83,20.5,
02OA039,2,1964,84,20.6,
02OA039,2,1964,85,20.65,
02OA039,2,1964,86,20.74,
02OA039,2,1964,87,20.79,
02OA039,2,1964,88,20.6,
02OA039,2,1964,89,20.46,
02OA039,2,1964,90,20.49,
02OA039,2,1964,91,20.6,
02OA039,2,1964,92,20.57,
02OA039,2,1964,93,20.56,
02OA039,2,1964,94,20.54,
02OA039,2,1964,95,20.42,
02OA039,2,1964,96,20.32,
02OA039,2,1964,97,20.35,
02OA039,2,1964,98,20.37,
02OA039,2,1964,99,20.5,
02OA039,2,1964,100,20.61,
02OA039,2,1964,101,20.66,
02OA039,2,1964,102,20.61,
02OA039,2,1964,103,20.55,
02OA039,2,1964,104,20.54,
02OA039,2,1964,105,20.57,
02OA039,2,1964,106,20.66,
02OA039,2,1964,107,20.72,
02OA039,2,1964,108,20.78,
02OA039,2,1964,109,20.82,
02OA039,2,1964,110,20.8,
02OA039,2,1964,111,20.75,
02OA039,2,1964,112,20.7,
02OA039,2,1964,113,20.73,
02OA039,2,1964,114,20.83,
02OA039,2,1964,115,20.85,
02OA039,2,1964,116,20.85,
02OA039,2,1964,117,20.82,
02OA039,2,1964,118,20.75,
02OA039,2,1964,119,20.73,
02OA039,2,1964,120,20.67,
02OA039,2,1964,121,20.6,
02OA039,2,1964,122,20.61,
02OA039,2,1964,123,20.61,
02OA039,2,1964,124,20.58,
02OA039,2,1964,125,20.53,
02OA039,2,1964,126,20.51,
02OA039,2,1964,127,20.54,
02OA039,2,1964,128,20.55,
02OA039,2,1964,129,20.48,
02OA039,2,1964,130,20.47,
02OA039,2,1964,131,20.39,
02OA039,2,1964,132,20.42,
02OA039,2,1964,133,20.46,
02OA039,2,1964,134,20.46,
02OA039,2,1964,135,20.48,
02OA039,2,1964,136,20.51,
02OA039,2,1964,137,20.52,
02OA039,2,1964,138,20.51,
02OA039,2,1964,139,20.48,
02OA039,2,1964,140,20.49,
02OA039,2,1964,141,20.52,
02OA039,2,1964,142,20.58,
02OA039,2,1964,143,20.57,
02OA039,2,1964,144,20.55,
02OA039,2,1964,145,20.53,
02OA039,2,1964,146,20.5,
02OA039,2,1964,147,20.51,
02OA039,2,1964,148,20.49,
02OA039,2,1964,149,20.48,
02OA039,2,1964,150,20.48,
02OA039,2,1964,151,20.49,
02OA039,2,1964,152,20.51,
02OA039,2,1964,153,20.52,
02OA039,2,1964,154,20.54,
02OA039,2,1964,155,20.56,
02OA039,2,1964,156,20.54,
02OA039,2,1964,157,20.54,
02OA039,2,1964,158,20.55,
02OA039,2,1964,159,20.56,
02OA039,2,1964,160,20.53,
02OA039,2,1964,161,20.55,
02OA039,2,1964,162,20.56,
02OA039,2,1964,163,20.53,
02OA039,2,1964,164,20.5,
02OA039,2,1964,165,20.52,
02OA039,2,1964,166,20.5,
02OA039,2,1964,167,20.5,
02OA039,2,1964,168,20.48,
02OA039,2,1964,169,20.51,
02OA039,2,1964,170,20.54,
02OA039,2,1964,171,20.55,
02OA039,2,1964,172,20.58,
02OA039,2,1964,173,20.58,
02OA039,2,1964,174,20.53,
02OA039,2,1964,175,20.51,
02OA039,2,1964,176,20.54,
02OA039,2,1964,177,20.55,
02OA039,2,1964,178,20.55,
02OA039,2,1964,179,20.54,
02OA039,2,1964,180,20.55,
02OA039,2,1964,181,20.52,
02OA039,2,1964,182,20.46,
02OA039,2,1964,183,20.49,
02OA039,2,1964,184,20.49,
02OA039,2,1964,185,20.5,
02OA039,2,1964,186,20.53,
02OA039,2,1964,187,20.52,
02OA039,2,1964,188,20.54,
02OA039,2,1964,189,20.5,
02OA039,2,1964,190,20.5,
02OA039,2,1964,191,20.49,
02OA039,2,1964,192,20.52,
02OA039,2,1964,193,20.53,
02OA039,2,1964,194,20.51,
02OA039,2,1964,195,20.5,
02OA039,2,1964,196,20.48,
02OA039,2,1964,197,20.46,
02OA039,2,1964,198,20.45,
02OA039,2,1964,199,20.45,
02OA039,2,1964,200,20.47,
02OA039,2,1964,201,20.45,
02OA039,2,1964,202,20.44,
02OA039,2,1964,203,20.43,
02OA039,2,1964,204,20.46,
02OA039,2,1964,205,20.44,
02OA039,2,1964,206,20.44,
02OA039,2,1964,207,20.45,
02OA039,2,1964,208,20.46,
02OA039,2,1964,209,20.44,
02OA039,2,1964,210,20.45,
02OA039,2,1964,211,20.45,
02OA039,2,1964,212,20.45,
02OA039,2,1964,213,20.47,
02OA039,2,1964,214,20.49,
02OA039,2,1964,215,20.47,
02OA039,2,1964,216,20.44,
02OA039,2,1964,217,20.43,
02OA039,2,1964,218,20.44,
02OA039,2,1964,219,20.45,
02OA039,2,1964,220,20.46,
02OA039,2,1964,221,20.49,
02OA039,2,1964,222,20.51,
02OA039,2,1964,223,20.53,
02OA039,2,1964,224,20.48,
02OA039,2,1964,225,20.48,
02OA039,2,1964,226,20.5,
02OA039,2,1964,227,20.49,
02OA039,2,1964,228,20.48,
02OA039,2,1964,229,20.5,
02OA039,2,1964,230,20.51,
02OA039,2,1964,231,20.5,
02OA039,2,1964,232,20.51,
02OA039,2,1964,233,20.51,
02OA039,2,1964,234,20.51,
02OA039,2,1964,235,20.53,
02OA039,2,1964,236,20.55,
02OA039,2,1964,237,20.54,
02OA039,2,1964,238,20.54,
02OA039,2,1964,239,20.54,
02OA039,2,1964,240,20.53,
02OA039,2,1964,241,20.54,
02OA039,2,1964,242,20.52,
02OA039,2,1964,243,20.51,
02OA039,2,1964,244,20.49,
02OA039,2,1964,245,20.46,
02OA039,2,1964,246,20.47,
02OA039,2,1964,247,20.47,
02OA039,2,1964,248,20.49,
02OA039,2,1964,249,20.47,
02OA039,2,1964,250,20.47,
02OA039,2,1964,251,20.45,
02OA039,2,1964,252,20.45,
02OA039,2,1964,253,20.47,
02OA039,2,1964,254,20.48,
02OA039,2,1964,255,20.49,
02OA039,2,1964,256,20.47,
02OA039,2,1964,257,20.44,
02OA039,2,1964,258,20.44,
02OA039,2,1964,259,20.43,
02OA039,2,1964,260,20.47,
02OA039,2,1964,261,20.5,
02OA039,2,1964,262,20.51,
02OA039,2,1964,263,20.5,
02OA039,2,1964,264,20.48,
02OA039,2,1964,265,20.49,
02OA039,2,1964,266,20.49,
02OA039,2,1964,267,20.47,
02OA039,2,1964,268,20.47,
02OA039,2,1964,269,20.48,
02OA039,2,1964,270,20.47,
02OA039,2,1964,271,20.49,
02OA039,2,1964,272,20.49,
02OA039,2,1964,273,20.48,
02OA039,2,1964,274,20.47,
02OA039,2,1964,275,20.46,
02OA039,2,1964,276,20.5,
02OA039,2,1964,277,20.49,
02OA039,2,1964,278,20.47,
02OA039,2,1964,279,20.45,
02OA039,2,1964,280,20.47,
02OA039,2,1964,281,20.47,
02OA039,2,1964,282,20.47,
02OA039,2,1964,283,20.48,
02OA039,2,1964,284,20.48,
02OA039,2,1964,285,20.48,
02OA039,2,1964,286,20.45,
02OA039,2,1964,287,20.45,
02OA039,2,1964,288,20.51,
02OA039,2,1964,289,20.5,
02OA039,2,1964,290,20.45,
02OA039,2,1964,291,20.45,
02OA039,2,1964,292,20.48,
02OA039,2,1964,293,20.49,
02OA039,2,1964,294,20.48,
02OA039,2,1964,295,20.48,
02OA039,2,1964,296,20.5,
02OA039,2,1964,297,20.51,
02OA039,2,1964,298,20.47,
02OA039,2,1964,299,20.43,
02OA039,2,1964,300,20.47,
02OA039,2,1964,301,20.47,
02OA039,2,1964,302,20.45,
02OA039,2,1964,303,20.46,
02OA039,2,1964,304,20.46,
02OA039,2,1964,305,20.45,
02OA039,2,1964,306,20.47,
02OA039,2,1964,307,20.45,
02OA039,2,1964,308,20.45,
02OA039,2,1964,309,20.47,
02OA039,2,1964,310,20.5,
02OA039,2,1964,311,20.51,
02OA039,2,1964,312,20.48,
02OA039,2,1964,313,20.46,
02OA039,2,1964,314,20.45,
02OA039,2,1964,315,20.45,
02OA039,2,1964,316,20.45,
02OA039,2,1964,317,20.45,
02OA039,2,1964,318,20.44,
02OA039,2,1964,319,20.38,
02OA039,2,1964,320,20.32,
02OA039,2,1964,321,20.34,
02OA039,2,1964,322,20.34,
02OA039,2,1964,323,20.35,
02OA039,2,1964,324,20.41,
02OA039,2,1964,325,20.42,
02OA039,2,1964,326,20.4,
02OA039,2,1964,327,20.37,
02OA039,2,1964,328,20.38,
02OA039,2,1964,329,20.39,
02OA039,2,1964,330,20.39,
02OA039,2,1964,331,20.44,
02OA039,2,1964,332,20.44,
02OA039,2,1964,333,20.43,
02OA039,2,1964,334,20.39,
02OA039,2,1964,335,20.43,
02OA039,2,1964,336,20.39,
02OA039,2,1964,337,20.36,
02OA039,2,1964,338,20.39,
02OA039,2,1964,339,20.4,
02OA039,2,1964,340,20.45,
02OA039,2,1964,341,20.42,
02OA039,2,1964,342,20.41,
02OA039,2,1964,343,20.45,
02OA039,2,1964,344,20.47,
02OA039,2,1964,345,20.49,
02OA039,2,1964,346,20.5,
02OA039,2,1964,347,20.44,
02OA039,2,1964,348,20.38,
02OA039,2,1964,349,20.42,
02OA039,2,1964,350,20.44,
02OA039,2,1964,351,20.47,
02OA039,2,1964,352,20.51,
02OA039,2,1964,353,20.51,
02OA039,2,1964,354,20.38,
02OA039,2,1964,355,20.32,
02OA039,2,1964,356,20.45,
02OA039,2,1964,357,20.79,
02OA039,2,1964,358,20.8,
02OA039,2,1964,359,20.61,
02OA039,2,1964,360,20.41,
02OA039,2,1964,361,20.33,
02OA039,2,1964,362,20.4,
02OA039,2,1964,363,20.49,
02OA039,2,1964,364,20.6,
02OA039,2,1964,365,20.63,
02OA039,2,1964,366,20.64,
02OA039,2,1965,1,20.56,
02OA039,2,1965,2,20.57,
02OA039,2,1965,3,20.64,
02OA039,2,1965,4,20.82,
02OA039,2,1965,5,20.97,
02OA039,2,1965,6,20.84,
02OA039,2,1965,7,20.89,
02OA039,2,1965,8,21.01,
02OA039,2,1965,9,20.71,
02OA039,2,1965,10,20.45,
02OA039,2,1965,11,20.65,
02OA039,2,1965,12,20.69,
02OA039,2,1965,13,20.72,
02OA039,2,1965,14,20.67,
02OA039,2,1965,15,20.72,
02OA039,2,1965,16,20.64,
02OA039,2,1965,17,20.64,
02OA039,2,1965,18,20.71,
02OA039,2,1965,19,20.84,
02OA039,2,1965,20,20.89,
02OA039,2,1965,21,20.93,
02OA039,2,1965,22,20.99,
02OA039,2,1965,23,20.95,
02OA039,2,1965,24,20.91,
02OA039,2,1965,25,20.91,
02OA039,2,1965,26,20.98,
02OA039,2,1965,27,20.94,
02OA039,2,1965,28,20.94,
02OA039,2,1965,29,21.05,
02OA039,2,1965,30,21,
02OA039,2,1965,31,20.86,
02OA039,2,1965,32,20.94,
02OA039,2,1965,33,20.94,
02OA039,2,1965,34,20.98,
02OA039,2,1965,35,20.97,
02OA039,2,1965,36,20.96,
02OA039,2,1965,37,20.81,
02OA039,2,1965,38,20.7,
02OA039,2,1965,39,20.56,
02OA039,2,1965,40,20.67,
02OA039,2,1965,41,20.83,
02OA039,2,1965,42,20.84,
02OA039,2,1965,43,20.68,
02OA039,2,1965,44,20.56,
02OA039,2,1965,45,20.5,
02OA039,2,1965,46,20.52,
02OA039,2,1965,47,20.51,
02OA039,2,1965,48,20.58,
02OA039,2,1965,49,20.55,
02OA039,2,1965,50,20.65,
02OA039,2,1965,51,20.67,
02OA039,2,1965,52,20.66,
02OA039,2,1965,53,20.77,
02OA039,2,1965,54,20.92,
02OA039,2,1965,55,21.05,
02OA039,2,1965,56,21,
02OA039,2,1965,57,20.78,
02OA039,2,1965,58,20.58,
02OA039,2,1965,59,20.3,
02OA039,2,1965,60,20.32,
02OA039,2,1965,61,20.4,
02OA039,2,1965,62,20.41,
02OA039,2,1965,63,20.44,
02OA039,2,1965,64,20.45,
02OA039,2,1965,65,20.36,
02OA039,2,1965,66,20.3,
02OA039,2,1965,67,20.36,
02OA039,2,1965,68,20.49,
02OA039,2,1965,69,20.55,
02OA039,2,1965,70,20.53,
02OA039,2,1965,71,20.58,
02OA039,2,1965,72,20.42,
02OA039,2,1965,73,20.18,
02OA039,2,1965,74,20.21,
02OA039,2,1965,75,20.37,
02OA039,2,1965,76,20.38,
02OA039,2,1965,77,20.4,
02OA039,2,1965,78,20.43,
02OA039,2,1965,79,20.37,
02OA039,2,1965,80,20.25,
02OA039,2,1965,81,20.34,
02OA039,2,1965,82,20.36,
02OA039,2,1965,83,20.35,
02OA039,2,1965,84,20.33,
02OA039,2,1965,85,20.34,
02OA039,2,1965,86,20.21,
02OA039,2,1965,87,20.09,
02OA039,2,1965,88,20.17,
02OA039,2,1965,89,20.3,
02OA039,2,1965,90,20.29,
02OA039,2,1965,91,20.38,
02OA039,2,1965,92,20.36,
02OA039,2,1965,93,20.26,
02OA039,2,1965,94,20.11,
02OA039,2,1965,95,20.17,
02OA039,2,1965,96,20.28,
02OA039,2,1965,97,20.34,
02OA039,2,1965,98,20.39,
02OA039,2,1965,99,20.47,
02OA039,2,1965,100,20.5,
02OA039,2,1965,101,20.48,
02OA039,2,1965,102,20.59,
02OA039,2,1965,103,20.69,
02OA039,2,1965,104,20.79,
02OA039,2,1965,105,20.8,
02OA039,2,1965,106,20.8,
02OA039,2,1965,107,20.73,
02OA039,2,1965,108,20.66,
02OA039,2,1965,109,20.62,
02OA039,2,1965,110,20.64,
02OA039,2,1965,111,20.65,
02OA039,2,1965,112,20.68,
02OA039,2,1965,113,20.68,
02OA039,2,1965,114,20.61,
02OA039,2,1965,115,20.51,
02OA039,2,1965,116,20.57,
02OA039,2,1965,117,20.62,
02OA039,2,1965,118,20.59,
02OA039,2,1965,119,20.58,
02OA039,2,1965,120,20.57,
02OA039,2,1965,121,20.52,
02OA039,2,1965,122,20.48,
02OA039,2,1965,123,20.53,
02OA039,2,1965,124,20.58,
02OA039,2,1965,125,20.61,
02OA039,2,1965,126,20.63,
02OA039,2,1965,127,20.64,
02OA039,2,1965,128,20.6,
02OA039,2,1965,129,20.56,
02OA039,2,1965,130,20.61,
02OA039,2,1965,131,20.68,
02OA039,2,1965,132,20.73,
02OA039,2,1965,133,20.68,
02OA039,2,1965,134,20.67,
02OA039,2,1965,135,20.62,
02OA039,2,1965,136,20.53,
02OA039,2,1965,137,20.54,
02OA039,2,1965,138,20.53,
02OA039,2,1965,139,20.52,
02OA039,2,1965,140,20.55,
02OA039,2,1965,141,20.57,
02OA039,2,1965,142,20.57,
02OA039,2,1965,143,20.56,
02OA039,2,1965,144,20.52,
02OA039,2,1965,145,20.52,
02OA039,2,1965,146,20.45,
02OA039,2,1965,147,20.48,
02OA039,2,1965,148,20.5,
02OA039,2,1965,149,20.49,
02OA039,2,1965,150,20.46,
02OA039,2,1965,151,20.42,
02OA039,2,1965,152,20.39,
02OA039,2,1965,153,20.39,
02OA039,2,1965,154,20.38,
02OA039,2,1965,155,20.38,
02OA039,2,1965,156,20.39,
02OA039,2,1965,157,20.42,
02OA039,2,1965,158,20.42,
02OA039,2,1965,159,20.41,
02OA039,2,1965,160,20.41,
02OA039,2,1965,161,20.39,
02OA039,2,1965,162,20.38,
02OA039,2,1965,163,20.39,
02OA039,2,1965,164,20.4,
02OA039,2,1965,165,20.39,
02OA039,2,1965,166,20.39,
02OA039,2,1965,167,20.41,
02OA039,2,1965,168,20.41,
02OA039,2,1965,169,20.39,
02OA039,2,1965,170,20.39,
02OA039,2,1965,171,20.38,
02OA039,2,1965,172,20.39,
02OA039,2,1965,173,20.37,
02OA039,2,1965,174,20.36,
02OA039,2,1965,175,20.37,
02OA039,2,1965,176,20.38,
02OA039,2,1965,177,20.38,
02OA039,2,1965,178,20.38,
02OA039,2,1965,179,20.39,
02OA039,2,1965,180,20.37,
02OA039,2,1965,181,20.37,
02OA039,2,1965,182,20.38,
02OA039,2,1965,183,20.38,
02OA039,2,1965,184,20.38,
02OA039,2,1965,185,20.41,
02OA039,2,1965,186,20.38,
02OA039,2,1965,187,20.36,
02OA039,2,1965,188,20.39,
02OA039,2,1965,189,20.41,
02OA039,2,1965,190,20.42,
02OA039,2,1965,191,20.44,
02OA039,2,1965,192,20.48,
02OA039,2,1965,193,20.46,
02OA039,2,1965,194,20.44,
02OA039,2,1965,195,20.46,
02OA039,2,1965,196,20.49,
02OA039,2,1965,197,20.48,
02OA039,2,1965,198,20.48,
02OA039,2,1965,199,20.47,
02OA039,2,1965,200,20.47,
02OA039,2,1965,201,20.46,
02OA039,2,1965,202,20.46,
02OA039,2,1965,203,20.47,
02OA039,2,1965,204,20.46,
02OA039,2,1965,205,20.47,
02OA039,2,1965,206,20.47,
02OA039,2,1965,207,20.46,
02OA039,2,1965,208,20.44,
02OA039,2,1965,209,20.45,
02OA039,2,1965,210,20.46,
02OA039,2,1965,211,20.47,
02OA039,2,1965,212,20.46,
02OA039,2,1965,213,20.47,
02OA039,2,1965,214,20.46,
02OA039,2,1965,215,20.43,
02OA039,2,1965,216,20.45,
02OA039,2,1965,217,20.45,
02OA039,2,1965,218,20.46,
02OA039,2,1965,219,20.49,
02OA039,2,1965,220,20.54,
02OA039,2,1965,221,20.57,
02OA039,2,1965,222,20.55,
02OA039,2,1965,223,20.55,
02OA039,2,1965,224,20.58,
02OA039,2,1965,225,20.61,
02OA039,2,1965,226,20.61,
02OA039,2,1965,227,20.61,
02OA039,2,1965,228,20.61,
02OA039,2,1965,229,20.6,
02OA039,2,1965,230,20.61,
02OA039,2,1965,231,20.63,
02OA039,2,1965,232,20.67,
02OA039,2,1965,233,20.64,
02OA039,2,1965,234,20.63,
02OA039,2,1965,235,20.62,
02OA039,2,1965,236,20.58,
02OA039,2,1965,237,20.62,
02OA039,2,1965,238,20.66,
02OA039,2,1965,239,20.68,
02OA039,2,1965,240,20.65,
02OA039,2,1965,241,20.62,
02OA039,2,1965,242,20.58,
02OA039,2,1965,243,20.58,
02OA039,2,1965,244,20.66,
02OA039,2,1965,245,20.74,
02OA039,2,1965,246,20.75,
02OA039,2,1965,247,20.69,
02OA039,2,1965,248,20.64,
02OA039,2,1965,249,20.6,
02OA039,2,1965,250,20.55,
02OA039,2,1965,251,20.56,
02OA039,2,1965,252,20.61,
02OA039,2,1965,253,20.62,
02OA039,2,1965,254,20.64,
02OA039,2,1965,255,20.67,
02OA039,2,1965,256,20.67,
02OA039,2,1965,257,20.65,
02OA039,2,1965,258,20.66,
02OA039,2,1965,259,20.67,
02OA039,2,1965,260,20.66,
02OA039,2,1965,261,20.63,
02OA039,2,1965,262,20.62,
02OA039,2,1965,263,20.64,
02OA039,2,1965,264,20.63,
02OA039,2,1965,265,20.63,
02OA039,2,1965,266,20.68,
02OA039,2,1965,267,20.72,
02OA039,2,1965,268,20.73,
02OA039,2,1965,269,20.74,
02OA039,2,1965,270,20.73,
02OA039,2,1965,271,20.69,
02OA039,2,1965,272,20.73,
02OA039,2,1965,273,20.75,
02OA039,2,1965,274,20.79,
02OA039,2,1965,275,20.83,
02OA039,2,1965,276,20.83,
02OA039,2,1965,277,20.85,
02OA039,2,1965,278,20.85,
02OA039,2,1965,279,20.85,
02OA039,2,1965,280,20.85,
02OA039,2,1965,281,20.88,
02OA039,2,1965,282,20.92,
02OA039,2,1965,283,20.89,
02OA039,2,1965,284,20.87,
02OA039,2,1965,285,20.87,
02OA039,2,1965,286,20.86,
02OA039,2,1965,287,20.92,
02OA039,2,1965,288,21,
02OA039,2,1965,289,21.01,
02OA039,2,1965,290,21,
02OA039,2,1965,291,21.05,
02OA039,2,1965,292,21.04,
02OA039,2,1965,293,21,
02OA039,2,1965,294,20.99,
02OA039,2,1965,295,21,
02OA039,2,1965,296,20.99,
02OA039,2,1965,297,21.05,
02OA039,2,1965,298,21.1,
02OA039,2,1965,299,21.08,
02OA039,2,1965,300,21.03,
02OA039,2,1965,301,21.02,
02OA039,2,1965,302,21.01,
02OA039,2,1965,303,20.92,
02OA039,2,1965,304,20.84,
02OA039,2,1965,305,20.9,
02OA039,2,1965,306,20.96,
02OA039,2,1965,307,20.99,
02OA039,2,1965,308,20.95,
02OA039,2,1965,309,20.96,
02OA039,2,1965,310,20.88,
02OA039,2,1965,311,20.82,
02OA039,2,1965,312,20.89,
02OA039,2,1965,313,20.9,
02OA039,2,1965,314,20.87,
02OA039,2,1965,315,20.85,
02OA039,2,1965,316,20.83,
02OA039,2,1965,317,20.83,
02OA039,2,1965,318,20.82,
02OA039,2,1965,319,20.82,
02OA039,2,1965,320,20.84,
02OA039,2,1965,321,20.89,
02OA039,2,1965,322,21.03,
02OA039,2,1965,323,20.98,
02OA039,2,1965,324,20.89,
02OA039,2,1965,325,20.86,
02OA039,2,1965,326,20.88,
02OA039,2,1965,327,20.91,
02OA039,2,1965,328,20.91,
02OA039,2,1965,329,20.89,
02OA039,2,1965,330,20.88,
02OA039,2,1965,331,20.91,
02OA039,2,1965,332,21.08,
02OA039,2,1965,333,21.11,
02OA039,2,1965,334,21.07,
02OA039,2,1965,335,21.04,
02OA039,2,1965,336,20.98,
02OA039,2,1965,337,20.94,
02OA039,2,1965,338,20.92,
02OA039,2,1965,339,20.9,
02OA039,2,1965,340,20.99,
02OA039,2,1965,341,21.07,
02OA039,2,1965,342,21.06,
02OA039,2,1965,343,21.05,
02OA039,2,1965,344,21.02,
02OA039,2,1965,345,20.87,
02OA039,2,1965,346,20.73,
02OA039,2,1965,347,20.89,
02OA039,2,1965,348,21.05,
02OA039,2,1965,349,21.14,
02OA039,2,1965,350,21.13,
02OA039,2,1965,351,21.09,
02OA039,2,1965,352,20.96,
02OA039,2,1965,353,20.84,
02OA039,2,1965,354,20.88,
02OA039,2,1965,355,20.98,
02OA039,2,1965,356,21.07,
02OA039,2,1965,357,21.1,
02OA039,2,1965,358,21.08,
02OA039,2,1965,359,20.96,
02OA039,2,1965,360,20.86,
02OA039,2,1965,361,20.96,
02OA039,2,1965,362,21.08,
02OA039,2,1965,363,21.13,
02OA039,2,1965,364,21.09,
02OA039,2,1965,365,21.12,
02OA039,2,1966,1,21.05,
02OA039,2,1966,2,20.92,
02OA039,2,1966,3,21.05,
02OA039,2,1966,4,21.19,
02OA039,2,1966,5,21.16,
02OA039,2,1966,6,21.15,
02OA039,2,1966,7,21.15,
02OA039,2,1966,8,21.01,
02OA039,2,1966,9,20.97,
02OA039,2,1966,10,21.18,
02OA039,2,1966,11,21.34,
02OA039,2,1966,12,21.33,
02OA039,2,1966,13,21.5,
02OA039,2,1966,14,21.66,
02OA039,2,1966,15,21.65,
02OA039,2,1966,16,21.51,
02OA039,2,1966,17,21.47,
02OA039,2,1966,18,21.58,
02OA039,2,1966,19,21.59,
02OA039,2,1966,20,21.42,
02OA039,2,1966,21,21.22,
02OA039,2,1966,22,21.03,
02OA039,2,1966,23,20.96,
02OA039,2,1966,24,21.07,
02OA039,2,1966,25,21.27,
02OA039,2,1966,26,21.43,
02OA039,2,1966,27,21.41,
02OA039,2,1966,28,21.37,
02OA039,2,1966,29,21.28,
02OA039,2,1966,30,21.25,
02OA039,2,1966,31,21.27,
02OA039,2,1966,32,21.38,
02OA039,2,1966,33,21.4,
02OA039,2,1966,34,21.33,
02OA039,2,1966,35,21.25,
02OA039,2,1966,36,21.08,
02OA039,2,1966,37,20.88,
02OA039,2,1966,38,21.01,
02OA039,2,1966,39,21.1,
02OA039,2,1966,40,21.15,
02OA039,2,1966,41,21.26,
02OA039,2,1966,42,21.14,
02OA039,2,1966,43,20.96,
02OA039,2,1966,44,20.87,
02OA039,2,1966,45,20.93,
02OA039,2,1966,46,21.13,
02OA039,2,1966,47,21.2,
02OA039,2,1966,48,21.23,
02OA039,2,1966,49,21.33,
02OA039,2,1966,50,21.37,
02OA039,2,1966,51,21.2,
02OA039,2,1966,52,21.25,
02OA039,2,1966,53,21.48,
02OA039,2,1966,54,21.5,
02OA039,2,1966,55,21.31,
02OA039,2,1966,56,21.27,
02OA039,2,1966,57,21.17,
02OA039,2,1966,58,20.97,
02OA039,2,1966,59,20.99,
02OA039,2,1966,60,21.08,
02OA039,2,1966,61,21.07,
02OA039,2,1966,62,21.1,
02OA039,2,1966,63,21.2,
02OA039,2,1966,64,21.24,
02OA039,2,1966,65,21.26,
02OA039,2,1966,66,21.34,
02OA039,2,1966,67,21.53,
02OA039,2,1966,68,21.49,
02OA039,2,1966,69,21.37,
02OA039,2,1966,70,21.38,
02OA039,2,1966,71,21.32,
02OA039,2,1966,72,21.24,
02OA039,2,1966,73,21.22,
02OA039,2,1966,74,21.16,
02OA039,2,1966,75,21.13,
02OA039,2,1966,76,21.11,
02OA039,2,1966,77,21.12,
02OA039,2,1966,78,21.17,
02OA039,2,1966,79,21.34,
02OA039,2,1966,80,21.37,
02OA039,2,1966,81,21.43,
02OA039,2,1966,82,21.46,
02OA039,2,1966,83,21.48,
02OA039,2,1966,84,21.59,
02OA039,2,1966,85,21.55,
02OA039,2,1966,86,21.47,
02OA039,2,1966,87,21.52,
02OA039,2,1966,88,21.53,
02OA039,2,1966,89,21.5,
02OA039,2,1966,90,21.5,
02OA039,2,1966,91,21.47,
02OA039,2,1966,92,21.41,
02OA039,2,1966,93,21.38,
02OA039,2,1966,94,21.37,
02OA039,2,1966,95,21.33,
02OA039,2,1966,96,21.33,
02OA039,2,1966,97,21.34,
02OA039,2,1966,98,21.34,
02OA039,2,1966,99,21.39,
02OA039,2,1966,100,21.38,
02OA039,2,1966,101,21.31,
02OA039,2,1966,102,21.28,
02OA039,2,1966,103,21.29,
02OA039,2,1966,104,21.28,
02OA039,2,1966,105,21.3,
02OA039,2,1966,106,21.29,
02OA039,2,1966,107,21.3,
02OA039,2,1966,108,21.27,
02OA039,2,1966,109,21.25,
02OA039,2,1966,110,21.29,
02OA039,2,1966,111,21.34,
02OA039,2,1966,112,21.36,
02OA039,2,1966,113,21.4,
02OA039,2,1966,114,21.38,
02OA039,2,1966,115,21.39,
02OA039,2,1966,116,21.43,
02OA039,2,1966,117,21.53,
02OA039,2,1966,118,21.56,
02OA039,2,1966,119,21.55,
02OA039,2,1966,120,21.48,
02OA039,2,1966,121,21.42,
02OA039,2,1966,122,21.32,
02OA039,2,1966,123,21.25,
02OA039,2,1966,124,21.28,
02OA039,2,1966,125,21.25,
02OA039,2,1966,126,21.22,
02OA039,2,1966,127,21.14,
02OA039,2,1966,128,21.07,
02OA039,2,1966,129,21.01,
02OA039,2,1966,130,20.98,
02OA039,2,1966,131,20.98,
02OA039,2,1966,132,20.94,
02OA039,2,1966,133,20.94,
02OA039,2,1966,134,20.94,
02OA039,2,1966,135,20.92,
02OA039,2,1966,136,20.9,
02OA039,2,1966,137,20.87,
02OA039,2,1966,138,20.87,
02OA039,2,1966,139,20.85,
02OA039,2,1966,140,20.88,
02OA039,2,1966,141,20.89,
02OA039,2,1966,142,20.84,
02OA039,2,1966,143,20.82,
02OA039,2,1966,144,20.83,
02OA039,2,1966,145,20.84,
02OA039,2,1966,146,20.82,
02OA039,2,1966,147,20.79,
02OA039,2,1966,148,20.79,
02OA039,2,1966,149,20.79,
02OA039,2,1966,150,20.72,
02OA039,2,1966,151,20.7,
02OA039,2,1966,152,20.73,
02OA039,2,1966,153,20.74,
02OA039,2,1966,154,20.77,
02OA039,2,1966,155,20.8,
02OA039,2,1966,156,20.82,
02OA039,2,1966,157,20.8,
02OA039,2,1966,158,20.81,
02OA039,2,1966,159,20.84,
02OA039,2,1966,160,20.84,
02OA039,2,1966,161,20.87,
02OA039,2,1966,162,20.9,
02OA039,2,1966,163,20.92,
02OA039,2,1966,164,20.89,
02OA039,2,1966,165,20.88,
02OA039,2,1966,166,20.92,
02OA039,2,1966,167,20.92,
02OA039,2,1966,168,20.88,
02OA039,2,1966,169,20.88,
02OA039,2,1966,170,20.89,
02OA039,2,1966,171,20.9,
02OA039,2,1966,172,20.88,
02OA039,2,1966,173,20.87,
02OA039,2,1966,174,20.87,
02OA039,2,1966,175,20.88,
02OA039,2,1966,176,20.9,
02OA039,2,1966,177,20.83,
02OA039,2,1966,178,20.83,
02OA039,2,1966,179,20.81,
02OA039,2,1966,180,20.82,
02OA039,2,1966,181,20.82,
02OA039,2,1966,182,20.79,
02OA039,2,1966,183,20.78,
02OA039,2,1966,184,20.78,
02OA039,2,1966,185,20.75,
02OA039,2,1966,186,20.72,
02OA039,2,1966,187,20.74,
02OA039,2,1966,188,20.75,
02OA039,2,1966,189,20.75,
02OA039,2,1966,190,20.74,
02OA039,2,1966,191,20.76,
02OA039,2,1966,192,20.76,
02OA039,2,1966,193,20.73,
02OA039,2,1966,194,20.74,
02OA039,2,1966,195,20.72,
02OA039,2,1966,196,20.7,
02OA039,2,1966,197,20.72,
02OA039,2,1966,198,20.72,
02OA039,2,1966,199,20.68,
02OA039,2,1966,200,20.65,
02OA039,2,1966,201,20.68,
02OA039,2,1966,202,20.71,
02OA039,2,1966,203,20.7,
02OA039,2,1966,204,20.7,
02OA039,2,1966,205,20.7,
02OA039,2,1966,206,20.68,
02OA039,2,1966,207,20.67,
02OA039,2,1966,208,20.69,
02OA039,2,1966,209,20.69,
02OA039,2,1966,210,20.71,
02OA039,2,1966,211,20.72,
02OA039,2,1966,212,20.71,
02OA039,2,1966,213,20.68,
02OA039,2,1966,214,20.68,
02OA039,2,1966,215,20.69,
02OA039,2,1966,216,20.7,
02OA039,2,1966,217,20.66,
02OA039,2,1966,218,20.68,
02OA039,2,1966,219,20.7,
02OA039,2,1966,220,20.71,
02OA039,2,1966,221,20.71,
02OA039,2,1966,222,20.74,
02OA039,2,1966,223,20.77,
02OA039,2,1966,224,20.8,
02OA039,2,1966,225,20.8,
02OA039,2,1966,226,20.79,
02OA039,2,1966,227,20.79,
02OA039,2,1966,228,20.82,
02OA039,2,1966,229,20.93,
02OA039,2,1966,230,20.87,
02OA039,2,1966,231,20.83,
02OA039,2,1966,232,20.82,
02OA039,2,1966,233,20.79,
02OA039,2,1966,234,20.77,
02OA039,2,1966,235,20.8,
02OA039,2,1966,236,20.83,
02OA039,2,1966,237,20.76,
02OA039,2,1966,238,20.76,
02OA039,2,1966,239,20.73,
02OA039,2,1966,240,20.73,
02OA039,2,1966,241,20.71,
02OA039,2,1966,242,20.72,
02OA039,2,1966,243,20.75,
02OA039,2,1966,244,20.77,
02OA039,2,1966,245,20.75,
02OA039,2,1966,246,20.72,
02OA039,2,1966,247,20.73,
02OA039,2,1966,248,20.76,
02OA039,2,1966,249,20.7,
02OA039,2,1966,250,20.73,
02OA039,2,1966,251,20.77,
02OA039,2,1966,252,20.76,
02OA039,2,1966,253,20.74,
02OA039,2,1966,254,20.72,
02OA039,2,1966,255,20.69,
02OA039,2,1966,256,20.7,
02OA039,2,1966,257,20.7,
02OA039,2,1966,258,20.71,
02OA039,2,1966,259,20.72,
02OA039,2,1966,260,20.71,
02OA039,2,1966,261,20.68,
02OA039,2,1966,262,20.65,
02OA039,2,1966,263,20.66,
02OA039,2,1966,264,20.72,
02OA039,2,1966,265,20.75,
02OA039,2,1966,266,20.73,
02OA039,2,1966,267,20.7,
02OA039,2,1966,268,20.66,
02OA039,2,1966,269,20.62,
02OA039,2,1966,270,20.68,
02OA039,2,1966,271,20.69,
02OA039,2,1966,272,20.69,
02OA039,2,1966,273,20.71,
02OA039,2,1966,274,20.67,
02OA039,2,1966,275,20.62,
02OA039,2,1966,276,20.63,
02OA039,2,1966,277,20.65,
02OA039,2,1966,278,20.67,
02OA039,2,1966,279,20.66,
02OA039,2,1966,280,20.66,
02OA039,2,1966,281,20.62,
02OA039,2,1966,282,20.6,
02OA039,2,1966,283,20.65,
02OA039,2,1966,284,20.66,
02OA039,2,1966,285,20.62,
02OA039,2,1966,286,20.63,
02OA039,2,1966,287,20.69,
02OA039,2,1966,288,20.69,
02OA039,2,1966,289,20.68,
02OA039,2,1966,290,20.67,
02OA039,2,1966,291,20.65,
02OA039,2,1966,292,20.67,
02OA039,2,1966,293,20.7,
02OA039,2,1966,294,20.72,
02OA039,2,1966,295,20.73,
02OA039,2,1966,296,20.7,
02OA039,2,1966,297,20.73,
02OA039,2,1966,298,20.72,
02OA039,2,1966,299,20.72,
02OA039,2,1966,300,20.72,
02OA039,2,1966,301,20.71,
02OA039,2,1966,302,20.7,
02OA039,2,1966,303,20.72,
02OA039,2,1966,304,20.69,
02OA039,2,1966,305,20.69,
02OA039,2,1966,306,20.77,
02OA039,2,1966,307,20.83,
02OA039,2,1966,308,20.81,
02OA039,2,1966,309,20.73,
02OA039,2,1966,310,20.69,
02OA039,2,1966,311,20.69,
02OA039,2,1966,312,20.72,
02OA039,2,1966,313,20.77,
02OA039,2,1966,314,20.77,
02OA039,2,1966,315,20.84,
02OA039,2,1966,316,20.86,
02OA039,2,1966,317,20.87,
02OA039,2,1966,318,20.8,
02OA039,2,1966,319,20.74,
02OA039,2,1966,320,20.76,
02OA039,2,1966,321,20.75,
02OA039,2,1966,322,20.76,
02OA039,2,1966,323,20.8,
02OA039,2,1966,324,20.77,
02OA039,2,1966,325,20.73,
02OA039,2,1966,326,20.69,
02OA039,2,1966,327,20.72,
02OA039,2,1966,328,20.71,
02OA039,2,1966,329,20.74,
02OA039,2,1966,330,20.81,
02OA039,2,1966,331,20.77,
02OA039,2,1966,332,20.75,
02OA039,2,1966,333,20.77,
02OA039,2,1966,334,20.85,
02OA039,2,1966,335,20.84,
02OA039,2,1966,336,20.88,
02OA039,2,1966,337,20.85,
02OA039,2,1966,338,20.79,
02OA039,2,1966,339,20.87,
02OA039,2,1966,340,21.02,
02OA039,2,1966,341,21.03,
02OA039,2,1966,342,21.06,
02OA039,2,1966,343,21.14,
02OA039,2,1966,344,21.11,
02OA039,2,1966,345,21.09,
02OA039,2,1966,346,21.26,
02OA039,2,1966,347,21.36,
02OA039,2,1966,348,21.37,
02OA039,2,1966,349,21.34,
02OA039,2,1966,350,21.33,
02OA039,2,1966,351,21.28,
02OA039,2,1966,352,21.17,
02OA039,2,1966,353,21.27,
02OA039,2,1966,354,21.24,
02OA039,2,1966,355,21.29,
02OA039,2,1966,356,21.32,
02OA039,2,1966,357,21.21,
02OA039,2,1966,358,21.17,
02OA039,2,1966,359,21.09,
02OA039,2,1966,360,20.99,
02OA039,2,1966,361,21.02,
02OA039,2,1966,362,21.24,
02OA039,2,1966,363,21.36,
02OA039,2,1966,364,21.43,
02OA039,2,1966,365,21.51,
02OA039,2,1967,1,21.4,
02OA039,2,1967,2,21.17,
02OA039,2,1967,3,21.1,
02OA039,2,1967,4,21.1,
02OA039,2,1967,5,21.09,
02OA039,2,1967,6,21.13,
02OA039,2,1967,7,21.11,
02OA039,2,1967,8,21.05,
02OA039,2,1967,9,21.1,
02OA039,2,1967,10,21.22,
02OA039,2,1967,11,21.26,
02OA039,2,1967,12,21.36,
02OA039,2,1967,13,21.37,
02OA039,2,1967,14,21.09,
02OA039,2,1967,15,20.85,
02OA039,2,1967,16,20.91,
02OA039,2,1967,17,21.08,
02OA039,2,1967,18,21.15,
02OA039,2,1967,19,21.26,
02OA039,2,1967,20,21.32,
02OA039,2,1967,21,21.28,
02OA039,2,1967,22,21.08,
02OA039,2,1967,23,21.1,
02OA039,2,1967,24,21.25,
02OA039,2,1967,25,21.17,
02OA039,2,1967,26,21.11,
02OA039,2,1967,27,21.25,
02OA039,2,1967,28,21.24,
02OA039,2,1967,29,21.15,
02OA039,2,1967,30,21.24,
02OA039,2,1967,31,21.5,
02OA039,2,1967,32,21.5,
02OA039,2,1967,33,21.46,
02OA039,2,1967,34,21.43,
02OA039,2,1967,35,21.41,
02OA039,2,1967,36,21.3,
02OA039,2,1967,37,21.39,
02OA039,2,1967,38,21.61,
02OA039,2,1967,39,21.71,
02OA039,2,1967,40,21.66,
02OA039,2,1967,41,21.61,
02OA039,2,1967,42,21.3,
02OA039,2,1967,43,21.08,
02OA039,2,1967,44,21.13,
02OA039,2,1967,45,21.4,
02OA039,2,1967,46,21.53,
02OA039,2,1967,47,21.45,
02OA039,2,1967,48,21.5,
02OA039,2,1967,49,21.3,
02OA039,2,1967,50,21.08,
02OA039,2,1967,51,21.09,
02OA039,2,1967,52,21.26,
02OA039,2,1967,53,21.37,
02OA039,2,1967,54,21.34,
02OA039,2,1967,55,21.25,
02OA039,2,1967,56,21.1,
02OA039,2,1967,57,21.02,
02OA039,2,1967,58,21.17,
02OA039,2,1967,59,21.16,
02OA039,2,1967,60,21.09,
02OA039,2,1967,61,21.18,
02OA039,2,1967,62,21.19,
02OA039,2,1967,63,20.99,
02OA039,2,1967,64,20.81,
02OA039,2,1967,65,20.8,
02OA039,2,1967,66,20.96,
02OA039,2,1967,67,21.01,
02OA039,2,1967,68,20.99,
02OA039,2,1967,69,20.94,
02OA039,2,1967,70,20.79,
02OA039,2,1967,71,20.64,
02OA039,2,1967,72,20.77,
02OA039,2,1967,73,20.96,
02OA039,2,1967,74,20.94,
02OA039,2,1967,75,20.96,
02OA039,2,1967,76,21,
02OA039,2,1967,77,20.88,
02OA039,2,1967,78,20.68,
02OA039,2,1967,79,20.62,
02OA039,2,1967,80,20.8,
02OA039,2,1967,81,20.8,
02OA039,2,1967,82,20.79,
02OA039,2,1967,83,20.8,
02OA039,2,1967,84,20.64,
02OA039,2,1967,85,20.48,
02OA039,2,1967,86,20.56,
02OA039,2,1967,87,20.78,
02OA039,2,1967,88,20.88,
02OA039,2,1967,89,20.94,
02OA039,2,1967,90,21.1,
02OA039,2,1967,91,21.16,
02OA039,2,1967,92,21.16,
02OA039,2,1967,93,21.51,
02OA039,2,1967,94,21.68,
02OA039,2,1967,95,21.63,
02OA039,2,1967,96,21.4,
02OA039,2,1967,97,21.35,
02OA039,2,1967,98,21.27,
02OA039,2,1967,99,21.12,
02OA039,2,1967,100,21.2,
02OA039,2,1967,101,21.21,
02OA039,2,1967,102,21.18,
02OA039,2,1967,103,21.14,
02OA039,2,1967,104,21.14,
02OA039,2,1967,105,21.17,
02OA039,2,1967,106,21.27,
02OA039,2,1967,107,21.31,
02OA039,2,1967,108,21.41,
02OA039,2,1967,109,21.53,
02OA039,2,1967,110,21.51,
02OA039,2,1967,111,21.49,
02OA039,2,1967,112,21.52,
02OA039,2,1967,113,21.54,
02OA039,2,1967,114,21.56,
02OA039,2,1967,115,21.61,
02OA039,2,1967,116,21.63,
02OA039,2,1967,117,21.61,
02OA039,2,1967,118,21.6,
02OA039,2,1967,119,21.57,
02OA039,2,1967,120,21.53,
02OA039,2,1967,121,21.47,
02OA039,2,1967,122,21.39,
02OA039,2,1967,123,21.34,
02OA039,2,1967,124,21.36,
02OA039,2,1967,125,21.36,
02OA039,2,1967,126,21.36,
02OA039,2,1967,127,21.39,
02OA039,2,1967,128,21.45,
02OA039,2,1967,129,21.5,
02OA039,2,1967,130,21.54,
02OA039,2,1967,131,21.54,
02OA039,2,1967,132,21.55,
02OA039,2,1967,133,21.54,
02OA039,2,1967,134,21.49,
02OA039,2,1967,135,21.45,
02OA039,2,1967,136,21.4,
02OA039,2,1967,137,21.37,
02OA039,2,1967,138,21.29,
02OA039,2,1967,139,21.24,
02OA039,2,1967,140,21.17,
02OA039,2,1967,141,21.1,
02OA039,2,1967,142,21.09,
02OA039,2,1967,143,21.09,
02OA039,2,1967,144,21.05,
02OA039,2,1967,145,21.02,
02OA039,2,1967,146,21.03,
02OA039,2,1967,147,21.07,
02OA039,2,1967,148,21.1,
02OA039,2,1967,149,21.04,
02OA039,2,1967,150,21,
02OA039,2,1967,151,20.99,
02OA039,2,1967,152,20.96,
02OA039,2,1967,153,20.92,
02OA039,2,1967,154,20.89,
02OA039,2,1967,155,20.9,
02OA039,2,1967,156,20.93,
02OA039,2,1967,157,20.91,
02OA039,2,1967,158,20.92,
02OA039,2,1967,159,20.91,
02OA039,2,1967,160,20.9,
02OA039,2,1967,161,20.89,
02OA039,2,1967,162,20.89,
02OA039,2,1967,163,20.88,
02OA039,2,1967,164,20.93,
02OA039,2,1967,165,20.97,
02OA039,2,1967,166,20.98,
02OA039,2,1967,167,21.05,
02OA039,2,1967,168,21.11,
02OA039,2,1967,169,21.17,
02OA039,2,1967,170,21.28,
02OA039,2,1967,171,21.36,
02OA039,2,1967,172,21.4,
02OA039,2,1967,173,21.37,
02OA039,2,1967,174,21.32,
02OA039,2,1967,175,21.3,
02OA039,2,1967,176,21.24,
02OA039,2,1967,177,21.24,
02OA039,2,1967,178,21.25,
02OA039,2,1967,179,21.24,
02OA039,2,1967,180,21.2,
02OA039,2,1967,181,21.16,
02OA039,2,1967,182,21.11,
02OA039,2,1967,183,21.04,
02OA039,2,1967,184,21.05,
02OA039,2,1967,185,21.08,
02OA039,2,1967,186,21.05,
02OA039,2,1967,187,21.07,
02OA039,2,1967,188,21.07,
02OA039,2,1967,189,21.04,
02OA039,2,1967,190,21.06,
02OA039,2,1967,191,21.07,
02OA039,2,1967,192,21.03,
02OA039,2,1967,193,21.04,
02OA039,2,1967,194,21.04,
02OA039,2,1967,195,21.02,
02OA039,2,1967,196,21.01,
02OA039,2,1967,197,21.04,
02OA039,2,1967,198,21.03,
02OA039,2,1967,199,20.98,
02OA039,2,1967,200,20.98,
02OA039,2,1967,201,20.98,
02OA039,2,1967,202,21,
02OA039,2,1967,203,20.91,
02OA039,2,1967,204,20.83,
02OA039,2,1967,205,20.81,
02OA039,2,1967,206,20.81,
02OA039,2,1967,207,20.8,
02OA039,2,1967,208,20.78,
02OA039,2,1967,209,20.77,
02OA039,2,1967,210,20.83,
02OA039,2,1967,211,20.86,
02OA039,2,1967,212,20.83,
02OA039,2,1967,213,20.83,
02OA039,2,1967,214,20.83,
02OA039,2,1967,215,20.84,
02OA039,2,1967,216,20.87,
02OA039,2,1967,217,20.87,
02OA039,2,1967,218,20.83,
02OA039,2,1967,219,20.8,
02OA039,2,1967,220,20.79,
02OA039,2,1967,221,20.81,
02OA039,2,1967,222,20.83,
02OA039,2,1967,223,20.81,
02OA039,2,1967,224,20.81,
02OA039,2,1967,225,20.9,
02OA039,2,1967,226,20.89,
02OA039,2,1967,227,20.91,
02OA039,2,1967,228,20.89,
02OA039,2,1967,229,20.9,
02OA039,2,1967,230,20.89,
02OA039,2,1967,231,20.91,
02OA039,2,1967,232,20.91,
02OA039,2,1967,233,20.9,
02OA039,2,1967,234,20.87,
02OA039,2,1967,235,20.89,
02OA039,2,1967,236,20.89,
02OA039,2,1967,237,20.91,
02OA039,2,1967,238,20.89,
02OA039,2,1967,239,20.86,
02OA039,2,1967,240,20.84,
02OA039,2,1967,241,20.87,
02OA039,2,1967,242,20.87,
02OA039,2,1967,243,20.89,
02OA039,2,1967,244,20.9,
02OA039,2,1967,245,20.94,
02OA039,2,1967,246,20.94,
02OA039,2,1967,247,20.91,
02OA039,2,1967,248,20.92,
02OA039,2,1967,249,20.93,
02OA039,2,1967,250,20.95,
02OA039,2,1967,251,20.98,
02OA039,2,1967,252,20.93,
02OA039,2,1967,253,20.9,
02OA039,2,1967,254,20.88,
02OA039,2,1967,255,20.88,
02OA039,2,1967,256,20.89,
02OA039,2,1967,257,20.91,
02OA039,2,1967,258,20.9,
02OA039,2,1967,259,20.86,
02OA039,2,1967,260,20.84,
02OA039,2,1967,261,20.78,
02OA039,2,1967,262,20.75,
02OA039,2,1967,263,20.77,
02OA039,2,1967,264,20.81,
02OA039,2,1967,265,20.83,
02OA039,2,1967,266,20.85,
02OA039,2,1967,267,20.84,
02OA039,2,1967,268,20.83,
02OA039,2,1967,269,20.82,
02OA039,2,1967,270,20.84,
02OA039,2,1967,271,20.84,
02OA039,2,1967,272,20.86,
02OA039,2,1967,273,20.92,
02OA039,2,1967,274,20.92,
02OA039,2,1967,275,20.88,
02OA039,2,1967,276,20.9,
02OA039,2,1967,277,20.93,
02OA039,2,1967,278,20.91,
02OA039,2,1967,279,20.91,
02OA039,2,1967,280,20.97,
02OA039,2,1967,281,21.01,
02OA039,2,1967,282,20.99,
02OA039,2,1967,283,21.02,
02OA039,2,1967,284,21.03,
02OA039,2,1967,285,21.03,
02OA039,2,1967,286,21.03,
02OA039,2,1967,287,21.04,
02OA039,2,1967,288,21.05,
02OA039,2,1967,289,21.05,
02OA039,2,1967,290,21.03,
02OA039,2,1967,291,21.05,
02OA039,2,1967,292,21.18,
02OA039,2,1967,293,21.21,
02OA039,2,1967,294,21.39,
02OA039,2,1967,295,21.5,
02OA039,2,1967,296,21.52,
02OA039,2,1967,297,21.5,
02OA039,2,1967,298,21.52,
02OA039,2,1967,299,21.52,
02OA039,2,1967,300,21.52,
02OA039,2,1967,301,21.56,
02OA039,2,1967,302,21.59,
02OA039,2,1967,303,21.59,
02OA039,2,1967,304,21.56,
02OA039,2,1967,305,21.54,
02OA039,2,1967,306,21.52,
02OA039,2,1967,307,21.57,
02OA039,2,1967,308,21.68,
02OA039,2,1967,309,21.73,
02OA039,2,1967,310,21.77,
02OA039,2,1967,311,21.79,
02OA039,2,1967,312,21.79,
02OA039,2,1967,313,21.79,
02OA039,2,1967,314,21.77,
02OA039,2,1967,315,21.77,
02OA039,2,1967,316,21.79,
02OA039,2,1967,317,21.79,
02OA039,2,1967,318,21.8,
02OA039,2,1967,319,21.85,
02OA039,2,1967,320,21.85,
02OA039,2,1967,321,21.8,
02OA039,2,1967,322,21.77,
02OA039,2,1967,323,21.73,
02OA039,2,1967,324,21.71,
02OA039,2,1967,325,21.64,
02OA039,2,1967,326,21.6,
02OA039,2,1967,327,21.61,
02OA039,2,1967,328,21.71,
02OA039,2,1967,329,21.65,
02OA039,2,1967,330,21.74,
02OA039,2,1967,331,21.78,
02OA039,2,1967,332,21.75,
02OA039,2,1967,333,21.69,
02OA039,2,1967,334,21.66,
02OA039,2,1967,335,21.65,
02OA039,2,1967,336,21.61,
02OA039,2,1967,337,21.56,
02OA039,2,1967,338,21.58,
02OA039,2,1967,339,21.56,
02OA039,2,1967,340,21.56,
02OA039,2,1967,341,21.52,
02OA039,2,1967,342,21.55,
02OA039,2,1967,343,21.59,
02OA039,2,1967,344,21.5,
02OA039,2,1967,345,21.43,
02OA039,2,1967,346,21.54,
02OA039,2,1967,347,21.65,
02OA039,2,1967,348,21.59,
02OA039,2,1967,349,21.56,
02OA039,2,1967,350,21.54,
02OA039,2,1967,351,21.46,
02OA039,2,1967,352,21.43,
02OA039,2,1967,353,21.51,
02OA039,2,1967,354,21.58,
02OA039,2,1967,355,21.56,
02OA039,2,1967,356,21.56,
02OA039,2,1967,357,21.58,
02OA039,2,1967,358,21.59,
02OA039,2,1967,359,21.58,
02OA039,2,1967,360,21.56,
02OA039,2,1967,361,21.49,
02OA039,2,1967,362,21.51,
02OA039,2,1967,363,21.55,
02OA039,2,1967,364,21.58,
02OA039,2,1967,365,21.56,
02OA039,2,1968,1,21.4,
02OA039,2,1968,2,21.19,
02OA039,2,1968,3,21.25,
02OA039,2,1968,4,21.24,
02OA039,2,1968,5,21.28,
02OA039,2,1968,6,21.46,
02OA039,2,1968,7,21.48,
02OA039,2,1968,8,21.4,
02OA039,2,1968,9,21.41,
02OA039,2,1968,10,21.51,
02OA039,2,1968,11,21.54,
02OA039,2,1968,12,21.61,
02OA039,2,1968,13,21.69,
02OA039,2,1968,14,21.76,
02OA039,2,1968,15,21.79,
02OA039,2,1968,16,21.75,
02OA039,2,1968,17,21.78,
02OA039,2,1968,18,21.86,
02OA039,2,1968,19,21.76,
02OA039,2,1968,20,21.35,
02OA039,2,1968,21,21.13,
02OA039,2,1968,22,21.26,
02OA039,2,1968,23,21.32,
02OA039,2,1968,24,21.4,
02OA039,2,1968,25,21.55,
02OA039,2,1968,26,21.62,
02OA039,2,1968,27,21.56,
02OA039,2,1968,28,21.49,
02OA039,2,1968,29,21.53,
02OA039,2,1968,30,21.47,
02OA039,2,1968,31,21.32,
02OA039,2,1968,32,21.33,
02OA039,2,1968,33,21.32,
02OA039,2,1968,34,21.33,
02OA039,2,1968,35,21.37,
02OA039,2,1968,36,21.48,
02OA039,2,1968,37,21.53,
02OA039,2,1968,38,21.62,
02OA039,2,1968,39,21.62,
02OA039,2,1968,40,21.56,
02OA039,2,1968,41,21.41,
02OA039,2,1968,42,21.32,
02OA039,2,1968,43,21.36,
02OA039,2,1968,44,21.41,
02OA039,2,1968,45,21.49,
02OA039,2,1968,46,21.52,
02OA039,2,1968,47,21.6,
02OA039,2,1968,48,21.63,
02OA039,2,1968,49,21.55,
02OA039,2,1968,50,21.61,
02OA039,2,1968,51,21.69,
02OA039,2,1968,52,21.71,
02OA039,2,1968,53,21.69,
02OA039,2,1968,54,21.64,
02OA039,2,1968,55,21.56,
02OA039,2,1968,56,21.37,
02OA039,2,1968,57,21.23,
02OA039,2,1968,58,21.22,
02OA039,2,1968,59,21.19,
02OA039,2,1968,60,21.16,
02OA039,2,1968,61,21.12,
02OA039,2,1968,62,21.07,
02OA039,2,1968,63,21,
02OA039,2,1968,64,21.09,
02OA039,2,1968,65,21.04,
02OA039,2,1968,66,21.05,
02OA039,2,1968,67,21.1,
02OA039,2,1968,68,21.13,
02OA039,2,1968,69,21.02,
02OA039,2,1968,70,20.9,
02OA039,2,1968,71,20.94,
02OA039,2,1968,72,21.11,
02OA039,2,1968,73,21.1,
02OA039,2,1968,74,21.18,
02OA039,2,1968,75,21.17,
02OA039,2,1968,76,21.05,
02OA039,2,1968,77,20.92,
02OA039,2,1968,78,21,
02OA039,2,1968,79,21.15,
02OA039,2,1968,80,21.27,
02OA039,2,1968,81,21.46,
02OA039,2,1968,82,21.63,
02OA039,2,1968,83,21.61,
02OA039,2,1968,84,21.61,
02OA039,2,1968,85,21.66,
02OA039,2,1968,86,21.6,
02OA039,2,1968,87,21.61,
02OA039,2,1968,88,21.79,
02OA039,2,1968,89,21.82,
02OA039,2,1968,90,21.84,
02OA039,2,1968,91,21.91,
02OA039,2,1968,92,21.84,
02OA039,2,1968,93,21.94,
02OA039,2,1968,94,21.91,
02OA039,2,1968,95,21.91,
02OA039,2,1968,96,21.9,
02OA039,2,1968,97,21.86,
02OA039,2,1968,98,21.79,
02OA039,2,1968,99,21.73,
02OA039,2,1968,100,21.73,
02OA039,2,1968,101,21.74,
02OA039,2,1968,102,21.71,
02OA039,2,1968,103,21.66,
02OA039,2,1968,104,21.62,
02OA039,2,1968,105,21.6,
02OA039,2,1968,106,21.59,
02OA039,2,1968,107,21.55,
02OA039,2,1968,108,21.58,
02OA039,2,1968,109,21.58,
02OA039,2,1968,110,21.57,
02OA039,2,1968,111,21.53,
02OA039,2,1968,112,21.5,
02OA039,2,1968,113,21.52,
02OA039,2,1968,114,21.5,
02OA039,2,1968,115,21.5,
02OA039,2,1968,116,21.5,
02OA039,2,1968,117,21.54,
02OA039,2,1968,118,21.53,
02OA039,2,1968,119,21.55,
02OA039,2,1968,120,21.52,
02OA039,2,1968,121,21.49,
02OA039,2,1968,122,21.47,
02OA039,2,1968,123,21.43,
02OA039,2,1968,124,21.44,
02OA039,2,1968,125,21.42,
02OA039,2,1968,126,21.41,
02OA039,2,1968,127,21.35,
02OA039,2,1968,128,21.35,
02OA039,2,1968,129,21.34,
02OA039,2,1968,130,21.31,
02OA039,2,1968,131,21.31,
02OA039,2,1968,132,21.2,
02OA039,2,1968,133,21.09,
02OA039,2,1968,134,21.1,
02OA039,2,1968,135,21.1,
02OA039,2,1968,136,21.09,
02OA039,2,1968,137,21.08,
02OA039,2,1968,138,21.06,
02OA039,2,1968,139,20.99,
02OA039,2,1968,140,20.93,
02OA039,2,1968,141,20.95,
02OA039,2,1968,142,21.02,
02OA039,2,1968,143,21.07,
02OA039,2,1968,144,21.01,
02OA039,2,1968,145,20.98,
02OA039,2,1968,146,20.95,
02OA039,2,1968,147,20.93,
02OA039,2,1968,148,20.93,
02OA039,2,1968,149,20.95,
02OA039,2,1968,150,20.98,
02OA039,2,1968,151,21,
02OA039,2,1968,152,21.01,
02OA039,2,1968,153,21.04,
02OA039,2,1968,154,21.05,
02OA039,2,1968,155,21.04,
02OA039,2,1968,156,20.97,
02OA039,2,1968,157,20.93,
02OA039,2,1968,158,20.91,
02OA039,2,1968,159,20.91,
02OA039,2,1968,160,20.94,
02OA039,2,1968,161,20.96,
02OA039,2,1968,162,20.95,
02OA039,2,1968,163,20.97,
02OA039,2,1968,164,20.99,
02OA039,2,1968,165,20.97,
02OA039,2,1968,166,20.97,
02OA039,2,1968,167,20.95,
02OA039,2,1968,168,20.93,
02OA039,2,1968,169,20.92,
02OA039,2,1968,170,20.95,
02OA039,2,1968,171,20.95,
02OA039,2,1968,172,20.95,
02OA039,2,1968,173,20.95,
02OA039,2,1968,174,20.99,
02OA039,2,1968,175,21.02,
02OA039,2,1968,176,21.01,
02OA039,2,1968,177,21.01,
02OA039,2,1968,178,20.99,
02OA039,2,1968,179,21.01,
02OA039,2,1968,180,21.04,
02OA039,2,1968,181,21.11,
02OA039,2,1968,182,21.12,
02OA039,2,1968,183,21.15,
02OA039,2,1968,184,21.21,
02OA039,2,1968,185,21.19,
02OA039,2,1968,186,21.17,
02OA039,2,1968,187,21.15,
02OA039,2,1968,188,21.18,
02OA039,2,1968,189,21.22,
02OA039,2,1968,190,21.2,
02OA039,2,1968,191,21.19,
02OA039,2,1968,192,21.21,
02OA039,2,1968,193,21.22,
02OA039,2,1968,194,21.19,
02OA039,2,1968,195,21.2,
02OA039,2,1968,196,21.19,
02OA039,2,1968,197,21.17,
02OA039,2,1968,198,21.18,
02OA039,2,1968,199,21.17,
02OA039,2,1968,200,21.13,
02OA039,2,1968,201,21.15,
02OA039,2,1968,202,21.16,
02OA039,2,1968,203,21.13,
02OA039,2,1968,204,21.11,
02OA039,2,1968,205,21.11,
02OA039,2,1968,206,21.09,
02OA039,2,1968,207,21.09,
02OA039,2,1968,208,21.14,
02OA039,2,1968,209,21.12,
02OA039,2,1968,210,21.13,
02OA039,2,1968,211,21.08,
02OA039,2,1968,212,21.07,
02OA039,2,1968,213,21.08,
02OA039,2,1968,214,21.13,
02OA039,2,1968,215,21.13,
02OA039,2,1968,216,21.13,
02OA039,2,1968,217,21.11,
02OA039,2,1968,218,21.09,
02OA039,2,1968,219,21.11,
02OA039,2,1968,220,21.14,
02OA039,2,1968,221,21.15,
02OA039,2,1968,222,21.17,
02OA039,2,1968,223,21.2,
02OA039,2,1968,224,21.17,
02OA039,2,1968,225,21.17,
02OA039,2,1968,226,21.19,
02OA039,2,1968,227,21.17,
02OA039,2,1968,228,21.18,
02OA039,2,1968,229,21.18,
02OA039,2,1968,230,21.2,
02OA039,2,1968,231,21.2,
02OA039,2,1968,232,21.19,
02OA039,2,1968,233,21.19,
02OA039,2,1968,234,21.22,
02OA039,2,1968,235,21.2,
02OA039,2,1968,236,21.21,
02OA039,2,1968,237,21.24,
02OA039,2,1968,238,21.2,
02OA039,2,1968,239,21.16,
02OA039,2,1968,240,21.15,
02OA039,2,1968,241,21.13,
02OA039,2,1968,242,21.14,
02OA039,2,1968,243,21.17,
02OA039,2,1968,244,21.21,
02OA039,2,1968,245,21.2,
02OA039,2,1968,246,21.16,
02OA039,2,1968,247,21.18,
02OA039,2,1968,248,21.17,
02OA039,2,1968,249,21.18,
02OA039,2,1968,250,21.21,
02OA039,2,1968,251,21.23,
02OA039,2,1968,252,21.2,
02OA039,2,1968,253,21.16,
02OA039,2,1968,254,21.16,
02OA039,2,1968,255,21.19,
02OA039,2,1968,256,21.22,
02OA039,2,1968,257,21.25,
02OA039,2,1968,258,21.29,
02OA039,2,1968,259,21.28,
02OA039,2,1968,260,21.28,
02OA039,2,1968,261,21.31,
02OA039,2,1968,262,21.31,
02OA039,2,1968,263,21.3,
02OA039,2,1968,264,21.26,
02OA039,2,1968,265,21.26,
02OA039,2,1968,266,21.25,
02OA039,2,1968,267,21.23,
02OA039,2,1968,268,21.25,
02OA039,2,1968,269,21.25,
02OA039,2,1968,270,21.24,
02OA039,2,1968,271,21.24,
02OA039,2,1968,272,21.29,
02OA039,2,1968,273,21.25,
02OA039,2,1968,274,21.21,
02OA039,2,1968,275,21.21,
02OA039,2,1968,276,21.22,
02OA039,2,1968,277,21.23,
02OA039,2,1968,278,21.24,
02OA039,2,1968,279,21.18,
02OA039,2,1968,280,21.13,
02OA039,2,1968,281,21.12,
02OA039,2,1968,282,21.15,
02OA039,2,1968,283,21.17,
02OA039,2,1968,284,21.15,
02OA039,2,1968,285,21.16,
02OA039,2,1968,286,21.16,
02OA039,2,1968,287,21.12,
02OA039,2,1968,288,21.07,
02OA039,2,1968,289,21.08,
02OA039,2,1968,290,21.11,
02OA039,2,1968,291,21.12,
02OA039,2,1968,292,21.12,
02OA039,2,1968,293,21.11,
02OA039,2,1968,294,21.09,
02OA039,2,1968,295,21.06,
02OA039,2,1968,296,21.06,
02OA039,2,1968,297,21.08,
02OA039,2,1968,298,21.08,
02OA039,2,1968,299,21.1,
02OA039,2,1968,300,21.1,
02OA039,2,1968,301,20.99,
02OA039,2,1968,302,21.01,
02OA039,2,1968,303,21.11,
02OA039,2,1968,304,21.16,
02OA039,2,1968,305,21.14,
02OA039,2,1968,306,21.13,
02OA039,2,1968,307,21.12,
02OA039,2,1968,308,21.1,
02OA039,2,1968,309,21.08,
02OA039,2,1968,310,21.08,
02OA039,2,1968,311,21.08,
02OA039,2,1968,312,21.05,
02OA039,2,1968,313,21.07,
02OA039,2,1968,314,21.09,
02OA039,2,1968,315,21.06,
02OA039,2,1968,316,21.04,
02OA039,2,1968,317,21.06,
02OA039,2,1968,318,21.11,
02OA039,2,1968,319,21.08,
02OA039,2,1968,320,21.02,
02OA039,2,1968,321,21.04,
02OA039,2,1968,322,21.06,
02OA039,2,1968,323,21.01,
02OA039,2,1968,324,21.08,
02OA039,2,1968,325,21.14,
02OA039,2,1968,326,21.12,
02OA039,2,1968,327,21.08,
02OA039,2,1968,328,21.08,
02OA039,2,1968,329,21.08,
02OA039,2,1968,330,21.13,
02OA039,2,1968,331,21.14,
02OA039,2,1968,332,21.15,
02OA039,2,1968,333,21.16,
02OA039,2,1968,334,21.22,
02OA039,2,1968,335,21.33,
02OA039,2,1968,336,21.32,
02OA039,2,1968,337,21.24,
02OA039,2,1968,338,21.21,
02OA039,2,1968,339,21.19,
02OA039,2,1968,340,21.29,
02OA039,2,1968,341,21.36,
02OA039,2,1968,342,21.19,
02OA039,2,1968,343,21.18,
02OA039,2,1968,344,21.23,
02OA039,2,1968,345,21.31,
02OA039,2,1968,346,21.37,
02OA039,2,1968,347,21.36,
02OA039,2,1968,348,21.35,
02OA039,2,1968,349,21.28,
02OA039,2,1968,350,21.25,
02OA039,2,1968,351,21.3,
02OA039,2,1968,352,21.16,
02OA039,2,1968,353,20.86,
02OA039,2,1968,354,21.19,
02OA039,2,1968,355,21.21,
02OA039,2,1968,356,21.03,
02OA039,2,1968,357,20.9,
02OA039,2,1968,358,20.88,
02OA039,2,1968,359,20.99,
02OA039,2,1968,360,20.76,
02OA039,2,1968,361,20.83,
02OA039,2,1968,362,21.16,
02OA039,2,1968,363,21.16,
02OA039,2,1968,364,21.01,
02OA039,2,1968,365,21.18,
02OA039,2,1968,366,21.47,
02OA039,2,1969,1,,
02OA039,2,1969,2,,
02OA039,2,1969,3,,
02OA039,2,1969,4,,
02OA039,2,1969,5,,
02OA039,2,1969,6,,
02OA039,2,1969,7,,
02OA039,2,1969,8,21.47,
02OA039,2,1969,9,21.53,
02OA039,2,1969,10,21.57,
02OA039,2,1969,11,21.51,
02OA039,2,1969,12,21.37,
02OA039,2,1969,13,21.37,
02OA039,2,1969,14,21.62,
02OA039,2,1969,15,21.72,
02OA039,2,1969,16,21.79,
02OA039,2,1969,17,21.81,
02OA039,2,1969,18,21.74,
02OA039,2,1969,19,21.36,
02OA039,2,1969,20,21.19,
02OA039,2,1969,21,21.28,
02OA039,2,1969,22,21.27,
02OA039,2,1969,23,21.21,
02OA039,2,1969,24,21.17,
02OA039,2,1969,25,21.18,
02OA039,2,1969,26,21.32,
02OA039,2,1969,27,21.45,
02OA039,2,1969,28,21.57,
02OA039,2,1969,29,21.73,
02OA039,2,1969,30,21.81,
02OA039,2,1969,31,21.63,
02OA039,2,1969,32,21.43,
02OA039,2,1969,33,21.35,
02OA039,2,1969,34,21.36,
02OA039,2,1969,35,21.37,
02OA039,2,1969,36,21.51,
02OA039,2,1969,37,21.76,
02OA039,2,1969,38,21.86,
02OA039,2,1969,39,21.72,
02OA039,2,1969,40,21.52,
02OA039,2,1969,41,21.42,
02OA039,2,1969,42,21.48,
02OA039,2,1969,43,21.37,
02OA039,2,1969,44,21.28,
02OA039,2,1969,45,21.38,
02OA039,2,1969,46,21.48,
02OA039,2,1969,47,21.52,
02OA039,2,1969,48,21.53,
02OA039,2,1969,49,21.5,
02OA039,2,1969,50,21.42,
02OA039,2,1969,51,21.33,
02OA039,2,1969,52,21.28,
02OA039,2,1969,53,21.22,
02OA039,2,1969,54,21.15,
02OA039,2,1969,55,21.16,
02OA039,2,1969,56,21.22,
02OA039,2,1969,57,21.27,
02OA039,2,1969,58,21.3,
02OA039,2,1969,59,21.36,
02OA039,2,1969,60,21.31,
02OA039,2,1969,61,21.2,
02OA039,2,1969,62,21.19,
02OA039,2,1969,63,21.26,
02OA039,2,1969,64,21.37,
02OA039,2,1969,65,21.45,
02OA039,2,1969,66,21.41,
02OA039,2,1969,67,21.38,
02OA039,2,1969,68,21.38,
02OA039,2,1969,69,21.28,
02OA039,2,1969,70,21.25,
02OA039,2,1969,71,21.21,
02OA039,2,1969,72,21.18,
02OA039,2,1969,73,21.16,
02OA039,2,1969,74,21.15,
02OA039,2,1969,75,21.09,
02OA039,2,1969,76,21.07,
02OA039,2,1969,77,21.1,
02OA039,2,1969,78,21.12,
02OA039,2,1969,79,21.12,
02OA039,2,1969,80,21.1,
02OA039,2,1969,81,21.14,
02OA039,2,1969,82,21.23,
02OA039,2,1969,83,21.29,
02OA039,2,1969,84,21.43,
02OA039,2,1969,85,21.62,
02OA039,2,1969,86,21.67,
02OA039,2,1969,87,21.72,
02OA039,2,1969,88,21.63,
02OA039,2,1969,89,21.61,
02OA039,2,1969,90,21.57,
02OA039,2,1969,91,21.62,
02OA039,2,1969,92,21.58,
02OA039,2,1969,93,21.58,
02OA039,2,1969,94,21.57,
02OA039,2,1969,95,21.58,
02OA039,2,1969,96,21.66,
02OA039,2,1969,97,21.68,
02OA039,2,1969,98,21.8,
02OA039,2,1969,99,21.84,
02OA039,2,1969,100,21.81,
02OA039,2,1969,101,21.93,
02OA039,2,1969,102,21.92,
02OA039,2,1969,103,21.83,
02OA039,2,1969,104,21.75,
02OA039,2,1969,105,21.7,
02OA039,2,1969,106,21.67,
02OA039,2,1969,107,21.72,
02OA039,2,1969,108,21.77,
02OA039,2,1969,109,21.9,
02OA039,2,1969,110,21.98,
02OA039,2,1969,111,21.98,
02OA039,2,1969,112,21.91,
02OA039,2,1969,113,21.85,
02OA039,2,1969,114,22.09,
02OA039,2,1969,115,22.04,
02OA039,2,1969,116,22.02,
02OA039,2,1969,117,21.88,
02OA039,2,1969,118,21.82,
02OA039,2,1969,119,21.91,
02OA039,2,1969,120,21.95,
02OA039,2,1969,121,21.92,
02OA039,2,1969,122,21.92,
02OA039,2,1969,123,21.95,
02OA039,2,1969,124,21.87,
02OA039,2,1969,125,21.77,
02OA039,2,1969,126,21.72,
02OA039,2,1969,127,21.7,
02OA039,2,1969,128,21.67,
02OA039,2,1969,129,21.67,
02OA039,2,1969,130,21.67,
02OA039,2,1969,131,21.61,
02OA039,2,1969,132,21.68,
02OA039,2,1969,133,21.7,
02OA039,2,1969,134,21.78,
02OA039,2,1969,135,21.83,
02OA039,2,1969,136,21.82,
02OA039,2,1969,137,21.82,
02OA039,2,1969,138,21.79,
02OA039,2,1969,139,21.82,
02OA039,2,1969,140,21.94,
02OA039,2,1969,141,21.99,
02OA039,2,1969,142,22.02,
02OA039,2,1969,143,21.93,
02OA039,2,1969,144,21.93,
02OA039,2,1969,145,21.93,
02OA039,2,1969,146,21.84,
02OA039,2,1969,147,21.85,
02OA039,2,1969,148,21.79,
02OA039,2,1969,149,21.74,
02OA039,2,1969,150,21.69,
02OA039,2,1969,151,21.69,
02OA039,2,1969,152,21.66,
02OA039,2,1969,153,21.63,
02OA039,2,1969,154,21.73,
02OA039,2,1969,155,21.69,
02OA039,2,1969,156,21.62,
02OA039,2,1969,157,21.69,
02OA039,2,1969,158,21.7,
02OA039,2,1969,159,21.67,
02OA039,2,1969,160,21.63,
02OA039,2,1969,161,21.6,
02OA039,2,1969,162,21.62,
02OA039,2,1969,163,21.61,
02OA039,2,1969,164,21.61,
02OA039,2,1969,165,21.62,
02OA039,2,1969,166,21.62,
02OA039,2,1969,167,21.62,
02OA039,2,1969,168,21.64,
02OA039,2,1969,169,21.65,
02OA039,2,1969,170,21.66,
02OA039,2,1969,171,21.65,
02OA039,2,1969,172,21.59,
02OA039,2,1969,173,21.57,
02OA039,2,1969,174,21.56,
02OA039,2,1969,175,21.64,
02OA039,2,1969,176,21.73,
02OA039,2,1969,177,21.72,
02OA039,2,1969,178,21.75,
02OA039,2,1969,179,21.72,
02OA039,2,1969,180,21.67,
02OA039,2,1969,181,21.59,
02OA039,2,1969,182,21.59,
02OA039,2,1969,183,21.6,
02OA039,2,1969,184,21.59,
02OA039,2,1969,185,21.58,
02OA039,2,1969,186,21.59,
02OA039,2,1969,187,21.6,
02OA039,2,1969,188,21.57,
02OA039,2,1969,189,21.54,
02OA039,2,1969,190,21.54,
02OA039,2,1969,191,21.54,
02OA039,2,1969,192,21.54,
02OA039,2,1969,193,21.54,
02OA039,2,1969,194,21.55,
02OA039,2,1969,195,21.55,
02OA039,2,1969,196,21.55,
02OA039,2,1969,197,21.55,
02OA039,2,1969,198,21.54,
02OA039,2,1969,199,21.54,
02OA039,2,1969,200,21.52,
02OA039,2,1969,201,21.52,
02OA039,2,1969,202,21.53,
02OA039,2,1969,203,21.53,
02OA039,2,1969,204,21.51,
02OA039,2,1969,205,21.54,
02OA039,2,1969,206,21.54,
02OA039,2,1969,207,21.55,
02OA039,2,1969,208,21.55,
02OA039,2,1969,209,21.52,
02OA039,2,1969,210,21.52,
02OA039,2,1969,211,21.55,
02OA039,2,1969,212,21.56,
02OA039,2,1969,213,21.58,
02OA039,2,1969,214,21.59,
02OA039,2,1969,215,21.6,
02OA039,2,1969,216,21.56,
02OA039,2,1969,217,21.55,
02OA039,2,1969,218,21.58,
02OA039,2,1969,219,21.61,
02OA039,2,1969,220,21.59,
02OA039,2,1969,221,21.59,
02OA039,2,1969,222,21.57,
02OA039,2,1969,223,21.55,
02OA039,2,1969,224,21.5,
02OA039,2,1969,225,21.49,
02OA039,2,1969,226,21.51,
02OA039,2,1969,227,21.54,
02OA039,2,1969,228,21.54,
02OA039,2,1969,229,21.51,
02OA039,2,1969,230,21.49,
02OA039,2,1969,231,21.56,
02OA039,2,1969,232,21.62,
02OA039,2,1969,233,21.56,
02OA039,2,1969,234,21.54,
02OA039,2,1969,235,21.53,
02OA039,2,1969,236,21.51,
02OA039,2,1969,237,21.47,
02OA039,2,1969,238,21.47,
02OA039,2,1969,239,21.48,
02OA039,2,1969,240,21.49,
02OA039,2,1969,241,21.48,
02OA039,2,1969,242,21.43,
02OA039,2,1969,243,21.41,
02OA039,2,1969,244,21.38,
02OA039,2,1969,245,21.37,
02OA039,2,1969,246,21.4,
02OA039,2,1969,247,21.41,
02OA039,2,1969,248,21.41,
02OA039,2,1969,249,21.39,
02OA039,2,1969,250,21.37,
02OA039,2,1969,251,21.35,
02OA039,2,1969,252,21.35,
02OA039,2,1969,253,21.35,
02OA039,2,1969,254,21.36,
02OA039,2,1969,255,21.35,
02OA039,2,1969,256,21.33,
02OA039,2,1969,257,21.28,
02OA039,2,1969,258,21.26,
02OA039,2,1969,259,21.28,
02OA039,2,1969,260,21.36,
02OA039,2,1969,261,21.35,
02OA039,2,1969,262,21.34,
02OA039,2,1969,263,21.29,
02OA039,2,1969,264,21.24,
02OA039,2,1969,265,21.22,
02OA039,2,1969,266,21.25,
02OA039,2,1969,267,21.24,
02OA039,2,1969,268,21.25,
02OA039,2,1969,269,21.28,
02OA039,2,1969,270,21.28,
02OA039,2,1969,271,21.24,
02OA039,2,1969,272,21.19,
02OA039,2,1969,273,21.14,
02OA039,2,1969,274,21.14,
02OA039,2,1969,275,21.14,
02OA039,2,1969,276,21.17,
02OA039,2,1969,277,21.16,
02OA039,2,1969,278,21.14,
02OA039,2,1969,279,21.11,
02OA039,2,1969,280,21.1,
02OA039,2,1969,281,21.1,
02OA039,2,1969,282,21.11,
02OA039,2,1969,283,21.08,
02OA039,2,1969,284,21.07,
02OA039,2,1969,285,21.06,
02OA039,2,1969,286,21.03,
02OA039,2,1969,287,21.06,
02OA039,2,1969,288,21.05,
02OA039,2,1969,289,21.07,
02OA039,2,1969,290,21.06,
02OA039,2,1969,291,21.02,
02OA039,2,1969,292,21,
02OA039,2,1969,293,20.97,
02OA039,2,1969,294,21.03,
02OA039,2,1969,295,21.03,
02OA039,2,1969,296,21.04,
02OA039,2,1969,297,21.07,
02OA039,2,1969,298,21.1,
02OA039,2,1969,299,21.1,
02OA039,2,1969,300,21.12,
02OA039,2,1969,301,21.13,
02OA039,2,1969,302,21.12,
02OA039,2,1969,303,21.14,
02OA039,2,1969,304,21.13,
02OA039,2,1969,305,21.07,
02OA039,2,1969,306,21.03,
02OA039,2,1969,307,21.04,
02OA039,2,1969,308,21.04,
02OA039,2,1969,309,21.06,
02OA039,2,1969,310,21.11,
02OA039,2,1969,311,21.17,
02OA039,2,1969,312,21.19,
02OA039,2,1969,313,21.22,
02OA039,2,1969,314,21.24,
02OA039,2,1969,315,21.22,
02OA039,2,1969,316,21.22,
02OA039,2,1969,317,21.15,
02OA039,2,1969,318,21.09,
02OA039,2,1969,319,21.12,
02OA039,2,1969,320,21.14,
02OA039,2,1969,321,21.11,
02OA039,2,1969,322,21.13,
02OA039,2,1969,323,21.2,
02OA039,2,1969,324,21.26,
02OA039,2,1969,325,21.23,
02OA039,2,1969,326,21.24,
02OA039,2,1969,327,21.26,
02OA039,2,1969,328,21.28,
02OA039,2,1969,329,21.27,
02OA039,2,1969,330,21.31,
02OA039,2,1969,331,21.31,
02OA039,2,1969,332,21.32,
02OA039,2,1969,333,21.27,
02OA039,2,1969,334,21.21,
02OA039,2,1969,335,21.2,
02OA039,2,1969,336,21.3,
02OA039,2,1969,337,21.3,
02OA039,2,1969,338,21.27,
02OA039,2,1969,339,21.24,
02OA039,2,1969,340,21.19,
02OA039,2,1969,341,21.12,
02OA039,2,1969,342,21.12,
02OA039,2,1969,343,21.2,
02OA039,2,1969,344,21.16,
02OA039,2,1969,345,21.14,
02OA039,2,1969,346,21.29,
02OA039,2,1969,347,21.18,
02OA039,2,1969,348,21.03,
02OA039,2,1969,349,21.11,
02OA039,2,1969,350,21.27,
02OA039,2,1969,351,21.25,
02OA039,2,1969,352,21.2,
02OA039,2,1969,353,21.19,
02OA039,2,1969,354,21.12,
02OA039,2,1969,355,21.03,
02OA039,2,1969,356,21.1,
02OA039,2,1969,357,21.2,
02OA039,2,1969,358,20.95,
02OA039,2,1969,359,20.94,
02OA039,2,1969,360,21.04,
02OA039,2,1969,361,21.11,
02OA039,2,1969,362,21.07,
02OA039,2,1969,363,21.16,
02OA039,2,1969,364,21.35,
02OA039,2,1969,365,21.45,
02OA039,2,1970,1,21.53,
02OA039,2,1970,2,21.58,
02OA039,2,1970,3,21.49,
02OA039,2,1970,4,21.28,
02OA039,2,1970,5,21.19,
02OA039,2,1970,6,21.29,
02OA039,2,1970,7,21.38,
02OA039,2,1970,8,21.4,
02OA039,2,1970,9,21.31,
02OA039,2,1970,10,21.33,
02OA039,2,1970,11,21.3,
02OA039,2,1970,12,21.42,
02OA039,2,1970,13,21.45,
02OA039,2,1970,14,21.41,
02OA039,2,1970,15,21.41,
02OA039,2,1970,16,21.5,
02OA039,2,1970,17,21.56,
02OA039,2,1970,18,21.4,
02OA039,2,1970,19,21.31,
02OA039,2,1970,20,21.32,
02OA039,2,1970,21,21.32,
02OA039,2,1970,22,21.33,
02OA039,2,1970,23,21.39,
02OA039,2,1970,24,21.4,
02OA039,2,1970,25,21.3,
02OA039,2,1970,26,21.28,
02OA039,2,1970,27,21.38,
02OA039,2,1970,28,21.4,
02OA039,2,1970,29,21.25,
02OA039,2,1970,30,21.12,
02OA039,2,1970,31,21.21,
02OA039,2,1970,32,21.15,
02OA039,2,1970,33,20.99,
02OA039,2,1970,34,21.05,
02OA039,2,1970,35,21.03,
02OA039,2,1970,36,21.21,
02OA039,2,1970,37,21.34,
02OA039,2,1970,38,21.26,
02OA039,2,1970,39,21.15,
02OA039,2,1970,40,21.14,
02OA039,2,1970,41,21.09,
02OA039,2,1970,42,21.06,
02OA039,2,1970,43,21.03,
02OA039,2,1970,44,21.18,
02OA039,2,1970,45,21.28,
02OA039,2,1970,46,21.44,
02OA039,2,1970,47,21.47,
02OA039,2,1970,48,21.46,
02OA039,2,1970,49,21.35,
02OA039,2,1970,50,21.18,
02OA039,2,1970,51,21.24,
02OA039,2,1970,52,21.3,
02OA039,2,1970,53,21.25,
02OA039,2,1970,54,21.23,
02OA039,2,1970,55,21.41,
02OA039,2,1970,56,21.39,
02OA039,2,1970,57,21.39,
02OA039,2,1970,58,21.44,
02OA039,2,1970,59,21.28,
02OA039,2,1970,60,21.07,
02OA039,2,1970,61,21.01,
02OA039,2,1970,62,21.1,
02OA039,2,1970,63,21.11,
02OA039,2,1970,64,21.1,
02OA039,2,1970,65,21.07,
02OA039,2,1970,66,20.95,
02OA039,2,1970,67,20.86,
02OA039,2,1970,68,21.09,
02OA039,2,1970,69,21.3,
02OA039,2,1970,70,21.28,
02OA039,2,1970,71,21.33,
02OA039,2,1970,72,21.22,
02OA039,2,1970,73,21.04,
02OA039,2,1970,74,20.85,
02OA039,2,1970,75,20.9,
02OA039,2,1970,76,21.07,
02OA039,2,1970,77,21.11,
02OA039,2,1970,78,21.13,
02OA039,2,1970,79,21.12,
02OA039,2,1970,80,20.96,
02OA039,2,1970,81,20.71,
02OA039,2,1970,82,20.84,
02OA039,2,1970,83,21.07,
02OA039,2,1970,84,21.05,
02OA039,2,1970,85,21.11,
02OA039,2,1970,86,21.15,
02OA039,2,1970,87,21.15,
02OA039,2,1970,88,21.17,
02OA039,2,1970,89,21.18,
02OA039,2,1970,90,21.14,
02OA039,2,1970,91,21.1,
02OA039,2,1970,92,21.09,
02OA039,2,1970,93,21.13,
02OA039,2,1970,94,21.15,
02OA039,2,1970,95,21.06,
02OA039,2,1970,96,20.99,
02OA039,2,1970,97,21.14,
02OA039,2,1970,98,21.17,
02OA039,2,1970,99,21.23,
02OA039,2,1970,100,21.42,
02OA039,2,1970,101,21.45,
02OA039,2,1970,102,21.27,
02OA039,2,1970,103,21.35,
02OA039,2,1970,104,21.46,
02OA039,2,1970,105,21.62,
02OA039,2,1970,106,21.7,
02OA039,2,1970,107,21.69,
02OA039,2,1970,108,21.65,
02OA039,2,1970,109,21.65,
02OA039,2,1970,110,21.56,
02OA039,2,1970,111,21.56,
02OA039,2,1970,112,21.58,
02OA039,2,1970,113,21.53,
02OA039,2,1970,114,21.47,
02OA039,2,1970,115,21.57,
02OA039,2,1970,116,21.65,
02OA039,2,1970,117,21.65,
02OA039,2,1970,118,21.57,
02OA039,2,1970,119,21.56,
02OA039,2,1970,120,21.55,
02OA039,2,1970,121,21.57,
02OA039,2,1970,122,21.58,
02OA039,2,1970,123,21.62,
02OA039,2,1970,124,21.66,
02OA039,2,1970,125,21.7,
02OA039,2,1970,126,21.72,
02OA039,2,1970,127,21.72,
02OA039,2,1970,128,21.7,
02OA039,2,1970,129,21.64,
02OA039,2,1970,130,21.59,
02OA039,2,1970,131,21.61,
02OA039,2,1970,132,21.56,
02OA039,2,1970,133,21.53,
02OA039,2,1970,134,21.52,
02OA039,2,1970,135,21.53,
02OA039,2,1970,136,21.55,
02OA039,2,1970,137,21.54,
02OA039,2,1970,138,21.51,
02OA039,2,1970,139,21.54,
02OA039,2,1970,140,21.54,
02OA039,2,1970,141,21.49,
02OA039,2,1970,142,21.5,
02OA039,2,1970,143,21.49,
02OA039,2,1970,144,21.49,
02OA039,2,1970,145,21.43,
02OA039,2,1970,146,21.38,
02OA039,2,1970,147,21.36,
02OA039,2,1970,148,21.33,
02OA039,2,1970,149,21.28,
02OA039,2,1970,150,21.28,
02OA039,2,1970,151,21.28,
02OA039,2,1970,152,21.25,
02OA039,2,1970,153,21.25,
02OA039,2,1970,154,21.26,
02OA039,2,1970,155,21.31,
02OA039,2,1970,156,21.42,
02OA039,2,1970,157,21.49,
02OA039,2,1970,158,21.51,
02OA039,2,1970,159,21.53,
02OA039,2,1970,160,21.54,
02OA039,2,1970,161,21.54,
02OA039,2,1970,162,21.53,
02OA039,2,1970,163,21.5,
02OA039,2,1970,164,21.43,
02OA039,2,1970,165,21.35,
02OA039,2,1970,166,21.27,
02OA039,2,1970,167,21.21,
02OA039,2,1970,168,21.2,
02OA039,2,1970,169,21.21,
02OA039,2,1970,170,21.2,
02OA039,2,1970,171,21.19,
02OA039,2,1970,172,21.15,
02OA039,2,1970,173,21.13,
02OA039,2,1970,174,21.14,
02OA039,2,1970,175,21.16,
02OA039,2,1970,176,21.19,
02OA039,2,1970,177,21.13,
02OA039,2,1970,178,21.11,
02OA039,2,1970,179,21.16,
02OA039,2,1970,180,21.12,
02OA039,2,1970,181,21.15,
02OA039,2,1970,182,21.14,
02OA039,2,1970,183,21.14,
02OA039,2,1970,184,21.13,
02OA039,2,1970,185,21.13,
02OA039,2,1970,186,21.18,
02OA039,2,1970,187,21.17,
02OA039,2,1970,188,21.14,
02OA039,2,1970,189,21.16,
02OA039,2,1970,190,21.19,
02OA039,2,1970,191,21.19,
02OA039,2,1970,192,21.22,
02OA039,2,1970,193,21.27,
02OA039,2,1970,194,21.29,
02OA039,2,1970,195,21.29,
02OA039,2,1970,196,21.29,
02OA039,2,1970,197,21.3,
02OA039,2,1970,198,21.3,
02OA039,2,1970,199,21.27,
02OA039,2,1970,200,21.24,
02OA039,2,1970,201,21.25,
02OA039,2,1970,202,21.3,
02OA039,2,1970,203,21.33,
02OA039,2,1970,204,21.28,
02OA039,2,1970,205,21.4,
02OA039,2,1970,206,21.56,
02OA039,2,1970,207,21.59,
02OA039,2,1970,208,21.61,
02OA039,2,1970,209,21.57,
02OA039,2,1970,210,21.56,
02OA039,2,1970,211,21.57,
02OA039,2,1970,212,21.55,
02OA039,2,1970,213,21.56,
02OA039,2,1970,214,21.52,
02OA039,2,1970,215,21.42,
02OA039,2,1970,216,21.35,
02OA039,2,1970,217,21.36,
02OA039,2,1970,218,21.41,
02OA039,2,1970,219,21.41,
02OA039,2,1970,220,21.4,
02OA039,2,1970,221,21.38,
02OA039,2,1970,222,21.33,
02OA039,2,1970,223,21.32,
02OA039,2,1970,224,21.36,
02OA039,2,1970,225,21.34,
02OA039,2,1970,226,21.32,
02OA039,2,1970,227,21.31,
02OA039,2,1970,228,21.27,
02OA039,2,1970,229,21.22,
02OA039,2,1970,230,21.2,
02OA039,2,1970,231,21.21,
02OA039,2,1970,232,21.24,
02OA039,2,1970,233,21.25,
02OA039,2,1970,234,21.29,
02OA039,2,1970,235,21.26,
02OA039,2,1970,236,21.22,
02OA039,2,1970,237,21.2,
02OA039,2,1970,238,21.21,
02OA039,2,1970,239,21.23,
02OA039,2,1970,240,21.25,
02OA039,2,1970,241,21.27,
02OA039,2,1970,242,21.25,
02OA039,2,1970,243,21.22,
02OA039,2,1970,244,21.18,
02OA039,2,1970,245,21.19,
02OA039,2,1970,246,21.2,
02OA039,2,1970,247,21.22,
02OA039,2,1970,248,21.22,
02OA039,2,1970,249,21.18,
02OA039,2,1970,250,21.13,
02OA039,2,1970,251,21.12,
02OA039,2,1970,252,21.16,
02OA039,2,1970,253,21.19,
02OA039,2,1970,254,21.15,
02OA039,2,1970,255,21.17,
02OA039,2,1970,256,21.16,
02OA039,2,1970,257,21.13,
02OA039,2,1970,258,21.12,
02OA039,2,1970,259,21.15,
02OA039,2,1970,260,21.2,
02OA039,2,1970,261,21.19,
02OA039,2,1970,262,21.16,
02OA039,2,1970,263,21.18,
02OA039,2,1970,264,21.17,
02OA039,2,1970,265,21.16,
02OA039,2,1970,266,21.16,
02OA039,2,1970,267,21.19,
02OA039,2,1970,268,21.21,
02OA039,2,1970,269,21.21,
02OA039,2,1970,270,21.21,
02OA039,2,1970,271,21.16,
02OA039,2,1970,272,21.18,
02OA039,2,1970,273,21.18,
02OA039,2,1970,274,21.19,
02OA039,2,1970,275,21.2,
02OA039,2,1970,276,21.24,
02OA039,2,1970,277,21.24,
02OA039,2,1970,278,21.24,
02OA039,2,1970,279,21.23,
02OA039,2,1970,280,21.24,
02OA039,2,1970,281,21.27,
02OA039,2,1970,282,21.27,
02OA039,2,1970,283,21.23,
02OA039,2,1970,284,21.23,
02OA039,2,1970,285,21.22,
02OA039,2,1970,286,21.22,
02OA039,2,1970,287,21.24,
02OA039,2,1970,288,21.25,
02OA039,2,1970,289,21.26,
02OA039,2,1970,290,21.27,
02OA039,2,1970,291,21.25,
02OA039,2,1970,292,21.24,
02OA039,2,1970,293,21.23,
02OA039,2,1970,294,21.24,
02OA039,2,1970,295,21.26,
02OA039,2,1970,296,21.3,
02OA039,2,1970,297,21.29,
02OA039,2,1970,298,21.29,
02OA039,2,1970,299,21.26,
02OA039,2,1970,300,21.23,
02OA039,2,1970,301,21.23,
02OA039,2,1970,302,21.25,
02OA039,2,1970,303,21.24,
02OA039,2,1970,304,21.23,
02OA039,2,1970,305,21.24,
02OA039,2,1970,306,21.24,
02OA039,2,1970,307,21.21,
02OA039,2,1970,308,21.23,
02OA039,2,1970,309,21.25,
02OA039,2,1970,310,21.22,
02OA039,2,1970,311,21.22,
02OA039,2,1970,312,21.24,
02OA039,2,1970,313,21.22,
02OA039,2,1970,314,21.26,
02OA039,2,1970,315,21.27,
02OA039,2,1970,316,21.26,
02OA039,2,1970,317,21.29,
02OA039,2,1970,318,21.33,
02OA039,2,1970,319,21.33,
02OA039,2,1970,320,21.41,
02OA039,2,1970,321,21.42,
02OA039,2,1970,322,21.39,
02OA039,2,1970,323,21.38,
02OA039,2,1970,324,21.36,
02OA039,2,1970,325,21.36,
02OA039,2,1970,326,21.37,
02OA039,2,1970,327,21.33,
02OA039,2,1970,328,21.3,
02OA039,2,1970,329,21.32,
02OA039,2,1970,330,21.32,
02OA039,2,1970,331,21.29,
02OA039,2,1970,332,21.39,
02OA039,2,1970,333,21.42,
02OA039,2,1970,334,21.39,
02OA039,2,1970,335,21.42,
02OA039,2,1970,336,21.44,
02OA039,2,1970,337,21.42,
02OA039,2,1970,338,21.37,
02OA039,2,1970,339,21.39,
02OA039,2,1970,340,21.38,
02OA039,2,1970,341,21.39,
02OA039,2,1970,342,21.38,
02OA039,2,1970,343,21.36,
02OA039,2,1970,344,21.36,
02OA039,2,1970,345,21.39,
02OA039,2,1970,346,21.39,
02OA039,2,1970,347,21.4,
02OA039,2,1970,348,21.42,
02OA039,2,1970,349,21.44,
02OA039,2,1970,350,21.43,
02OA039,2,1970,351,21.46,
02OA039,2,1970,352,21.55,
02OA039,2,1970,353,21.48,
02OA039,2,1970,354,21.36,
02OA039,2,1970,355,21.36,
02OA039,2,1970,356,21.21,
02OA039,2,1970,357,21.12,
02OA039,2,1970,358,21.27,
02OA039,2,1970,359,21.31,
02OA039,2,1970,360,21.25,
02OA039,2,1970,361,21.12,
02OA039,2,1970,362,21.18,
02OA039,2,1970,363,21.48,
02OA039,2,1970,364,21.65,
02OA039,2,1970,365,21.69,
02OA039,2,1971,1,21.65,
02OA039,2,1971,2,21.51,
02OA039,2,1971,3,21.34,
02OA039,2,1971,4,21.33,
02OA039,2,1971,5,21.32,
02OA039,2,1971,6,21.21,
02OA039,2,1971,7,21.28,
02OA039,2,1971,8,21.46,
02OA039,2,1971,9,21.5,
02OA039,2,1971,10,21.44,
02OA039,2,1971,11,21.46,
02OA039,2,1971,12,21.46,
02OA039,2,1971,13,21.56,
02OA039,2,1971,14,21.62,
02OA039,2,1971,15,21.62,
02OA039,2,1971,16,21.61,
02OA039,2,1971,17,21.64,
02OA039,2,1971,18,21.58,
02OA039,2,1971,19,21.59,
02OA039,2,1971,20,21.56,
02OA039,2,1971,21,21.6,
02OA039,2,1971,22,21.62,
02OA039,2,1971,23,21.56,
02OA039,2,1971,24,21.47,
02OA039,2,1971,25,21.46,
02OA039,2,1971,26,21.31,
02OA039,2,1971,27,21.12,
02OA039,2,1971,28,21.16,
02OA039,2,1971,29,21.27,
02OA039,2,1971,30,21.25,
02OA039,2,1971,31,21.22,
02OA039,2,1971,32,21.27,
02OA039,2,1971,33,21.37,
02OA039,2,1971,34,21.44,
02OA039,2,1971,35,21.37,
02OA039,2,1971,36,21.45,
02OA039,2,1971,37,21.45,
02OA039,2,1971,38,21.35,
02OA039,2,1971,39,21.24,
02OA039,2,1971,40,21.17,
02OA039,2,1971,41,21.25,
02OA039,2,1971,42,21.36,
02OA039,2,1971,43,21.38,
02OA039,2,1971,44,21.33,
02OA039,2,1971,45,21.29,
02OA039,2,1971,46,21.36,
02OA039,2,1971,47,21.5,
02OA039,2,1971,48,21.5,
02OA039,2,1971,49,21.49,
02OA039,2,1971,50,21.31,
02OA039,2,1971,51,21.38,
02OA039,2,1971,52,21.44,
02OA039,2,1971,53,21.38,
02OA039,2,1971,54,21.37,
02OA039,2,1971,55,21.34,
02OA039,2,1971,56,21.28,
02OA039,2,1971,57,21.24,
02OA039,2,1971,58,21.24,
02OA039,2,1971,59,21.2,
02OA039,2,1971,60,21.21,
02OA039,2,1971,61,21.21,
02OA039,2,1971,62,21.19,
02OA039,2,1971,63,21.21,
02OA039,2,1971,64,21.21,
02OA039,2,1971,65,21.25,
02OA039,2,1971,66,21.36,
02OA039,2,1971,67,21.38,
02OA039,2,1971,68,21.27,
02OA039,2,1971,69,21.35,
02OA039,2,1971,70,21.33,
02OA039,2,1971,71,21.32,
02OA039,2,1971,72,21.32,
02OA039,2,1971,73,21.29,
02OA039,2,1971,74,21.25,
02OA039,2,1971,75,21.25,
02OA039,2,1971,76,21.33,
02OA039,2,1971,77,21.44,
02OA039,2,1971,78,21.43,
02OA039,2,1971,79,21.4,
02OA039,2,1971,80,21.37,
02OA039,2,1971,81,21.37,
02OA039,2,1971,82,21.39,
02OA039,2,1971,83,21.45,
02OA039,2,1971,84,21.49,
02OA039,2,1971,85,21.51,
02OA039,2,1971,86,21.44,
02OA039,2,1971,87,21.45,
02OA039,2,1971,88,21.42,
02OA039,2,1971,89,21.38,
02OA039,2,1971,90,21.4,
02OA039,2,1971,91,21.4,
02OA039,2,1971,92,21.37,
02OA039,2,1971,93,21.43,
02OA039,2,1971,94,21.48,
02OA039,2,1971,95,21.56,
02OA039,2,1971,96,21.6,
02OA039,2,1971,97,21.59,
02OA039,2,1971,98,21.68,
02OA039,2,1971,99,21.68,
02OA039,2,1971,100,21.64,
02OA039,2,1971,101,21.66,
02OA039,2,1971,102,21.68,
02OA039,2,1971,103,21.81,
02OA039,2,1971,104,21.87,
02OA039,2,1971,105,21.83,
02OA039,2,1971,106,21.95,
02OA039,2,1971,107,21.99,
02OA039,2,1971,108,21.98,
02OA039,2,1971,109,22.16,
02OA039,2,1971,110,22.41,
02OA039,2,1971,111,22.6,
02OA039,2,1971,112,22.68,
02OA039,2,1971,113,22.66,
02OA039,2,1971,114,22.47,
02OA039,2,1971,115,22.36,
02OA039,2,1971,116,22.27,
02OA039,2,1971,117,22.21,
02OA039,2,1971,118,22.22,
02OA039,2,1971,119,22.16,
02OA039,2,1971,120,22.22,
02OA039,2,1971,121,22.28,
02OA039,2,1971,122,22.28,
02OA039,2,1971,123,22.22,
02OA039,2,1971,124,22.27,
02OA039,2,1971,125,22.41,
02OA039,2,1971,126,22.43,
02OA039,2,1971,127,22.4,
02OA039,2,1971,128,22.38,
02OA039,2,1971,129,22.32,
02OA039,2,1971,130,22.24,
02OA039,2,1971,131,22.19,
02OA039,2,1971,132,22.18,
02OA039,2,1971,133,22.15,
02OA039,2,1971,134,22.11,
02OA039,2,1971,135,22.1,
02OA039,2,1971,136,22,
02OA039,2,1971,137,21.83,
02OA039,2,1971,138,21.76,
02OA039,2,1971,139,21.78,
02OA039,2,1971,140,21.78,
02OA039,2,1971,141,21.82,
02OA039,2,1971,142,21.78,
02OA039,2,1971,143,21.71,
02OA039,2,1971,144,21.66,
02OA039,2,1971,145,21.61,
02OA039,2,1971,146,21.66,
02OA039,2,1971,147,21.63,
02OA039,2,1971,148,21.6,
02OA039,2,1971,149,21.63,
02OA039,2,1971,150,21.59,
02OA039,2,1971,151,21.55,
02OA039,2,1971,152,21.51,
02OA039,2,1971,153,21.57,
02OA039,2,1971,154,21.63,
02OA039,2,1971,155,21.59,
02OA039,2,1971,156,21.57,
02OA039,2,1971,157,21.49,
02OA039,2,1971,158,21.44,
02OA039,2,1971,159,21.5,
02OA039,2,1971,160,21.55,
02OA039,2,1971,161,21.52,
02OA039,2,1971,162,21.47,
02OA039,2,1971,163,21.4,
02OA039,2,1971,164,21.38,
02OA039,2,1971,165,21.33,
02OA039,2,1971,166,21.34,
02OA039,2,1971,167,21.37,
02OA039,2,1971,168,21.38,
02OA039,2,1971,169,21.35,
02OA039,2,1971,170,21.3,
02OA039,2,1971,171,21.31,
02OA039,2,1971,172,21.26,
02OA039,2,1971,173,21.19,
02OA039,2,1971,174,21.17,
02OA039,2,1971,175,21.18,
02OA039,2,1971,176,21.15,
02OA039,2,1971,177,21.16,
02OA039,2,1971,178,21.17,
02OA039,2,1971,179,21.2,
02OA039,2,1971,180,21.2,
02OA039,2,1971,181,21.23,
02OA039,2,1971,182,21.2,
02OA039,2,1971,183,21.17,
02OA039,2,1971,184,21.13,
02OA039,2,1971,185,21.06,
02OA039,2,1971,186,21.02,
02OA039,2,1971,187,21.02,
02OA039,2,1971,188,21.05,
02OA039,2,1971,189,21.08,
02OA039,2,1971,190,21.17,
02OA039,2,1971,191,21.2,
02OA039,2,1971,192,21.19,
02OA039,2,1971,193,21.15,
02OA039,2,1971,194,21.18,
02OA039,2,1971,195,21.23,
02OA039,2,1971,196,21.21,
02OA039,2,1971,197,21.23,
02OA039,2,1971,198,21.17,
02OA039,2,1971,199,21.16,
02OA039,2,1971,200,21.14,
02OA039,2,1971,201,21.14,
02OA039,2,1971,202,21.11,
02OA039,2,1971,203,21.13,
02OA039,2,1971,204,21.17,
02OA039,2,1971,205,21.17,
02OA039,2,1971,206,21.14,
02OA039,2,1971,207,21.08,
02OA039,2,1971,208,21.07,
02OA039,2,1971,209,21.12,
02OA039,2,1971,210,21.15,
02OA039,2,1971,211,21.15,
02OA039,2,1971,212,21.13,
02OA039,2,1971,213,21.16,
02OA039,2,1971,214,21.15,
02OA039,2,1971,215,21.13,
02OA039,2,1971,216,21.13,
02OA039,2,1971,217,21.08,
02OA039,2,1971,218,21.07,
02OA039,2,1971,219,21.17,
02OA039,2,1971,220,21.14,
02OA039,2,1971,221,21.1,
02OA039,2,1971,222,21.08,
02OA039,2,1971,223,21.14,
02OA039,2,1971,224,21.09,
02OA039,2,1971,225,21.08,
02OA039,2,1971,226,21.11,
02OA039,2,1971,227,21.16,
02OA039,2,1971,228,21.14,
02OA039,2,1971,229,21.13,
02OA039,2,1971,230,21.1,
02OA039,2,1971,231,21.09,
02OA039,2,1971,232,21.14,
02OA039,2,1971,233,21.13,
02OA039,2,1971,234,21.05,
02OA039,2,1971,235,21.07,
02OA039,2,1971,236,21.1,
02OA039,2,1971,237,21.11,
02OA039,2,1971,238,21.07,
02OA039,2,1971,239,21.08,
02OA039,2,1971,240,21.15,
02OA039,2,1971,241,21.18,
02OA039,2,1971,242,21.11,
02OA039,2,1971,243,21.06,
02OA039,2,1971,244,21.05,
02OA039,2,1971,245,21.11,
02OA039,2,1971,246,21.12,
02OA039,2,1971,247,21.12,
02OA039,2,1971,248,21.13,
02OA039,2,1971,249,21.15,
02OA039,2,1971,250,21.13,
02OA039,2,1971,251,21.11,
02OA039,2,1971,252,21.1,
02OA039,2,1971,253,21.1,
02OA039,2,1971,254,21.15,
02OA039,2,1971,255,21.17,
02OA039,2,1971,256,21.13,
02OA039,2,1971,257,21.12,
02OA039,2,1971,258,21.18,
02OA039,2,1971,259,21.18,
02OA039,2,1971,260,21.13,
02OA039,2,1971,261,21.14,
02OA039,2,1971,262,21.17,
02OA039,2,1971,263,21.19,
02OA039,2,1971,264,21.16,
02OA039,2,1971,265,21.16,
02OA039,2,1971,266,21.17,
02OA039,2,1971,267,21.15,
02OA039,2,1971,268,21.17,
02OA039,2,1971,269,21.16,
02OA039,2,1971,270,21.16,
02OA039,2,1971,271,21.13,
02OA039,2,1971,272,21.16,
02OA039,2,1971,273,21.17,
02OA039,2,1971,274,21.17,
02OA039,2,1971,275,21.15,
02OA039,2,1971,276,21.11,
02OA039,2,1971,277,21.1,
02OA039,2,1971,278,21.1,
02OA039,2,1971,279,21.11,
02OA039,2,1971,280,21.1,
02OA039,2,1971,281,21.12,
02OA039,2,1971,282,21.08,
02OA039,2,1971,283,21.06,
02OA039,2,1971,284,21.08,
02OA039,2,1971,285,21.1,
02OA039,2,1971,286,21.08,
02OA039,2,1971,287,21.1,
02OA039,2,1971,288,21.13,
02OA039,2,1971,289,21.08,
02OA039,2,1971,290,21.03,
02OA039,2,1971,291,21.08,
02OA039,2,1971,292,21.07,
02OA039,2,1971,293,21.06,
02OA039,2,1971,294,21.07,
02OA039,2,1971,295,21.05,
02OA039,2,1971,296,21.01,
02OA039,2,1971,297,21.02,
02OA039,2,1971,298,21.04,
02OA039,2,1971,299,21.06,
02OA039,2,1971,300,21.07,
02OA039,2,1971,301,21.01,
02OA039,2,1971,302,21.02,
02OA039,2,1971,303,21.02,
02OA039,2,1971,304,21.02,
02OA039,2,1971,305,21.05,
02OA039,2,1971,306,21.03,
02OA039,2,1971,307,21.02,
02OA039,2,1971,308,21,
02OA039,2,1971,309,20.99,
02OA039,2,1971,310,21.02,
02OA039,2,1971,311,20.99,
02OA039,2,1971,312,20.95,
02OA039,2,1971,313,20.95,
02OA039,2,1971,314,21,
02OA039,2,1971,315,20.97,
02OA039,2,1971,316,21,
02OA039,2,1971,317,20.99,
02OA039,2,1971,318,20.91,
02OA039,2,1971,319,20.88,
02OA039,2,1971,320,20.94,
02OA039,2,1971,321,20.97,
02OA039,2,1971,322,20.92,
02OA039,2,1971,323,20.95,
02OA039,2,1971,324,20.94,
02OA039,2,1971,325,20.84,
02OA039,2,1971,326,20.8,
02OA039,2,1971,327,20.82,
02OA039,2,1971,328,20.85,
02OA039,2,1971,329,20.83,
02OA039,2,1971,330,20.84,
02OA039,2,1971,331,20.79,
02OA039,2,1971,332,20.77,
02OA039,2,1971,333,20.78,
02OA039,2,1971,334,20.77,
02OA039,2,1971,335,20.82,
02OA039,2,1971,336,20.81,
02OA039,2,1971,337,20.83,
02OA039,2,1971,338,20.77,
02OA039,2,1971,339,20.74,
02OA039,2,1971,340,20.74,
02OA039,2,1971,341,20.77,
02OA039,2,1971,342,20.79,
02OA039,2,1971,343,20.78,
02OA039,2,1971,344,20.79,
02OA039,2,1971,345,20.84,
02OA039,2,1971,346,20.93,
02OA039,2,1971,347,20.93,
02OA039,2,1971,348,20.92,
02OA039,2,1971,349,20.85,
02OA039,2,1971,350,20.92,
02OA039,2,1971,351,20.94,
02OA039,2,1971,352,21.01,
02OA039,2,1971,353,21.07,
02OA039,2,1971,354,20.98,
02OA039,2,1971,355,20.98,
02OA039,2,1971,356,20.99,
02OA039,2,1971,357,21.01,
02OA039,2,1971,358,21.07,
02OA039,2,1971,359,21.03,
02OA039,2,1971,360,21.02,
02OA039,2,1971,361,21.06,
02OA039,2,1971,362,21.08,
02OA039,2,1971,363,20.99,
02OA039,2,1971,364,21.08,
02OA039,2,1971,365,21.17,
02OA039,2,1972,1,21.09,
02OA039,2,1972,2,20.98,
02OA039,2,1972,3,21.01,
02OA039,2,1972,4,21.12,
02OA039,2,1972,5,21.2,
02OA039,2,1972,6,21.32,
02OA039,2,1972,7,21.33,
02OA039,2,1972,8,21.13,
02OA039,2,1972,9,21.11,
02OA039,2,1972,10,21.15,
02OA039,2,1972,11,20.99,
02OA039,2,1972,12,20.91,
02OA039,2,1972,13,20.93,
02OA039,2,1972,14,20.97,
02OA039,2,1972,15,20.98,
02OA039,2,1972,16,20.99,
02OA039,2,1972,17,21.2,
02OA039,2,1972,18,21.39,
02OA039,2,1972,19,21.19,
02OA039,2,1972,20,21.18,
02OA039,2,1972,21,21.25,
02OA039,2,1972,22,21.22,
02OA039,2,1972,23,21.07,
02OA039,2,1972,24,20.97,
02OA039,2,1972,25,21.05,
02OA039,2,1972,26,21.08,
02OA039,2,1972,27,21.26,
02OA039,2,1972,28,21.38,
02OA039,2,1972,29,21.21,
02OA039,2,1972,30,21.07,
02OA039,2,1972,31,21.27,
02OA039,2,1972,32,21.46,
02OA039,2,1972,33,21.49,
02OA039,2,1972,34,21.61,
02OA039,2,1972,35,21.55,
02OA039,2,1972,36,21.35,
02OA039,2,1972,37,21.25,
02OA039,2,1972,38,21.35,
02OA039,2,1972,39,21.49,
02OA039,2,1972,40,21.48,
02OA039,2,1972,41,21.43,
02OA039,2,1972,42,21.25,
02OA039,2,1972,43,21.09,
02OA039,2,1972,44,20.97,
02OA039,2,1972,45,20.85,
02OA039,2,1972,46,20.99,
02OA039,2,1972,47,20.98,
02OA039,2,1972,48,21.19,
02OA039,2,1972,49,21.38,
02OA039,2,1972,50,21.35,
02OA039,2,1972,51,21.32,
02OA039,2,1972,52,21.41,
02OA039,2,1972,53,21.45,
02OA039,2,1972,54,21.46,
02OA039,2,1972,55,21.33,
02OA039,2,1972,56,21.14,
02OA039,2,1972,57,21.06,
02OA039,2,1972,58,21.07,
02OA039,2,1972,59,21.05,
02OA039,2,1972,60,21.02,
02OA039,2,1972,61,21.07,
02OA039,2,1972,62,21.14,
02OA039,2,1972,63,21.31,
02OA039,2,1972,64,21.3,
02OA039,2,1972,65,21.17,
02OA039,2,1972,66,21.17,
02OA039,2,1972,67,21.39,
02OA039,2,1972,68,21.32,
02OA039,2,1972,69,21.24,
02OA039,2,1972,70,21.27,
02OA039,2,1972,71,21.29,
02OA039,2,1972,72,21.26,
02OA039,2,1972,73,21.22,
02OA039,2,1972,74,21.26,
02OA039,2,1972,75,21.16,
02OA039,2,1972,76,21.05,
02OA039,2,1972,77,21.12,
02OA039,2,1972,78,21.16,
02OA039,2,1972,79,21.25,
02OA039,2,1972,80,21.3,
02OA039,2,1972,81,21.27,
02OA039,2,1972,82,21.29,
02OA039,2,1972,83,21.36,
02OA039,2,1972,84,21.35,
02OA039,2,1972,85,21.32,
02OA039,2,1972,86,21.32,
02OA039,2,1972,87,21.3,
02OA039,2,1972,88,21.34,
02OA039,2,1972,89,21.32,
02OA039,2,1972,90,21.37,
02OA039,2,1972,91,21.41,
02OA039,2,1972,92,21.34,
02OA039,2,1972,93,21.47,
02OA039,2,1972,94,21.58,
02OA039,2,1972,95,21.67,
02OA039,2,1972,96,21.72,
02OA039,2,1972,97,21.72,
02OA039,2,1972,98,21.74,
02OA039,2,1972,99,21.59,
02OA039,2,1972,100,21.41,
02OA039,2,1972,101,21.4,
02OA039,2,1972,102,21.39,
02OA039,2,1972,103,21.5,
02OA039,2,1972,104,21.54,
02OA039,2,1972,105,21.66,
02OA039,2,1972,106,21.93,
02OA039,2,1972,107,22.09,
02OA039,2,1972,108,22.12,
02OA039,2,1972,109,22.16,
02OA039,2,1972,110,22.24,
02OA039,2,1972,111,22.31,
02OA039,2,1972,112,22.33,
02OA039,2,1972,113,22.27,
02OA039,2,1972,114,22.28,
02OA039,2,1972,115,22.27,
02OA039,2,1972,116,22.2,
02OA039,2,1972,117,22.14,
02OA039,2,1972,118,22.08,
02OA039,2,1972,119,22.04,
02OA039,2,1972,120,22.03,
02OA039,2,1972,121,22.02,
02OA039,2,1972,122,22.04,
02OA039,2,1972,123,22.05,
02OA039,2,1972,124,22.11,
02OA039,2,1972,125,22.28,
02OA039,2,1972,126,22.4,
02OA039,2,1972,127,22.53,
02OA039,2,1972,128,22.55,
02OA039,2,1972,129,22.49,
02OA039,2,1972,130,22.47,
02OA039,2,1972,131,22.5,
02OA039,2,1972,132,22.47,
02OA039,2,1972,133,22.38,
02OA039,2,1972,134,22.34,
02OA039,2,1972,135,22.31,
02OA039,2,1972,136,22.31,
02OA039,2,1972,137,22.23,
02OA039,2,1972,138,22.21,
02OA039,2,1972,139,22.23,
02OA039,2,1972,140,22.21,
02OA039,2,1972,141,22.18,
02OA039,2,1972,142,22.22,
02OA039,2,1972,143,22.2,
02OA039,2,1972,144,22.16,
02OA039,2,1972,145,22.1,
02OA039,2,1972,146,22.02,
02OA039,2,1972,147,22,
02OA039,2,1972,148,21.97,
02OA039,2,1972,149,21.88,
02OA039,2,1972,150,21.77,
02OA039,2,1972,151,21.76,
02OA039,2,1972,152,21.74,
02OA039,2,1972,153,21.76,
02OA039,2,1972,154,21.85,
02OA039,2,1972,155,21.83,
02OA039,2,1972,156,21.82,
02OA039,2,1972,157,21.81,
02OA039,2,1972,158,21.75,
02OA039,2,1972,159,21.78,
02OA039,2,1972,160,21.73,
02OA039,2,1972,161,21.69,
02OA039,2,1972,162,21.73,
02OA039,2,1972,163,21.76,
02OA039,2,1972,164,21.79,
02OA039,2,1972,165,21.67,
02OA039,2,1972,166,21.62,
02OA039,2,1972,167,21.68,
02OA039,2,1972,168,21.71,
02OA039,2,1972,169,21.68,
02OA039,2,1972,170,21.67,
02OA039,2,1972,171,21.64,
02OA039,2,1972,172,21.65,
02OA039,2,1972,173,21.69,
02OA039,2,1972,174,21.75,
02OA039,2,1972,175,21.85,
02OA039,2,1972,176,22.02,
02OA039,2,1972,177,22.1,
02OA039,2,1972,178,22.25,
02OA039,2,1972,179,22.21,
02OA039,2,1972,180,22.2,
02OA039,2,1972,181,22.16,
02OA039,2,1972,182,22.09,
02OA039,2,1972,183,22.09,
02OA039,2,1972,184,22.01,
02OA039,2,1972,185,21.95,
02OA039,2,1972,186,21.98,
02OA039,2,1972,187,21.95,
02OA039,2,1972,188,21.9,
02OA039,2,1972,189,21.82,
02OA039,2,1972,190,21.8,
02OA039,2,1972,191,21.8,
02OA039,2,1972,192,21.77,
02OA039,2,1972,193,21.81,
02OA039,2,1972,194,21.77,
02OA039,2,1972,195,21.76,
02OA039,2,1972,196,21.79,
02OA039,2,1972,197,21.8,
02OA039,2,1972,198,21.82,
02OA039,2,1972,199,21.87,
02OA039,2,1972,200,21.88,
02OA039,2,1972,201,21.87,
02OA039,2,1972,202,21.89,
02OA039,2,1972,203,21.89,
02OA039,2,1972,204,21.89,
02OA039,2,1972,205,21.88,
02OA039,2,1972,206,21.96,
02OA039,2,1972,207,22.08,
02OA039,2,1972,208,22.11,
02OA039,2,1972,209,22.1,
02OA039,2,1972,210,22.04,
02OA039,2,1972,211,21.96,
02OA039,2,1972,212,21.93,
02OA039,2,1972,213,21.91,
02OA039,2,1972,214,21.84,
02OA039,2,1972,215,21.84,
02OA039,2,1972,216,21.86,
02OA039,2,1972,217,21.9,
02OA039,2,1972,218,21.84,
02OA039,2,1972,219,21.8,
02OA039,2,1972,220,21.77,
02OA039,2,1972,221,21.93,
02OA039,2,1972,222,22.02,
02OA039,2,1972,223,21.96,
02OA039,2,1972,224,21.87,
02OA039,2,1972,225,21.86,
02OA039,2,1972,226,21.81,
02OA039,2,1972,227,21.77,
02OA039,2,1972,228,21.78,
02OA039,2,1972,229,21.8,
02OA039,2,1972,230,21.8,
02OA039,2,1972,231,21.77,
02OA039,2,1972,232,21.77,
02OA039,2,1972,233,21.74,
02OA039,2,1972,234,21.72,
02OA039,2,1972,235,21.72,
02OA039,2,1972,236,21.73,
02OA039,2,1972,237,21.79,
02OA039,2,1972,238,21.8,
02OA039,2,1972,239,21.76,
02OA039,2,1972,240,21.79,
02OA039,2,1972,241,21.79,
02OA039,2,1972,242,21.83,
02OA039,2,1972,243,21.83,
02OA039,2,1972,244,21.83,
02OA039,2,1972,245,21.79,
02OA039,2,1972,246,21.82,
02OA039,2,1972,247,21.79,
02OA039,2,1972,248,21.78,
02OA039,2,1972,249,21.75,
02OA039,2,1972,250,21.74,
02OA039,2,1972,251,21.75,
02OA039,2,1972,252,21.79,
02OA039,2,1972,253,21.78,
02OA039,2,1972,254,21.76,
02OA039,2,1972,255,21.73,
02OA039,2,1972,256,21.72,
02OA039,2,1972,257,21.73,
02OA039,2,1972,258,21.68,
02OA039,2,1972,259,21.67,
02OA039,2,1972,260,21.69,
02OA039,2,1972,261,21.69,
02OA039,2,1972,262,21.63,
02OA039,2,1972,263,21.64,
02OA039,2,1972,264,21.69,
02OA039,2,1972,265,21.67,
02OA039,2,1972,266,21.68,
02OA039,2,1972,267,21.65,
02OA039,2,1972,268,21.65,
02OA039,2,1972,269,21.66,
02OA039,2,1972,270,21.66,
02OA039,2,1972,271,21.66,
02OA039,2,1972,272,21.61,
02OA039,2,1972,273,21.65,
02OA039,2,1972,274,21.68,
02OA039,2,1972,275,21.71,
02OA039,2,1972,276,21.69,
02OA039,2,1972,277,21.67,
02OA039,2,1972,278,21.71,
02OA039,2,1972,279,21.7,
02OA039,2,1972,280,21.66,
02OA039,2,1972,281,21.7,
02OA039,2,1972,282,21.77,
02OA039,2,1972,283,21.71,
02OA039,2,1972,284,21.67,
02OA039,2,1972,285,21.7,
02OA039,2,1972,286,21.7,
02OA039,2,1972,287,21.68,
02OA039,2,1972,288,21.69,
02OA039,2,1972,289,21.62,
02OA039,2,1972,290,21.59,
02OA039,2,1972,291,21.6,
02OA039,2,1972,292,21.54,
02OA039,2,1972,293,21.54,
02OA039,2,1972,294,21.57,
02OA039,2,1972,295,21.6,
02OA039,2,1972,296,21.54,
02OA039,2,1972,297,21.49,
02OA039,2,1972,298,21.62,
02OA039,2,1972,299,21.75,
02OA039,2,1972,300,21.73,
02OA039,2,1972,301,21.72,
02OA039,2,1972,302,21.68,
02OA039,2,1972,303,21.73,
02OA039,2,1972,304,21.77,
02OA039,2,1972,305,21.73,
02OA039,2,1972,306,21.7,
02OA039,2,1972,307,21.67,
02OA039,2,1972,308,21.67,
02OA039,2,1972,309,21.71,
02OA039,2,1972,310,21.74,
02OA039,2,1972,311,21.77,
02OA039,2,1972,312,21.73,
02OA039,2,1972,313,21.71,
02OA039,2,1972,314,21.83,
02OA039,2,1972,315,21.99,
02OA039,2,1972,316,21.94,
02OA039,2,1972,317,21.95,
02OA039,2,1972,318,21.94,
02OA039,2,1972,319,21.84,
02OA039,2,1972,320,21.81,
02OA039,2,1972,321,21.78,
02OA039,2,1972,322,21.72,
02OA039,2,1972,323,21.71,
02OA039,2,1972,324,21.66,
02OA039,2,1972,325,21.66,
02OA039,2,1972,326,21.65,
02OA039,2,1972,327,21.62,
02OA039,2,1972,328,21.56,
02OA039,2,1972,329,21.6,
02OA039,2,1972,330,21.55,
02OA039,2,1972,331,21.6,
02OA039,2,1972,332,21.84,
02OA039,2,1972,333,21.89,
02OA039,2,1972,334,21.84,
02OA039,2,1972,335,21.77,
02OA039,2,1972,336,21.71,
02OA039,2,1972,337,21.7,
02OA039,2,1972,338,21.64,
02OA039,2,1972,339,21.6,
02OA039,2,1972,340,21.58,
02OA039,2,1972,341,21.61,
02OA039,2,1972,342,21.69,
02OA039,2,1972,343,21.68,
02OA039,2,1972,344,21.69,
02OA039,2,1972,345,21.69,
02OA039,2,1972,346,21.67,
02OA039,2,1972,347,21.66,
02OA039,2,1972,348,21.66,
02OA039,2,1972,349,21.66,
02OA039,2,1972,350,21.67,
02OA039,2,1972,351,21.75,
02OA039,2,1972,352,21.69,
02OA039,2,1972,353,21.54,
02OA039,2,1972,354,21.35,
02OA039,2,1972,355,21.26,
02OA039,2,1972,356,21.4,
02OA039,2,1972,357,21.43,
02OA039,2,1972,358,21.41,
02OA039,2,1972,359,21.28,
02OA039,2,1972,360,21.19,
02OA039,2,1972,361,21.28,
02OA039,2,1972,362,21.25,
02OA039,2,1972,363,21.38,
02OA039,2,1972,364,21.47,
02OA039,2,1972,365,21.65,
02OA039,2,1972,366,21.65,
02OA039,2,1973,1,21.51,
02OA039,2,1973,2,21.43,
02OA039,2,1973,3,21.63,
02OA039,2,1973,4,21.73,
02OA039,2,1973,5,21.65,
02OA039,2,1973,6,21.7,
02OA039,2,1973,7,21.75,
02OA039,2,1973,8,21.69,
02OA039,2,1973,9,21.65,
02OA039,2,1973,10,21.56,
02OA039,2,1973,11,21.52,
02OA039,2,1973,12,21.56,
02OA039,2,1973,13,21.64,
02OA039,2,1973,14,21.64,
02OA039,2,1973,15,21.51,
02OA039,2,1973,16,21.38,
02OA039,2,1973,17,21.3,
02OA039,2,1973,18,21.34,
02OA039,2,1973,19,21.39,
02OA039,2,1973,20,21.4,
02OA039,2,1973,21,21.49,
02OA039,2,1973,22,21.59,
02OA039,2,1973,23,21.52,
02OA039,2,1973,24,21.43,
02OA039,2,1973,25,21.6,
02OA039,2,1973,26,21.62,
02OA039,2,1973,27,21.56,
02OA039,2,1973,28,21.74,
02OA039,2,1973,29,21.72,
02OA039,2,1973,30,21.62,
02OA039,2,1973,31,21.53,
02OA039,2,1973,32,21.47,
02OA039,2,1973,33,21.48,
02OA039,2,1973,34,21.36,
02OA039,2,1973,35,21.46,
02OA039,2,1973,36,21.54,
02OA039,2,1973,37,21.69,
02OA039,2,1973,38,21.81,
02OA039,2,1973,39,21.74,
02OA039,2,1973,40,21.76,
02OA039,2,1973,41,21.85,
02OA039,2,1973,42,21.93,
02OA039,2,1973,43,22.03,
02OA039,2,1973,44,21.97,
02OA039,2,1973,45,21.99,
02OA039,2,1973,46,21.89,
02OA039,2,1973,47,21.8,
02OA039,2,1973,48,21.84,
02OA039,2,1973,49,21.91,
02OA039,2,1973,50,21.89,
02OA039,2,1973,51,21.8,
02OA039,2,1973,52,21.64,
02OA039,2,1973,53,21.58,
02OA039,2,1973,54,21.65,
02OA039,2,1973,55,21.69,
02OA039,2,1973,56,21.74,
02OA039,2,1973,57,21.78,
02OA039,2,1973,58,21.83,
02OA039,2,1973,59,21.85,
02OA039,2,1973,60,21.74,
02OA039,2,1973,61,21.8,
02OA039,2,1973,62,21.84,
02OA039,2,1973,63,21.74,
02OA039,2,1973,64,21.67,
02OA039,2,1973,65,21.72,
02OA039,2,1973,66,21.72,
02OA039,2,1973,67,21.8,
02OA039,2,1973,68,22.02,
02OA039,2,1973,69,22.05,
02OA039,2,1973,70,22.02,
02OA039,2,1973,71,22.03,
02OA039,2,1973,72,22.15,
02OA039,2,1973,73,22.23,
02OA039,2,1973,74,22.24,
02OA039,2,1973,75,22.3,
02OA039,2,1973,76,22.36,
02OA039,2,1973,77,22.65,
02OA039,2,1973,78,22.74,
02OA039,2,1973,79,22.62,
02OA039,2,1973,80,22.48,
02OA039,2,1973,81,22.33,
02OA039,2,1973,82,22.25,
02OA039,2,1973,83,22.22,
02OA039,2,1973,84,22.17,
02OA039,2,1973,85,22.16,
02OA039,2,1973,86,22.2,
02OA039,2,1973,87,22.24,
02OA039,2,1973,88,22.15,
02OA039,2,1973,89,22.12,
02OA039,2,1973,90,22.13,
02OA039,2,1973,91,22.12,
02OA039,2,1973,92,22.25,
02OA039,2,1973,93,22.57,
02OA039,2,1973,94,22.57,
02OA039,2,1973,95,22.57,
02OA039,2,1973,96,22.63,
02OA039,2,1973,97,22.6,
02OA039,2,1973,98,22.47,
02OA039,2,1973,99,22.41,
02OA039,2,1973,100,22.32,
02OA039,2,1973,101,22.41,
02OA039,2,1973,102,22.26,
02OA039,2,1973,103,22.18,
02OA039,2,1973,104,22.17,
02OA039,2,1973,105,22.2,
02OA039,2,1973,106,22.15,
02OA039,2,1973,107,22.17,
02OA039,2,1973,108,22.09,
02OA039,2,1973,109,22.08,
02OA039,2,1973,110,22.07,
02OA039,2,1973,111,22.11,
02OA039,2,1973,112,22.18,
02OA039,2,1973,113,22.2,
02OA039,2,1973,114,22.18,
02OA039,2,1973,115,22.19,
02OA039,2,1973,116,22.23,
02OA039,2,1973,117,22.23,
02OA039,2,1973,118,22.24,
02OA039,2,1973,119,22.33,
02OA039,2,1973,120,22.27,
02OA039,2,1973,121,22.28,
02OA039,2,1973,122,22.28,
02OA039,2,1973,123,22.29,
02OA039,2,1973,124,22.32,
02OA039,2,1973,125,22.25,
02OA039,2,1973,126,22.26,
02OA039,2,1973,127,22.25,
02OA039,2,1973,128,22.26,
02OA039,2,1973,129,22.26,
02OA039,2,1973,130,22.28,
02OA039,2,1973,131,22.3,
02OA039,2,1973,132,22.32,
02OA039,2,1973,133,22.28,
02OA039,2,1973,134,22.26,
02OA039,2,1973,135,22.29,
02OA039,2,1973,136,22.29,
02OA039,2,1973,137,22.25,
02OA039,2,1973,138,22.24,
02OA039,2,1973,139,22.38,
02OA039,2,1973,140,22.42,
02OA039,2,1973,141,22.37,
02OA039,2,1973,142,22.38,
02OA039,2,1973,143,22.3,
02OA039,2,1973,144,22.22,
02OA039,2,1973,145,22.16,
02OA039,2,1973,146,22.11,
02OA039,2,1973,147,22.1,
02OA039,2,1973,148,22.09,
02OA039,2,1973,149,22.1,
02OA039,2,1973,150,22.14,
02OA039,2,1973,151,22.17,
02OA039,2,1973,152,22.16,
02OA039,2,1973,153,22.18,
02OA039,2,1973,154,22.17,
02OA039,2,1973,155,22.1,
02OA039,2,1973,156,22.07,
02OA039,2,1973,157,22.06,
02OA039,2,1973,158,22.11,
02OA039,2,1973,159,22.08,
02OA039,2,1973,160,22.09,
02OA039,2,1973,161,22.06,
02OA039,2,1973,162,22.03,
02OA039,2,1973,163,22.08,
02OA039,2,1973,164,22.16,
02OA039,2,1973,165,22.18,
02OA039,2,1973,166,22.22,
02OA039,2,1973,167,22.21,
02OA039,2,1973,168,22.33,
02OA039,2,1973,169,22.33,
02OA039,2,1973,170,22.27,
02OA039,2,1973,171,22.25,
02OA039,2,1973,172,22.2,
02OA039,2,1973,173,22.2,
02OA039,2,1973,174,22.18,
02OA039,2,1973,175,22.16,
02OA039,2,1973,176,22.18,
02OA039,2,1973,177,22.12,
02OA039,2,1973,178,22.09,
02OA039,2,1973,179,22.07,
02OA039,2,1973,180,22.09,
02OA039,2,1973,181,22.15,
02OA039,2,1973,182,22.19,
02OA039,2,1973,183,22.15,
02OA039,2,1973,184,22.16,
02OA039,2,1973,185,22.18,
02OA039,2,1973,186,22.19,
02OA039,2,1973,187,22.16,
02OA039,2,1973,188,22.17,
02OA039,2,1973,189,22.11,
02OA039,2,1973,190,22.06,
02OA039,2,1973,191,22.08,
02OA039,2,1973,192,22.09,
02OA039,2,1973,193,22.08,
02OA039,2,1973,194,22.02,
02OA039,2,1973,195,22.01,
02OA039,2,1973,196,22,
02OA039,2,1973,197,21.97,
02OA039,2,1973,198,22,
02OA039,2,1973,199,21.96,
02OA039,2,1973,200,21.97,
02OA039,2,1973,201,21.96,
02OA039,2,1973,202,21.92,
02OA039,2,1973,203,21.9,
02OA039,2,1973,204,21.87,
02OA039,2,1973,205,21.89,
02OA039,2,1973,206,21.87,
02OA039,2,1973,207,21.91,
02OA039,2,1973,208,21.94,
02OA039,2,1973,209,21.92,
02OA039,2,1973,210,21.88,
02OA039,2,1973,211,21.86,
02OA039,2,1973,212,21.87,
02OA039,2,1973,213,21.9,
02OA039,2,1973,214,21.91,
02OA039,2,1973,215,21.94,
02OA039,2,1973,216,21.91,
02OA039,2,1973,217,21.84,
02OA039,2,1973,218,21.84,
02OA039,2,1973,219,21.88,
02OA039,2,1973,220,21.91,
02OA039,2,1973,221,21.93,
02OA039,2,1973,222,21.9,
02OA039,2,1973,223,21.82,
02OA039,2,1973,224,21.76,
02OA039,2,1973,225,21.74,
02OA039,2,1973,226,21.7,
02OA039,2,1973,227,21.74,
02OA039,2,1973,228,21.76,
02OA039,2,1973,229,21.73,
02OA039,2,1973,230,21.68,
02OA039,2,1973,231,21.71,
02OA039,2,1973,232,21.69,
02OA039,2,1973,233,21.68,
02OA039,2,1973,234,21.73,
02OA039,2,1973,235,21.68,
02OA039,2,1973,236,21.66,
02OA039,2,1973,237,21.64,
02OA039,2,1973,238,21.61,
02OA039,2,1973,239,21.6,
02OA039,2,1973,240,21.65,
02OA039,2,1973,241,21.63,
02OA039,2,1973,242,21.65,
02OA039,2,1973,243,21.6,
02OA039,2,1973,244,21.65,
02OA039,2,1973,245,21.66,
02OA039,2,1973,246,21.66,
02OA039,2,1973,247,21.67,
02OA039,2,1973,248,21.68,
02OA039,2,1973,249,21.77,
02OA039,2,1973,250,21.71,
02OA039,2,1973,251,21.65,
02OA039,2,1973,252,21.58,
02OA039,2,1973,253,21.57,
02OA039,2,1973,254,21.63,
02OA039,2,1973,255,21.67,
02OA039,2,1973,256,21.67,
02OA039,2,1973,257,21.65,
02OA039,2,1973,258,21.67,
02OA039,2,1973,259,21.66,
02OA039,2,1973,260,21.62,
02OA039,2,1973,261,21.69,
02OA039,2,1973,262,21.74,
02OA039,2,1973,263,21.73,
02OA039,2,1973,264,21.69,
02OA039,2,1973,265,21.7,
02OA039,2,1973,266,21.7,
02OA039,2,1973,267,21.63,
02OA039,2,1973,268,21.71,
02OA039,2,1973,269,21.7,
02OA039,2,1973,270,21.67,
02OA039,2,1973,271,21.66,
02OA039,2,1973,272,21.62,
02OA039,2,1973,273,21.58,
02OA039,2,1973,274,21.58,
02OA039,2,1973,275,21.61,
02OA039,2,1973,276,21.65,
02OA039,2,1973,277,21.69,
02OA039,2,1973,278,21.73,
02OA039,2,1973,279,21.78,
02OA039,2,1973,280,21.74,
02OA039,2,1973,281,21.71,
02OA039,2,1973,282,21.71,
02OA039,2,1973,283,21.67,
02OA039,2,1973,284,21.67,
02OA039,2,1973,285,21.68,
02OA039,2,1973,286,21.68,
02OA039,2,1973,287,21.64,
02OA039,2,1973,288,21.57,
02OA039,2,1973,289,21.6,
02OA039,2,1973,290,21.61,
02OA039,2,1973,291,21.61,
02OA039,2,1973,292,21.66,
02OA039,2,1973,293,21.63,
02OA039,2,1973,294,21.65,
02OA039,2,1973,295,21.62,
02OA039,2,1973,296,21.61,
02OA039,2,1973,297,21.58,
02OA039,2,1973,298,21.6,
02OA039,2,1973,299,21.62,
02OA039,2,1973,300,21.57,
02OA039,2,1973,301,21.52,
02OA039,2,1973,302,21.49,
02OA039,2,1973,303,21.42,
02OA039,2,1973,304,21.5,
02OA039,2,1973,305,21.55,
02OA039,2,1973,306,21.6,
02OA039,2,1973,307,21.52,
02OA039,2,1973,308,21.51,
02OA039,2,1973,309,21.51,
02OA039,2,1973,310,21.58,
02OA039,2,1973,311,21.57,
02OA039,2,1973,312,21.51,
02OA039,2,1973,313,21.52,
02OA039,2,1973,314,21.52,
02OA039,2,1973,315,21.49,
02OA039,2,1973,316,21.46,
02OA039,2,1973,317,21.46,
02OA039,2,1973,318,21.54,
02OA039,2,1973,319,21.6,
02OA039,2,1973,320,21.5,
02OA039,2,1973,321,21.53,
02OA039,2,1973,322,21.45,
02OA039,2,1973,323,21.42,
02OA039,2,1973,324,21.44,
02OA039,2,1973,325,21.42,
02OA039,2,1973,326,21.4,
02OA039,2,1973,327,21.5,
02OA039,2,1973,328,21.5,
02OA039,2,1973,329,21.5,
02OA039,2,1973,330,21.51,
02OA039,2,1973,331,21.47,
02OA039,2,1973,332,21.53,
02OA039,2,1973,333,21.63,
02OA039,2,1973,334,21.55,
02OA039,2,1973,335,21.5,
02OA039,2,1973,336,21.5,
02OA039,2,1973,337,21.5,
02OA039,2,1973,338,21.52,
02OA039,2,1973,339,21.49,
02OA039,2,1973,340,21.6,
02OA039,2,1973,341,21.56,
02OA039,2,1973,342,21.58,
02OA039,2,1973,343,21.5,
02OA039,2,1973,344,21.61,
02OA039,2,1973,345,21.58,
02OA039,2,1973,346,21.59,
02OA039,2,1973,347,21.56,
02OA039,2,1973,348,21.54,
02OA039,2,1973,349,21.56,
02OA039,2,1973,350,21.47,
02OA039,2,1973,351,21.45,
02OA039,2,1973,352,21.39,
02OA039,2,1973,353,21.29,
02OA039,2,1973,354,21.19,
02OA039,2,1973,355,21.28,
02OA039,2,1973,356,21.25,
02OA039,2,1973,357,21.21,
02OA039,2,1973,358,21.18,
02OA039,2,1973,359,21.13,
02OA039,2,1973,360,21.21,
02OA039,2,1973,361,21.07,
02OA039,2,1973,362,21.1,
02OA039,2,1973,363,21.19,
02OA039,2,1973,364,21.25,
02OA039,2,1973,365,21.33,
02OA039,2,1974,1,21.38,
02OA039,2,1974,2,21.51,
02OA039,2,1974,3,21.59,
02OA039,2,1974,4,21.57,
02OA039,2,1974,5,21.65,
02OA039,2,1974,6,21.7,
02OA039,2,1974,7,21.67,
02OA039,2,1974,8,21.69,
02OA039,2,1974,9,21.81,
02OA039,2,1974,10,21.84,
02OA039,2,1974,11,21.76,
02OA039,2,1974,12,21.51,
02OA039,2,1974,13,21.52,
02OA039,2,1974,14,21.59,
02OA039,2,1974,15,21.58,
02OA039,2,1974,16,21.49,
02OA039,2,1974,17,21.51,
02OA039,2,1974,18,21.62,
02OA039,2,1974,19,21.72,
02OA039,2,1974,20,21.76,
02OA039,2,1974,21,21.8,
02OA039,2,1974,22,21.57,
02OA039,2,1974,23,21.4,
02OA039,2,1974,24,21.49,
02OA039,2,1974,25,21.5,
02OA039,2,1974,26,21.43,
02OA039,2,1974,27,21.43,
02OA039,2,1974,28,21.44,
02OA039,2,1974,29,21.54,
02OA039,2,1974,30,21.52,
02OA039,2,1974,31,21.32,
02OA039,2,1974,32,21.32,
02OA039,2,1974,33,21.59,
02OA039,2,1974,34,21.69,
02OA039,2,1974,35,21.73,
02OA039,2,1974,36,21.71,
02OA039,2,1974,37,21.78,
02OA039,2,1974,38,21.8,
02OA039,2,1974,39,21.8,
02OA039,2,1974,40,21.69,
02OA039,2,1974,41,21.66,
02OA039,2,1974,42,21.51,
02OA039,2,1974,43,21.54,
02OA039,2,1974,44,21.5,
02OA039,2,1974,45,21.52,
02OA039,2,1974,46,21.7,
02OA039,2,1974,47,21.81,
02OA039,2,1974,48,21.75,
02OA039,2,1974,49,21.63,
02OA039,2,1974,50,21.61,
02OA039,2,1974,51,21.53,
02OA039,2,1974,52,21.43,
02OA039,2,1974,53,21.43,
02OA039,2,1974,54,21.49,
02OA039,2,1974,55,21.61,
02OA039,2,1974,56,21.64,
02OA039,2,1974,57,21.63,
02OA039,2,1974,58,21.58,
02OA039,2,1974,59,21.49,
02OA039,2,1974,60,21.53,
02OA039,2,1974,61,21.6,
02OA039,2,1974,62,21.68,
02OA039,2,1974,63,21.68,
02OA039,2,1974,64,21.87,
02OA039,2,1974,65,22.09,
02OA039,2,1974,66,22.18,
02OA039,2,1974,67,22.3,
02OA039,2,1974,68,22.29,
02OA039,2,1974,69,22.15,
02OA039,2,1974,70,22.07,
02OA039,2,1974,71,21.99,
02OA039,2,1974,72,21.96,
02OA039,2,1974,73,21.99,
02OA039,2,1974,74,21.89,
02OA039,2,1974,75,21.76,
02OA039,2,1974,76,21.78,
02OA039,2,1974,77,21.73,
02OA039,2,1974,78,21.72,
02OA039,2,1974,79,21.74,
02OA039,2,1974,80,21.81,
02OA039,2,1974,81,21.88,
02OA039,2,1974,82,21.83,
02OA039,2,1974,83,21.79,
02OA039,2,1974,84,21.76,
02OA039,2,1974,85,21.77,
02OA039,2,1974,86,21.76,
02OA039,2,1974,87,21.74,
02OA039,2,1974,88,21.7,
02OA039,2,1974,89,21.72,
02OA039,2,1974,90,21.7,
02OA039,2,1974,91,21.65,
02OA039,2,1974,92,21.73,
02OA039,2,1974,93,21.75,
02OA039,2,1974,94,22.01,
02OA039,2,1974,95,22.52,
02OA039,2,1974,96,22.68,
02OA039,2,1974,97,22.5,
02OA039,2,1974,98,22.31,
02OA039,2,1974,99,22.21,
02OA039,2,1974,100,22.18,
02OA039,2,1974,101,22.08,
02OA039,2,1974,102,22.02,
02OA039,2,1974,103,22.11,
02OA039,2,1974,104,22.16,
02OA039,2,1974,105,22.23,
02OA039,2,1974,106,22.28,
02OA039,2,1974,107,22.32,
02OA039,2,1974,108,22.29,
02OA039,2,1974,109,22.29,
02OA039,2,1974,110,22.27,
02OA039,2,1974,111,22.24,
02OA039,2,1974,112,22.26,
02OA039,2,1974,113,22.27,
02OA039,2,1974,114,22.28,
02OA039,2,1974,115,22.36,
02OA039,2,1974,116,22.37,
02OA039,2,1974,117,22.37,
02OA039,2,1974,118,22.38,
02OA039,2,1974,119,22.31,
02OA039,2,1974,120,22.42,
02OA039,2,1974,121,22.44,
02OA039,2,1974,122,22.48,
02OA039,2,1974,123,22.44,
02OA039,2,1974,124,22.45,
02OA039,2,1974,125,22.39,
02OA039,2,1974,126,22.36,
02OA039,2,1974,127,22.39,
02OA039,2,1974,128,22.37,
02OA039,2,1974,129,22.32,
02OA039,2,1974,130,22.43,
02OA039,2,1974,131,22.47,
02OA039,2,1974,132,22.47,
02OA039,2,1974,133,22.53,
02OA039,2,1974,134,22.6,
02OA039,2,1974,135,22.61,
02OA039,2,1974,136,22.64,
02OA039,2,1974,137,22.64,
02OA039,2,1974,138,22.7,
02OA039,2,1974,139,22.69,
02OA039,2,1974,140,22.72,
02OA039,2,1974,141,22.71,
02OA039,2,1974,142,22.72,
02OA039,2,1974,143,22.75,
02OA039,2,1974,144,22.74,
02OA039,2,1974,145,22.69,
02OA039,2,1974,146,22.62,
02OA039,2,1974,147,22.57,
02OA039,2,1974,148,22.58,
02OA039,2,1974,149,22.55,
02OA039,2,1974,150,22.48,
02OA039,2,1974,151,22.47,
02OA039,2,1974,152,22.48,
02OA039,2,1974,153,22.43,
02OA039,2,1974,154,22.43,
02OA039,2,1974,155,22.41,
02OA039,2,1974,156,22.4,
02OA039,2,1974,157,22.35,
02OA039,2,1974,158,22.35,
02OA039,2,1974,159,22.4,
02OA039,2,1974,160,22.38,
02OA039,2,1974,161,22.33,
02OA039,2,1974,162,22.33,
02OA039,2,1974,163,22.23,
02OA039,2,1974,164,22.2,
02OA039,2,1974,165,22.16,
02OA039,2,1974,166,22.15,
02OA039,2,1974,167,22.18,
02OA039,2,1974,168,22.19,
02OA039,2,1974,169,22.19,
02OA039,2,1974,170,22.19,
02OA039,2,1974,171,22.23,
02OA039,2,1974,172,22.18,
02OA039,2,1974,173,22.2,
02OA039,2,1974,174,22.21,
02OA039,2,1974,175,22.2,
02OA039,2,1974,176,22.18,
02OA039,2,1974,177,22.25,
02OA039,2,1974,178,22.23,
02OA039,2,1974,179,22.17,
02OA039,2,1974,180,22.12,
02OA039,2,1974,181,22.1,
02OA039,2,1974,182,22.05,
02OA039,2,1974,183,22.02,
02OA039,2,1974,184,22,
02OA039,2,1974,185,21.98,
02OA039,2,1974,186,21.98,
02OA039,2,1974,187,22.02,
02OA039,2,1974,188,21.99,
02OA039,2,1974,189,22,
02OA039,2,1974,190,22.02,
02OA039,2,1974,191,22.04,
02OA039,2,1974,192,22.02,
02OA039,2,1974,193,21.98,
02OA039,2,1974,194,22.04,
02OA039,2,1974,195,21.99,
02OA039,2,1974,196,21.99,
02OA039,2,1974,197,21.97,
02OA039,2,1974,198,21.96,
02OA039,2,1974,199,21.96,
02OA039,2,1974,200,21.98,
02OA039,2,1974,201,21.98,
02OA039,2,1974,202,21.99,
02OA039,2,1974,203,21.94,
02OA039,2,1974,204,21.92,
02OA039,2,1974,205,21.95,
02OA039,2,1974,206,21.92,
02OA039,2,1974,207,21.89,
02OA039,2,1974,208,21.91,
02OA039,2,1974,209,21.9,
02OA039,2,1974,210,21.86,
02OA039,2,1974,211,21.92,
02OA039,2,1974,212,21.92,
02OA039,2,1974,213,21.87,
02OA039,2,1974,214,21.86,
02OA039,2,1974,215,21.85,
02OA039,2,1974,216,21.91,
02OA039,2,1974,217,21.94,
02OA039,2,1974,218,21.92,
02OA039,2,1974,219,21.91,
02OA039,2,1974,220,21.86,
02OA039,2,1974,221,21.84,
02OA039,2,1974,222,21.84,
02OA039,2,1974,223,21.83,
02OA039,2,1974,224,21.82,
02OA039,2,1974,225,21.81,
02OA039,2,1974,226,21.83,
02OA039,2,1974,227,21.81,
02OA039,2,1974,228,21.8,
02OA039,2,1974,229,21.77,
02OA039,2,1974,230,21.74,
02OA039,2,1974,231,21.72,
02OA039,2,1974,232,21.7,
02OA039,2,1974,233,21.7,
02OA039,2,1974,234,21.67,
02OA039,2,1974,235,21.66,
02OA039,2,1974,236,21.65,
02OA039,2,1974,237,21.61,
02OA039,2,1974,238,21.61,
02OA039,2,1974,239,21.63,
02OA039,2,1974,240,21.63,
02OA039,2,1974,241,21.61,
02OA039,2,1974,242,21.68,
02OA039,2,1974,243,21.67,
02OA039,2,1974,244,21.66,
02OA039,2,1974,245,21.61,
02OA039,2,1974,246,21.63,
02OA039,2,1974,247,21.65,
02OA039,2,1974,248,21.62,
02OA039,2,1974,249,21.55,
02OA039,2,1974,250,21.58,
02OA039,2,1974,251,21.58,
02OA039,2,1974,252,21.59,
02OA039,2,1974,253,21.59,
02OA039,2,1974,254,21.6,
02OA039,2,1974,255,21.64,
02OA039,2,1974,256,21.6,
02OA039,2,1974,257,21.6,
02OA039,2,1974,258,21.6,
02OA039,2,1974,259,21.57,
02OA039,2,1974,260,21.58,
02OA039,2,1974,261,21.6,
02OA039,2,1974,262,21.63,
02OA039,2,1974,263,21.62,
02OA039,2,1974,264,21.62,
02OA039,2,1974,265,21.63,
02OA039,2,1974,266,21.64,
02OA039,2,1974,267,21.64,
02OA039,2,1974,268,21.57,
02OA039,2,1974,269,21.56,
02OA039,2,1974,270,21.54,
02OA039,2,1974,271,21.56,
02OA039,2,1974,272,21.58,
02OA039,2,1974,273,21.55,
02OA039,2,1974,274,21.49,
02OA039,2,1974,275,21.53,
02OA039,2,1974,276,21.6,
02OA039,2,1974,277,21.58,
02OA039,2,1974,278,21.57,
02OA039,2,1974,279,21.56,
02OA039,2,1974,280,21.57,
02OA039,2,1974,281,21.54,
02OA039,2,1974,282,21.54,
02OA039,2,1974,283,21.57,
02OA039,2,1974,284,21.57,
02OA039,2,1974,285,21.57,
02OA039,2,1974,286,21.56,
02OA039,2,1974,287,21.59,
02OA039,2,1974,288,21.59,
02OA039,2,1974,289,21.47,
02OA039,2,1974,290,21.54,
02OA039,2,1974,291,21.53,
02OA039,2,1974,292,21.51,
02OA039,2,1974,293,21.5,
02OA039,2,1974,294,21.52,
02OA039,2,1974,295,21.55,
02OA039,2,1974,296,21.49,
02OA039,2,1974,297,21.48,
02OA039,2,1974,298,21.54,
02OA039,2,1974,299,21.54,
02OA039,2,1974,300,21.48,
02OA039,2,1974,301,21.42,
02OA039,2,1974,302,21.45,
02OA039,2,1974,303,21.41,
02OA039,2,1974,304,21.42,
02OA039,2,1974,305,21.44,
02OA039,2,1974,306,21.38,
02OA039,2,1974,307,21.38,
02OA039,2,1974,308,21.41,
02OA039,2,1974,309,21.4,
02OA039,2,1974,310,21.4,
02OA039,2,1974,311,21.33,
02OA039,2,1974,312,21.41,
02OA039,2,1974,313,21.45,
02OA039,2,1974,314,21.44,
02OA039,2,1974,315,21.36,
02OA039,2,1974,316,21.33,
02OA039,2,1974,317,21.4,
02OA039,2,1974,318,21.46,
02OA039,2,1974,319,21.52,
02OA039,2,1974,320,21.5,
02OA039,2,1974,321,21.38,
02OA039,2,1974,322,21.41,
02OA039,2,1974,323,21.37,
02OA039,2,1974,324,21.31,
02OA039,2,1974,325,21.43,
02OA039,2,1974,326,21.68,
02OA039,2,1974,327,21.6,
02OA039,2,1974,328,21.55,
02OA039,2,1974,329,21.57,
02OA039,2,1974,330,21.55,
02OA039,2,1974,331,21.57,
02OA039,2,1974,332,21.49,
02OA039,2,1974,333,21.47,
02OA039,2,1974,334,21.46,
02OA039,2,1974,335,21.5,
02OA039,2,1974,336,21.44,
02OA039,2,1974,337,21.48,
02OA039,2,1974,338,21.39,
02OA039,2,1974,339,21.4,
02OA039,2,1974,340,21.44,
02OA039,2,1974,341,21.42,
02OA039,2,1974,342,21.42,
02OA039,2,1974,343,21.58,
02OA039,2,1974,344,21.57,
02OA039,2,1974,345,21.57,
02OA039,2,1974,346,21.53,
02OA039,2,1974,347,21.55,
02OA039,2,1974,348,21.54,
02OA039,2,1974,349,21.51,
02OA039,2,1974,350,21.44,
02OA039,2,1974,351,21.51,
02OA039,2,1974,352,21.51,
02OA039,2,1974,353,21.52,
02OA039,2,1974,354,21.5,
02OA039,2,1974,355,21.57,
02OA039,2,1974,356,21.62,
02OA039,2,1974,357,21.6,
02OA039,2,1974,358,21.59,
02OA039,2,1974,359,21.56,
02OA039,2,1974,360,21.58,
02OA039,2,1974,361,21.57,
02OA039,2,1974,362,21.55,
02OA039,2,1974,363,21.55,
02OA039,2,1974,364,21.6,
02OA039,2,1974,365,21.57,
02OA039,2,1975,1,21.55,
02OA039,2,1975,2,21.57,
02OA039,2,1975,3,21.55,
02OA039,2,1975,4,21.58,
02OA039,2,1975,5,21.56,
02OA039,2,1975,6,21.53,
02OA039,2,1975,7,21.48,
02OA039,2,1975,8,21.42,
02OA039,2,1975,9,21.37,
02OA039,2,1975,10,21.4,
02OA039,2,1975,11,21.4,
02OA039,2,1975,12,21.54,
02OA039,2,1975,13,21.51,
02OA039,2,1975,14,21.62,
02OA039,2,1975,15,21.64,
02OA039,2,1975,16,21.52,
02OA039,2,1975,17,21.27,
02OA039,2,1975,18,21.1,
02OA039,2,1975,19,21.21,
02OA039,2,1975,20,21.16,
02OA039,2,1975,21,21.2,
02OA039,2,1975,22,21.22,
02OA039,2,1975,23,21.25,
02OA039,2,1975,24,21.13,
02OA039,2,1975,25,21.01,
02OA039,2,1975,26,21.01,
02OA039,2,1975,27,21.12,
02OA039,2,1975,28,21.3,
02OA039,2,1975,29,21.32,
02OA039,2,1975,30,21.31,
02OA039,2,1975,31,21.39,
02OA039,2,1975,32,21.42,
02OA039,2,1975,33,21.43,
02OA039,2,1975,34,21.45,
02OA039,2,1975,35,21.52,
02OA039,2,1975,36,21.52,
02OA039,2,1975,37,21.44,
02OA039,2,1975,38,21.28,
02OA039,2,1975,39,21.24,
02OA039,2,1975,40,21.35,
02OA039,2,1975,41,21.4,
02OA039,2,1975,42,21.33,
02OA039,2,1975,43,21.37,
02OA039,2,1975,44,21.39,
02OA039,2,1975,45,21.43,
02OA039,2,1975,46,21.5,
02OA039,2,1975,47,21.43,
02OA039,2,1975,48,21.34,
02OA039,2,1975,49,21.3,
02OA039,2,1975,50,21.25,
02OA039,2,1975,51,21.25,
02OA039,2,1975,52,21.26,
02OA039,2,1975,53,21.26,
02OA039,2,1975,54,21.27,
02OA039,2,1975,55,21.28,
02OA039,2,1975,56,21.37,
02OA039,2,1975,57,21.4,
02OA039,2,1975,58,21.34,
02OA039,2,1975,59,21.37,
02OA039,2,1975,60,21.38,
02OA039,2,1975,61,21.41,
02OA039,2,1975,62,21.41,
02OA039,2,1975,63,21.49,
02OA039,2,1975,64,21.54,
02OA039,2,1975,65,21.42,
02OA039,2,1975,66,21.41,
02OA039,2,1975,67,21.45,
02OA039,2,1975,68,21.53,
02OA039,2,1975,69,21.55,
02OA039,2,1975,70,21.47,
02OA039,2,1975,71,21.48,
02OA039,2,1975,72,21.46,
02OA039,2,1975,73,21.5,
02OA039,2,1975,74,21.54,
02OA039,2,1975,75,21.5,
02OA039,2,1975,76,21.48,
02OA039,2,1975,77,21.49,
02OA039,2,1975,78,21.56,
02OA039,2,1975,79,21.68,
02OA039,2,1975,80,21.87,
02OA039,2,1975,81,21.93,
02OA039,2,1975,82,21.93,
02OA039,2,1975,83,21.81,
02OA039,2,1975,84,21.81,
02OA039,2,1975,85,21.85,
02OA039,2,1975,86,21.88,
02OA039,2,1975,87,21.91,
02OA039,2,1975,88,21.82,
02OA039,2,1975,89,21.81,
02OA039,2,1975,90,21.8,
02OA039,2,1975,91,21.72,
02OA039,2,1975,92,21.7,
02OA039,2,1975,93,21.67,
02OA039,2,1975,94,21.73,
02OA039,2,1975,95,21.81,
02OA039,2,1975,96,21.69,
02OA039,2,1975,97,21.61,
02OA039,2,1975,98,21.62,
02OA039,2,1975,99,21.6,
02OA039,2,1975,100,21.59,
02OA039,2,1975,101,21.57,
02OA039,2,1975,102,21.62,
02OA039,2,1975,103,21.65,
02OA039,2,1975,104,21.69,
02OA039,2,1975,105,21.73,
02OA039,2,1975,106,21.84,
02OA039,2,1975,107,21.94,
02OA039,2,1975,108,22.04,
02OA039,2,1975,109,22.25,
02OA039,2,1975,110,22.52,
02OA039,2,1975,111,22.62,
02OA039,2,1975,112,22.57,
02OA039,2,1975,113,22.43,
02OA039,2,1975,114,22.36,
02OA039,2,1975,115,22.41,
02OA039,2,1975,116,22.3,
02OA039,2,1975,117,22.25,
02OA039,2,1975,118,22.19,
02OA039,2,1975,119,22.22,
02OA039,2,1975,120,22.25,
02OA039,2,1975,121,22.25,
02OA039,2,1975,122,22.24,
02OA039,2,1975,123,22.24,
02OA039,2,1975,124,22.23,
02OA039,2,1975,125,22.22,
02OA039,2,1975,126,22.2,
02OA039,2,1975,127,22.23,
02OA039,2,1975,128,22.19,
02OA039,2,1975,129,22.15,
02OA039,2,1975,130,22.13,
02OA039,2,1975,131,22.12,
02OA039,2,1975,132,22.03,
02OA039,2,1975,133,21.99,
02OA039,2,1975,134,21.93,
02OA039,2,1975,135,21.86,
02OA039,2,1975,136,21.88,
02OA039,2,1975,137,21.83,
02OA039,2,1975,138,21.81,
02OA039,2,1975,139,21.78,
02OA039,2,1975,140,21.74,
02OA039,2,1975,141,21.7,
02OA039,2,1975,142,21.68,
02OA039,2,1975,143,21.69,
02OA039,2,1975,144,21.67,
02OA039,2,1975,145,21.66,
02OA039,2,1975,146,21.67,
02OA039,2,1975,147,21.69,
02OA039,2,1975,148,21.66,
02OA039,2,1975,149,21.61,
02OA039,2,1975,150,21.63,
02OA039,2,1975,151,21.66,
02OA039,2,1975,152,21.66,
02OA039,2,1975,153,21.68,
02OA039,2,1975,154,21.65,
02OA039,2,1975,155,21.64,
02OA039,2,1975,156,21.65,
02OA039,2,1975,157,21.74,
02OA039,2,1975,158,21.78,
02OA039,2,1975,159,21.86,
02OA039,2,1975,160,21.84,
02OA039,2,1975,161,21.86,
02OA039,2,1975,162,21.84,
02OA039,2,1975,163,21.79,
02OA039,2,1975,164,21.81,
02OA039,2,1975,165,21.83,
02OA039,2,1975,166,21.83,
02OA039,2,1975,167,21.8,
02OA039,2,1975,168,21.75,
02OA039,2,1975,169,21.75,
02OA039,2,1975,170,21.73,
02OA039,2,1975,171,21.73,
02OA039,2,1975,172,21.72,
02OA039,2,1975,173,21.69,
02OA039,2,1975,174,21.68,
02OA039,2,1975,175,21.71,
02OA039,2,1975,176,21.7,
02OA039,2,1975,177,21.71,
02OA039,2,1975,178,21.69,
02OA039,2,1975,179,21.67,
02OA039,2,1975,180,21.59,
02OA039,2,1975,181,21.51,
02OA039,2,1975,182,21.54,
02OA039,2,1975,183,21.53,
02OA039,2,1975,184,21.56,
02OA039,2,1975,185,21.55,
02OA039,2,1975,186,21.51,
02OA039,2,1975,187,21.44,
02OA039,2,1975,188,21.42,
02OA039,2,1975,189,21.5,
02OA039,2,1975,190,21.47,
02OA039,2,1975,191,21.41,
02OA039,2,1975,192,21.43,
02OA039,2,1975,193,21.41,
02OA039,2,1975,194,21.39,
02OA039,2,1975,195,21.42,
02OA039,2,1975,196,21.46,
02OA039,2,1975,197,21.44,
02OA039,2,1975,198,21.39,
02OA039,2,1975,199,21.34,
02OA039,2,1975,200,21.31,
02OA039,2,1975,201,21.35,
02OA039,2,1975,202,21.34,
02OA039,2,1975,203,21.36,
02OA039,2,1975,204,21.37,
02OA039,2,1975,205,21.38,
02OA039,2,1975,206,21.39,
02OA039,2,1975,207,21.35,
02OA039,2,1975,208,21.33,
02OA039,2,1975,209,21.37,
02OA039,2,1975,210,21.36,
02OA039,2,1975,211,21.34,
02OA039,2,1975,212,21.38,
02OA039,2,1975,213,21.38,
02OA039,2,1975,214,21.37,
02OA039,2,1975,215,21.37,
02OA039,2,1975,216,21.36,
02OA039,2,1975,217,21.38,
02OA039,2,1975,218,21.32,
02OA039,2,1975,219,21.34,
02OA039,2,1975,220,21.34,
02OA039,2,1975,221,21.34,
02OA039,2,1975,222,21.36,
02OA039,2,1975,223,21.33,
02OA039,2,1975,224,21.31,
02OA039,2,1975,225,21.31,
02OA039,2,1975,226,21.32,
02OA039,2,1975,227,21.29,
02OA039,2,1975,228,21.26,
02OA039,2,1975,229,21.27,
02OA039,2,1975,230,21.3,
02OA039,2,1975,231,21.25,
02OA039,2,1975,232,21.27,
02OA039,2,1975,233,21.23,
02OA039,2,1975,234,21.27,
02OA039,2,1975,235,21.27,
02OA039,2,1975,236,21.25,
02OA039,2,1975,237,21.21,
02OA039,2,1975,238,21.22,
02OA039,2,1975,239,21.29,
02OA039,2,1975,240,21.23,
02OA039,2,1975,241,21.23,
02OA039,2,1975,242,21.2,
02OA039,2,1975,243,21.28,
02OA039,2,1975,244,21.3,
02OA039,2,1975,245,21.34,
02OA039,2,1975,246,21.34,
02OA039,2,1975,247,21.29,
02OA039,2,1975,248,21.3,
02OA039,2,1975,249,21.27,
02OA039,2,1975,250,21.29,
02OA039,2,1975,251,21.27,
02OA039,2,1975,252,21.25,
02OA039,2,1975,253,21.25,
02OA039,2,1975,254,21.28,
02OA039,2,1975,255,21.33,
02OA039,2,1975,256,21.3,
02OA039,2,1975,257,21.33,
02OA039,2,1975,258,21.28,
02OA039,2,1975,259,21.28,
02OA039,2,1975,260,21.29,
02OA039,2,1975,261,21.3,
02OA039,2,1975,262,21.3,
02OA039,2,1975,263,21.32,
02OA039,2,1975,264,,
02OA039,2,1975,265,21.27,
02OA039,2,1975,266,21.24,
02OA039,2,1975,267,21.24,
02OA039,2,1975,268,21.25,
02OA039,2,1975,269,21.42,
02OA039,2,1975,270,21.47,
02OA039,2,1975,271,21.44,
02OA039,2,1975,272,21.41,
02OA039,2,1975,273,21.38,
02OA039,2,1975,274,21.38,
02OA039,2,1975,275,21.29,
02OA039,2,1975,276,21.33,
02OA039,2,1975,277,21.3,
02OA039,2,1975,278,21.29,
02OA039,2,1975,279,21.35,
02OA039,2,1975,280,21.35,
02OA039,2,1975,281,21.36,
02OA039,2,1975,282,21.3,
02OA039,2,1975,283,21.34,
02OA039,2,1975,284,21.35,
02OA039,2,1975,285,21.33,
02OA039,2,1975,286,21.36,
02OA039,2,1975,287,21.37,
02OA039,2,1975,288,21.36,
02OA039,2,1975,289,21.41,
02OA039,2,1975,290,21.42,
02OA039,2,1975,291,21.4,
02OA039,2,1975,292,21.42,
02OA039,2,1975,293,21.54,
02OA039,2,1975,294,21.59,
02OA039,2,1975,295,21.53,
02OA039,2,1975,296,21.47,
02OA039,2,1975,297,21.49,
02OA039,2,1975,298,21.48,
02OA039,2,1975,299,21.45,
02OA039,2,1975,300,21.47,
02OA039,2,1975,301,21.41,
02OA039,2,1975,302,21.43,
02OA039,2,1975,303,21.45,
02OA039,2,1975,304,21.41,
02OA039,2,1975,305,,
02OA039,2,1975,306,,
02OA039,2,1975,307,21.42,
02OA039,2,1975,308,21.43,
02OA039,2,1975,309,21.4,
02OA039,2,1975,310,21.35,
02OA039,2,1975,311,21.39,
02OA039,2,1975,312,21.44,
02OA039,2,1975,313,21.42,
02OA039,2,1975,314,21.41,
02OA039,2,1975,315,21.53,
02OA039,2,1975,316,21.4,
02OA039,2,1975,317,21.43,
02OA039,2,1975,318,21.52,
02OA039,2,1975,319,21.57,
02OA039,2,1975,320,21.49,
02OA039,2,1975,321,21.49,
02OA039,2,1975,322,21.53,
02OA039,2,1975,323,21.51,
02OA039,2,1975,324,21.52,
02OA039,2,1975,325,21.54,
02OA039,2,1975,326,21.56,
02OA039,2,1975,327,21.44,
02OA039,2,1975,328,21.44,
02OA039,2,1975,329,21.44,
02OA039,2,1975,330,21.4,
02OA039,2,1975,331,21.36,
02OA039,2,1975,332,21.43,
02OA039,2,1975,333,21.35,
02OA039,2,1975,334,21.31,
02OA039,2,1975,335,21.43,
02OA039,2,1975,336,21.33,
02OA039,2,1975,337,21.4,
02OA039,2,1975,338,21.4,
02OA039,2,1975,339,21.42,
02OA039,2,1975,340,21.43,
02OA039,2,1975,341,21.5,
02OA039,2,1975,342,21.44,
02OA039,2,1975,343,21.44,
02OA039,2,1975,344,21.47,
02OA039,2,1975,345,21.52,
02OA039,2,1975,346,21.38,
02OA039,2,1975,347,21.31,
02OA039,2,1975,348,21.43,
02OA039,2,1975,349,21.46,
02OA039,2,1975,350,21.54,
02OA039,2,1975,351,21.61,
02OA039,2,1975,352,21.58,
02OA039,2,1975,353,21.47,
02OA039,2,1975,354,21.16,
02OA039,2,1975,355,21.09,
02OA039,2,1975,356,21.26,
02OA039,2,1975,357,21.34,
02OA039,2,1975,358,21.36,
02OA039,2,1975,359,21.42,
02OA039,2,1975,360,21.41,
02OA039,2,1975,361,21.4,
02OA039,2,1975,362,21.49,
02OA039,2,1975,363,21.64,
02OA039,2,1975,364,21.5,
02OA039,2,1975,365,21.54,
02OA039,2,1976,1,21.4,
02OA039,2,1976,2,21.5,
02OA039,2,1976,3,21.57,
02OA039,2,1976,4,21.59,
02OA039,2,1976,5,21.65,
02OA039,2,1976,6,21.73,
02OA039,2,1976,7,21.8,
02OA039,2,1976,8,21.79,
02OA039,2,1976,9,21.84,
02OA039,2,1976,10,21.8,
02OA039,2,1976,11,21.69,
02OA039,2,1976,12,21.47,
02OA039,2,1976,13,21.21,
02OA039,2,1976,14,21.19,
02OA039,2,1976,15,21.19,
02OA039,2,1976,16,21.36,
02OA039,2,1976,17,21.47,
02OA039,2,1976,18,21.53,
02OA039,2,1976,19,21.58,
02OA039,2,1976,20,21.63,
02OA039,2,1976,21,21.52,
02OA039,2,1976,22,21.37,
02OA039,2,1976,23,21.36,
02OA039,2,1976,24,21.45,
02OA039,2,1976,25,21.39,
02OA039,2,1976,26,21.38,
02OA039,2,1976,27,21.26,
02OA039,2,1976,28,21.26,
02OA039,2,1976,29,21.39,
02OA039,2,1976,30,21.46,
02OA039,2,1976,31,21.55,
02OA039,2,1976,32,21.6,
02OA039,2,1976,33,21.48,
02OA039,2,1976,34,21.44,
02OA039,2,1976,35,21.64,
02OA039,2,1976,36,21.76,
02OA039,2,1976,37,21.89,
02OA039,2,1976,38,21.85,
02OA039,2,1976,39,21.79,
02OA039,2,1976,40,21.67,
02OA039,2,1976,41,21.58,
02OA039,2,1976,42,21.41,
02OA039,2,1976,43,21.42,
02OA039,2,1976,44,21.37,
02OA039,2,1976,45,21.44,
02OA039,2,1976,46,21.53,
02OA039,2,1976,47,21.48,
02OA039,2,1976,48,21.44,
02OA039,2,1976,49,21.57,
02OA039,2,1976,50,21.5,
02OA039,2,1976,51,21.45,
02OA039,2,1976,52,21.49,
02OA039,2,1976,53,21.43,
02OA039,2,1976,54,21.52,
02OA039,2,1976,55,21.67,
02OA039,2,1976,56,21.57,
02OA039,2,1976,57,21.43,
02OA039,2,1976,58,21.44,
02OA039,2,1976,59,21.5,
02OA039,2,1976,60,21.66,
02OA039,2,1976,61,21.7,
02OA039,2,1976,62,21.79,
02OA039,2,1976,63,21.99,
02OA039,2,1976,64,21.91,
02OA039,2,1976,65,21.59,
02OA039,2,1976,66,21.41,
02OA039,2,1976,67,21.49,
02OA039,2,1976,68,21.69,
02OA039,2,1976,69,21.75,
02OA039,2,1976,70,21.62,
02OA039,2,1976,71,21.56,
02OA039,2,1976,72,21.62,
02OA039,2,1976,73,21.59,
02OA039,2,1976,74,21.64,
02OA039,2,1976,75,21.63,
02OA039,2,1976,76,21.77,
02OA039,2,1976,77,21.88,
02OA039,2,1976,78,21.94,
02OA039,2,1976,79,21.83,
02OA039,2,1976,80,21.85,
02OA039,2,1976,81,21.79,
02OA039,2,1976,82,22.08,
02OA039,2,1976,83,22.25,
02OA039,2,1976,84,22.15,
02OA039,2,1976,85,22.21,
02OA039,2,1976,86,22.29,
02OA039,2,1976,87,22.41,
02OA039,2,1976,88,22.63,
02OA039,2,1976,89,22.67,
02OA039,2,1976,90,22.67,
02OA039,2,1976,91,22.73,
02OA039,2,1976,92,22.8,
02OA039,2,1976,93,,
02OA039,2,1976,94,,
02OA039,2,1976,95,22.76,
02OA039,2,1976,96,22.75,
02OA039,2,1976,97,22.67,
02OA039,2,1976,98,22.6,
02OA039,2,1976,99,22.56,
02OA039,2,1976,100,22.48,
02OA039,2,1976,101,22.43,
02OA039,2,1976,102,22.38,
02OA039,2,1976,103,22.34,
02OA039,2,1976,104,22.34,
02OA039,2,1976,105,22.24,
02OA039,2,1976,106,22.21,
02OA039,2,1976,107,22.19,
02OA039,2,1976,108,22.22,
02OA039,2,1976,109,22.24,
02OA039,2,1976,110,22.31,
02OA039,2,1976,111,22.33,
02OA039,2,1976,112,22.32,
02OA039,2,1976,113,22.35,
02OA039,2,1976,114,22.43,
02OA039,2,1976,115,22.39,
02OA039,2,1976,116,22.35,
02OA039,2,1976,117,22.35,
02OA039,2,1976,118,22.44,
02OA039,2,1976,119,22.39,
02OA039,2,1976,120,22.34,
02OA039,2,1976,121,22.32,
02OA039,2,1976,122,22.29,
02OA039,2,1976,123,22.32,
02OA039,2,1976,124,22.27,
02OA039,2,1976,125,22.21,
02OA039,2,1976,126,22.16,
02OA039,2,1976,127,22.12,
02OA039,2,1976,128,22.08,
02OA039,2,1976,129,22.3,
02OA039,2,1976,130,22.35,
02OA039,2,1976,131,22.3,
02OA039,2,1976,132,22.29,
02OA039,2,1976,133,22.28,
02OA039,2,1976,134,22.24,
02OA039,2,1976,135,22.18,
02OA039,2,1976,136,22.23,
02OA039,2,1976,137,22.24,
02OA039,2,1976,138,22.2,
02OA039,2,1976,139,22.12,
02OA039,2,1976,140,22.16,
02OA039,2,1976,141,22.36,
02OA039,2,1976,142,22.54,
02OA039,2,1976,143,22.49,
02OA039,2,1976,144,22.44,
02OA039,2,1976,145,22.35,
02OA039,2,1976,146,22.36,
02OA039,2,1976,147,22.3,
02OA039,2,1976,148,22.27,
02OA039,2,1976,149,22.32,
02OA039,2,1976,150,22.36,
02OA039,2,1976,151,22.33,
02OA039,2,1976,152,22.27,
02OA039,2,1976,153,22.19,
02OA039,2,1976,154,22.19,
02OA039,2,1976,155,22.14,
02OA039,2,1976,156,22.1,
02OA039,2,1976,157,22.1,
02OA039,2,1976,158,22.05,
02OA039,2,1976,159,22.02,
02OA039,2,1976,160,22.05,
02OA039,2,1976,161,22.04,
02OA039,2,1976,162,22.03,
02OA039,2,1976,163,21.99,
02OA039,2,1976,164,21.96,
02OA039,2,1976,165,21.97,
02OA039,2,1976,166,21.93,
02OA039,2,1976,167,21.91,
02OA039,2,1976,168,21.93,
02OA039,2,1976,169,21.97,
02OA039,2,1976,170,21.92,
02OA039,2,1976,171,21.93,
02OA039,2,1976,172,21.94,
02OA039,2,1976,173,21.92,
02OA039,2,1976,174,21.91,
02OA039,2,1976,175,21.93,
02OA039,2,1976,176,21.9,
02OA039,2,1976,177,21.9,
02OA039,2,1976,178,21.93,
02OA039,2,1976,179,21.92,
02OA039,2,1976,180,21.96,
02OA039,2,1976,181,21.96,
02OA039,2,1976,182,21.94,
02OA039,2,1976,183,21.96,
02OA039,2,1976,184,22,
02OA039,2,1976,185,21.99,
02OA039,2,1976,186,22.01,
02OA039,2,1976,187,22.01,
02OA039,2,1976,188,22.01,
02OA039,2,1976,189,22,
02OA039,2,1976,190,22.05,
02OA039,2,1976,191,22.05,
02OA039,2,1976,192,22.03,
02OA039,2,1976,193,21.95,
02OA039,2,1976,194,21.98,
02OA039,2,1976,195,21.96,
02OA039,2,1976,196,21.95,
02OA039,2,1976,197,21.96,
02OA039,2,1976,198,21.97,
02OA039,2,1976,199,21.97,
02OA039,2,1976,200,21.94,
02OA039,2,1976,201,21.92,
02OA039,2,1976,202,21.88,
02OA039,2,1976,203,21.83,
02OA039,2,1976,204,21.86,
02OA039,2,1976,205,21.86,
02OA039,2,1976,206,21.88,
02OA039,2,1976,207,21.87,
02OA039,2,1976,208,21.88,
02OA039,2,1976,209,21.89,
02OA039,2,1976,210,21.88,
02OA039,2,1976,211,21.87,
02OA039,2,1976,212,21.86,
02OA039,2,1976,213,21.88,
02OA039,2,1976,214,,
02OA039,2,1976,215,21.81,
02OA039,2,1976,216,21.83,
02OA039,2,1976,217,21.79,
02OA039,2,1976,218,21.78,
02OA039,2,1976,219,21.77,
02OA039,2,1976,220,21.75,
02OA039,2,1976,221,21.74,
02OA039,2,1976,222,21.75,
02OA039,2,1976,223,21.73,
02OA039,2,1976,224,21.74,
02OA039,2,1976,225,21.74,
02OA039,2,1976,226,21.72,
02OA039,2,1976,227,21.72,
02OA039,2,1976,228,21.69,
02OA039,2,1976,229,21.75,
02OA039,2,1976,230,21.68,
02OA039,2,1976,231,21.65,
02OA039,2,1976,232,21.68,
02OA039,2,1976,233,21.73,
02OA039,2,1976,234,21.76,
02OA039,2,1976,235,21.74,
02OA039,2,1976,236,21.69,
02OA039,2,1976,237,21.66,
02OA039,2,1976,238,21.64,
02OA039,2,1976,239,21.64,
02OA039,2,1976,240,21.63,
02OA039,2,1976,241,21.65,
02OA039,2,1976,242,21.65,
02OA039,2,1976,243,21.65,
02OA039,2,1976,244,21.59,
02OA039,2,1976,245,21.65,
02OA039,2,1976,246,21.65,
02OA039,2,1976,247,21.62,
02OA039,2,1976,248,21.62,
02OA039,2,1976,249,21.6,
02OA039,2,1976,250,21.57,
02OA039,2,1976,251,21.55,
02OA039,2,1976,252,21.54,
02OA039,2,1976,253,21.55,
02OA039,2,1976,254,21.58,
02OA039,2,1976,255,21.6,
02OA039,2,1976,256,21.56,
02OA039,2,1976,257,21.54,
02OA039,2,1976,258,21.52,
02OA039,2,1976,259,21.53,
02OA039,2,1976,260,21.54,
02OA039,2,1976,261,21.54,
02OA039,2,1976,262,21.55,
02OA039,2,1976,263,21.57,
02OA039,2,1976,264,21.52,
02OA039,2,1976,265,21.55,
02OA039,2,1976,266,21.6,
02OA039,2,1976,267,21.59,
02OA039,2,1976,268,21.58,
02OA039,2,1976,269,21.53,
02OA039,2,1976,270,21.52,
02OA039,2,1976,271,21.57,
02OA039,2,1976,272,21.52,
02OA039,2,1976,273,21.54,
02OA039,2,1976,274,21.48,
02OA039,2,1976,275,21.51,
02OA039,2,1976,276,21.54,
02OA039,2,1976,277,21.54,
02OA039,2,1976,278,21.52,
02OA039,2,1976,279,21.58,
02OA039,2,1976,280,21.55,
02OA039,2,1976,281,21.51,
02OA039,2,1976,282,21.47,
02OA039,2,1976,283,21.49,
02OA039,2,1976,284,21.67,
02OA039,2,1976,285,21.67,
02OA039,2,1976,286,21.6,
02OA039,2,1976,287,21.62,
02OA039,2,1976,288,21.59,
02OA039,2,1976,289,21.55,
02OA039,2,1976,290,21.53,
02OA039,2,1976,291,21.44,
02OA039,2,1976,292,21.49,
02OA039,2,1976,293,21.46,
02OA039,2,1976,294,21.45,
02OA039,2,1976,295,21.6,
02OA039,2,1976,296,21.71,
02OA039,2,1976,297,21.63,
02OA039,2,1976,298,21.52,
02OA039,2,1976,299,21.56,
02OA039,2,1976,300,21.58,
02OA039,2,1976,301,21.53,
02OA039,2,1976,302,21.61,
02OA039,2,1976,303,21.56,
02OA039,2,1976,304,21.48,
02OA039,2,1976,305,21.48,
02OA039,2,1976,306,21.53,
02OA039,2,1976,307,21.58,
02OA039,2,1976,308,21.53,
02OA039,2,1976,309,21.55,
02OA039,2,1976,310,21.55,
02OA039,2,1976,311,21.53,
02OA039,2,1976,312,21.51,
02OA039,2,1976,313,21.49,
02OA039,2,1976,314,21.49,
02OA039,2,1976,315,21.46,
02OA039,2,1976,316,21.49,
02OA039,2,1976,317,21.46,
02OA039,2,1976,318,21.44,
02OA039,2,1976,319,21.44,
02OA039,2,1976,320,21.39,
02OA039,2,1976,321,21.41,
02OA039,2,1976,322,21.42,
02OA039,2,1976,323,21.44,
02OA039,2,1976,324,21.46,
02OA039,2,1976,325,21.46,
02OA039,2,1976,326,21.45,
02OA039,2,1976,327,21.39,
02OA039,2,1976,328,21.36,
02OA039,2,1976,329,21.37,
02OA039,2,1976,330,21.39,
02OA039,2,1976,331,21.38,
02OA039,2,1976,332,21.42,
02OA039,2,1976,333,21.32,
02OA039,2,1976,334,21.3,
02OA039,2,1976,335,21.42,
02OA039,2,1976,336,21.37,
02OA039,2,1976,337,21.38,
02OA039,2,1976,338,21.42,
02OA039,2,1976,339,21.34,
02OA039,2,1976,340,21.06,
02OA039,2,1976,341,20.83,
02OA039,2,1976,342,20.96,
02OA039,2,1976,343,21.19,
02OA039,2,1976,344,21.12,
02OA039,2,1976,345,21.03,
02OA039,2,1976,346,21.09,
02OA039,2,1976,347,21.24,
02OA039,2,1976,348,21.11,
02OA039,2,1976,349,21.15,
02OA039,2,1976,350,21.23,
02OA039,2,1976,351,21.27,
02OA039,2,1976,352,21.31,
02OA039,2,1976,353,21.38,
02OA039,2,1976,354,21.45,
02OA039,2,1976,355,21.51,
02OA039,2,1976,356,21.55,
02OA039,2,1976,357,21.54,
02OA039,2,1976,358,21.54,
02OA039,2,1976,359,21.53,
02OA039,2,1976,360,21.53,
02OA039,2,1976,361,21.38,
02OA039,2,1976,362,21.31,
02OA039,2,1976,363,21.43,
02OA039,2,1976,364,21.42,
02OA039,2,1976,365,21.35,
02OA039,2,1976,366,21.45,
02OA039,2,1977,1,21.47,
02OA039,2,1977,2,21.5,
02OA039,2,1977,3,21.57,
02OA039,2,1977,4,21.47,
02OA039,2,1977,5,21.47,
02OA039,2,1977,6,21.55,
02OA039,2,1977,7,21.66,
02OA039,2,1977,8,21.63,
02OA039,2,1977,9,21.66,
02OA039,2,1977,10,21.67,
02OA039,2,1977,11,21.7,
02OA039,2,1977,12,21.66,
02OA039,2,1977,13,21.74,
02OA039,2,1977,14,21.61,
02OA039,2,1977,15,21.52,
02OA039,2,1977,16,21.32,
02OA039,2,1977,17,21.36,
02OA039,2,1977,18,,
02OA039,2,1977,19,,
02OA039,2,1977,20,21.54,
02OA039,2,1977,21,21.59,
02OA039,2,1977,22,21.63,
02OA039,2,1977,23,21.54,
02OA039,2,1977,24,21.56,
02OA039,2,1977,25,21.62,
02OA039,2,1977,26,21.41,
02OA039,2,1977,27,21.36,
02OA039,2,1977,28,21.35,
02OA039,2,1977,29,21.3,
02OA039,2,1977,30,21.19,
02OA039,2,1977,31,21.21,
02OA039,2,1977,32,21.37,
02OA039,2,1977,33,21.51,
02OA039,2,1977,34,21.54,
02OA039,2,1977,35,21.41,
02OA039,2,1977,36,21.24,
02OA039,2,1977,37,21.09,
02OA039,2,1977,38,21.1,
02OA039,2,1977,39,21.22,
02OA039,2,1977,40,21.26,
02OA039,2,1977,41,21.1,
02OA039,2,1977,42,20.98,
02OA039,2,1977,43,20.81,
02OA039,2,1977,44,20.69,
02OA039,2,1977,45,20.74,
02OA039,2,1977,46,20.94,
02OA039,2,1977,47,21.15,
02OA039,2,1977,48,21.33,
02OA039,2,1977,49,21.4,
02OA039,2,1977,50,21.17,
02OA039,2,1977,51,20.87,
02OA039,2,1977,52,20.87,
02OA039,2,1977,53,21.11,
02OA039,2,1977,54,21.33,
02OA039,2,1977,55,21.43,
02OA039,2,1977,56,21.4,
02OA039,2,1977,57,21.12,
02OA039,2,1977,58,20.59,
02OA039,2,1977,59,20.7,
02OA039,2,1977,60,20.93,
02OA039,2,1977,61,20.99,
02OA039,2,1977,62,20.97,
02OA039,2,1977,63,21.02,
02OA039,2,1977,64,20.98,
02OA039,2,1977,65,20.8,
02OA039,2,1977,66,20.83,
02OA039,2,1977,67,21.12,
02OA039,2,1977,68,21.12,
02OA039,2,1977,69,21.09,
02OA039,2,1977,70,21.23,
02OA039,2,1977,71,21.43,
02OA039,2,1977,72,21.58,
02OA039,2,1977,73,21.88,
02OA039,2,1977,74,22.16,
02OA039,2,1977,75,22.33,
02OA039,2,1977,76,22.26,
02OA039,2,1977,77,22.18,
02OA039,2,1977,78,22.04,
02OA039,2,1977,79,21.91,
02OA039,2,1977,80,21.8,
02OA039,2,1977,81,21.72,
02OA039,2,1977,82,21.65,
02OA039,2,1977,83,21.6,
02OA039,2,1977,84,21.57,
02OA039,2,1977,85,21.49,
02OA039,2,1977,86,21.46,
02OA039,2,1977,87,21.5,
02OA039,2,1977,88,21.59,
02OA039,2,1977,89,21.86,
02OA039,2,1977,90,22.17,
02OA039,2,1977,91,22.24,
02OA039,2,1977,92,22.06,
02OA039,2,1977,93,22.04,
02OA039,2,1977,94,21.91,
02OA039,2,1977,95,21.88,
02OA039,2,1977,96,22.07,
02OA039,2,1977,97,21.9,
02OA039,2,1977,98,21.94,
02OA039,2,1977,99,21.86,
02OA039,2,1977,100,21.83,
02OA039,2,1977,101,21.81,
02OA039,2,1977,102,21.76,
02OA039,2,1977,103,21.82,
02OA039,2,1977,104,21.81,
02OA039,2,1977,105,21.89,
02OA039,2,1977,106,21.89,
02OA039,2,1977,107,21.83,
02OA039,2,1977,108,21.89,
02OA039,2,1977,109,21.86,
02OA039,2,1977,110,21.83,
02OA039,2,1977,111,21.79,
02OA039,2,1977,112,21.83,
02OA039,2,1977,113,21.83,
02OA039,2,1977,114,21.87,
02OA039,2,1977,115,21.89,
02OA039,2,1977,116,22.03,
02OA039,2,1977,117,22.04,
02OA039,2,1977,118,22.02,
02OA039,2,1977,119,21.96,
02OA039,2,1977,120,21.94,
02OA039,2,1977,121,21.89,
02OA039,2,1977,122,21.93,
02OA039,2,1977,123,21.91,
02OA039,2,1977,124,21.85,
02OA039,2,1977,125,21.81,
02OA039,2,1977,126,21.77,
02OA039,2,1977,127,21.77,
02OA039,2,1977,128,21.71,
02OA039,2,1977,129,21.67,
02OA039,2,1977,130,21.68,
02OA039,2,1977,131,21.7,
02OA039,2,1977,132,21.65,
02OA039,2,1977,133,21.61,
02OA039,2,1977,134,21.55,
02OA039,2,1977,135,21.57,
02OA039,2,1977,136,21.53,
02OA039,2,1977,137,21.5,
02OA039,2,1977,138,21.44,
02OA039,2,1977,139,21.42,
02OA039,2,1977,140,21.42,
02OA039,2,1977,141,21.41,
02OA039,2,1977,142,21.35,
02OA039,2,1977,143,21.32,
02OA039,2,1977,144,21.33,
02OA039,2,1977,145,21.35,
02OA039,2,1977,146,21.33,
02OA039,2,1977,147,21.34,
02OA039,2,1977,148,21.3,
02OA039,2,1977,149,21.28,
02OA039,2,1977,150,21.28,
02OA039,2,1977,151,21.23,
02OA039,2,1977,152,21.25,
02OA039,2,1977,153,21.26,
02OA039,2,1977,154,21.26,
02OA039,2,1977,155,21.21,
02OA039,2,1977,156,21.19,
02OA039,2,1977,157,21.14,
02OA039,2,1977,158,21.17,
02OA039,2,1977,159,21.26,
02OA039,2,1977,160,21.19,
02OA039,2,1977,161,21.13,
02OA039,2,1977,162,21.14,
02OA039,2,1977,163,21.15,
02OA039,2,1977,164,21.12,
02OA039,2,1977,165,21.11,
02OA039,2,1977,166,21.15,
02OA039,2,1977,167,21.11,
02OA039,2,1977,168,21.11,
02OA039,2,1977,169,21.12,
02OA039,2,1977,170,21.13,
02OA039,2,1977,171,21.14,
02OA039,2,1977,172,21.09,
02OA039,2,1977,173,21.03,
02OA039,2,1977,174,21.04,
02OA039,2,1977,175,21.1,
02OA039,2,1977,176,21.02,
02OA039,2,1977,177,20.97,
02OA039,2,1977,178,20.99,
02OA039,2,1977,179,21.02,
02OA039,2,1977,180,20.97,
02OA039,2,1977,181,20.93,
02OA039,2,1977,182,20.99,
02OA039,2,1977,183,20.92,
02OA039,2,1977,184,20.86,
02OA039,2,1977,185,20.95,
02OA039,2,1977,186,20.89,
02OA039,2,1977,187,20.92,
02OA039,2,1977,188,20.91,
02OA039,2,1977,189,20.93,
02OA039,2,1977,190,20.98,
02OA039,2,1977,191,20.96,
02OA039,2,1977,192,21.02,
02OA039,2,1977,193,21.02,
02OA039,2,1977,194,21.03,
02OA039,2,1977,195,21,
02OA039,2,1977,196,21.02,
02OA039,2,1977,197,21.03,
02OA039,2,1977,198,21.06,
02OA039,2,1977,199,21.07,
02OA039,2,1977,200,21.08,
02OA039,2,1977,201,21.05,
02OA039,2,1977,202,21.03,
02OA039,2,1977,203,21.03,
02OA039,2,1977,204,21.04,
02OA039,2,1977,205,21.03,
02OA039,2,1977,206,21,
02OA039,2,1977,207,20.94,
02OA039,2,1977,208,21.02,
02OA039,2,1977,209,21.05,
02OA039,2,1977,210,21.04,
02OA039,2,1977,211,21.03,
02OA039,2,1977,212,21.01,
02OA039,2,1977,213,20.99,
02OA039,2,1977,214,20.99,
02OA039,2,1977,215,21.02,
02OA039,2,1977,216,21.04,
02OA039,2,1977,217,21.02,
02OA039,2,1977,218,21.01,
02OA039,2,1977,219,21.04,
02OA039,2,1977,220,21.03,
02OA039,2,1977,221,21.02,
02OA039,2,1977,222,21.02,
02OA039,2,1977,223,21.02,
02OA039,2,1977,224,21.01,
02OA039,2,1977,225,21.01,
02OA039,2,1977,226,21.08,
02OA039,2,1977,227,21.1,
02OA039,2,1977,228,21.08,
02OA039,2,1977,229,21.16,
02OA039,2,1977,230,21.15,
02OA039,2,1977,231,21.15,
02OA039,2,1977,232,21.13,
02OA039,2,1977,233,21.12,
02OA039,2,1977,234,21.15,
02OA039,2,1977,235,21.19,
02OA039,2,1977,236,21.16,
02OA039,2,1977,237,21.11,
02OA039,2,1977,238,21.14,
02OA039,2,1977,239,21.15,
02OA039,2,1977,240,21.16,
02OA039,2,1977,241,21.13,
02OA039,2,1977,242,21.14,
02OA039,2,1977,243,21.13,
02OA039,2,1977,244,21.15,
02OA039,2,1977,245,21.23,
02OA039,2,1977,246,21.22,
02OA039,2,1977,247,21.23,
02OA039,2,1977,248,21.22,
02OA039,2,1977,249,21.2,
02OA039,2,1977,250,21.2,
02OA039,2,1977,251,21.17,
02OA039,2,1977,252,21.16,
02OA039,2,1977,253,21.21,
02OA039,2,1977,254,21.18,
02OA039,2,1977,255,21.19,
02OA039,2,1977,256,21.3,
02OA039,2,1977,257,21.3,
02OA039,2,1977,258,21.24,
02OA039,2,1977,259,21.29,
02OA039,2,1977,260,21.3,
02OA039,2,1977,261,21.25,
02OA039,2,1977,262,21.22,
02OA039,2,1977,263,21.23,
02OA039,2,1977,264,21.39,
02OA039,2,1977,265,21.33,
02OA039,2,1977,266,21.34,
02OA039,2,1977,267,21.34,
02OA039,2,1977,268,21.31,
02OA039,2,1977,269,21.37,
02OA039,2,1977,270,21.49,
02OA039,2,1977,271,21.4,
02OA039,2,1977,272,21.43,
02OA039,2,1977,273,21.45,
02OA039,2,1977,274,21.42,
02OA039,2,1977,275,21.63,
02OA039,2,1977,276,21.81,
02OA039,2,1977,277,21.87,
02OA039,2,1977,278,21.8,
02OA039,2,1977,279,21.7,
02OA039,2,1977,280,21.64,
02OA039,2,1977,281,21.6,
02OA039,2,1977,282,21.6,
02OA039,2,1977,283,21.71,
02OA039,2,1977,284,21.68,
02OA039,2,1977,285,21.7,
02OA039,2,1977,286,21.64,
02OA039,2,1977,287,21.61,
02OA039,2,1977,288,21.6,
02OA039,2,1977,289,21.59,
02OA039,2,1977,290,21.61,
02OA039,2,1977,291,21.8,
02OA039,2,1977,292,21.82,
02OA039,2,1977,293,21.75,
02OA039,2,1977,294,21.75,
02OA039,2,1977,295,21.68,
02OA039,2,1977,296,21.61,
02OA039,2,1977,297,21.6,
02OA039,2,1977,298,21.57,
02OA039,2,1977,299,21.58,
02OA039,2,1977,300,21.57,
02OA039,2,1977,301,21.52,
02OA039,2,1977,302,21.47,
02OA039,2,1977,303,21.48,
02OA039,2,1977,304,21.41,
02OA039,2,1977,305,21.34,
02OA039,2,1977,306,21.42,
02OA039,2,1977,307,21.49,
02OA039,2,1977,308,21.46,
02OA039,2,1977,309,21.54,
02OA039,2,1977,310,21.5,
02OA039,2,1977,311,21.49,
02OA039,2,1977,312,21.46,
02OA039,2,1977,313,21.6,
02OA039,2,1977,314,21.55,
02OA039,2,1977,315,21.59,
02OA039,2,1977,316,21.64,
02OA039,2,1977,317,21.59,
02OA039,2,1977,318,21.57,
02OA039,2,1977,319,21.57,
02OA039,2,1977,320,21.59,
02OA039,2,1977,321,21.59,
02OA039,2,1977,322,21.61,
02OA039,2,1977,323,21.68,
02OA039,2,1977,324,21.64,
02OA039,2,1977,325,21.63,
02OA039,2,1977,326,21.69,
02OA039,2,1977,327,21.66,
02OA039,2,1977,328,21.67,
02OA039,2,1977,329,21.67,
02OA039,2,1977,330,21.68,
02OA039,2,1977,331,21.74,
02OA039,2,1977,332,21.52,
02OA039,2,1977,333,21.6,
02OA039,2,1977,334,21.59,
02OA039,2,1977,335,21.6,
02OA039,2,1977,336,21.78,
02OA039,2,1977,337,21.77,
02OA039,2,1977,338,21.77,
02OA039,2,1977,339,21.75,
02OA039,2,1977,340,21.65,
02OA039,2,1977,341,21.82,
02OA039,2,1977,342,21.66,
02OA039,2,1977,343,21.68,
02OA039,2,1977,344,21.69,
02OA039,2,1977,345,21.59,
02OA039,2,1977,346,21.13,
02OA039,2,1977,347,21.25,
02OA039,2,1977,348,21.34,
02OA039,2,1977,349,21.37,
02OA039,2,1977,350,21.4,
02OA039,2,1977,351,21.37,
02OA039,2,1977,352,21.39,
02OA039,2,1977,353,21.41,
02OA039,2,1977,354,21.47,
02OA039,2,1977,355,21.52,
02OA039,2,1977,356,21.47,
02OA039,2,1977,357,21.37,
02OA039,2,1977,358,21.18,
02OA039,2,1977,359,21.1,
02OA039,2,1977,360,21.22,
02OA039,2,1977,361,21.44,
02OA039,2,1977,362,21.46,
02OA039,2,1977,363,21.54,
02OA039,2,1977,364,21.72,
02OA039,2,1977,365,21.77,
02OA039,2,1978,1,,
02OA039,2,1978,2,,
02OA039,2,1978,3,21.95,
02OA039,2,1978,4,22.05,
02OA039,2,1978,5,21.93,
02OA039,2,1978,6,21.86,
02OA039,2,1978,7,21.87,
02OA039,2,1978,8,21.45,
02OA039,2,1978,9,21.23,
02OA039,2,1978,10,21.12,
02OA039,2,1978,11,21.27,
02OA039,2,1978,12,21.63,
02OA039,2,1978,13,21.83,
02OA039,2,1978,14,21.68,
02OA039,2,1978,15,21.55,
02OA039,2,1978,16,21.66,
02OA039,2,1978,17,21.9,
02OA039,2,1978,18,21.87,
02OA039,2,1978,19,21.88,
02OA039,2,1978,20,21.86,
02OA039,2,1978,21,21.88,
02OA039,2,1978,22,21.87,
02OA039,2,1978,23,21.92,
02OA039,2,1978,24,21.97,
02OA039,2,1978,25,21.89,
02OA039,2,1978,26,21.62,
02OA039,2,1978,27,21.42,
02OA039,2,1978,28,21.5,
02OA039,2,1978,29,21.72,
02OA039,2,1978,30,21.86,
02OA039,2,1978,31,22.04,
02OA039,2,1978,32,22.04,
02OA039,2,1978,33,22.05,
02OA039,2,1978,34,22.09,
02OA039,2,1978,35,22.04,
02OA039,2,1978,36,22,
02OA039,2,1978,37,22.09,
02OA039,2,1978,38,22.2,
02OA039,2,1978,39,22.1,
02OA039,2,1978,40,22.09,
02OA039,2,1978,41,22.19,
02OA039,2,1978,42,22.17,
02OA039,2,1978,43,22.08,
02OA039,2,1978,44,22.07,
02OA039,2,1978,45,22.04,
02OA039,2,1978,46,21.97,
02OA039,2,1978,47,21.88,
02OA039,2,1978,48,21.81,
02OA039,2,1978,49,21.73,
02OA039,2,1978,50,21.75,
02OA039,2,1978,51,21.81,
02OA039,2,1978,52,21.8,
02OA039,2,1978,53,21.87,
02OA039,2,1978,54,21.99,
02OA039,2,1978,55,21.94,
02OA039,2,1978,56,21.82,
02OA039,2,1978,57,21.83,
02OA039,2,1978,58,21.8,
02OA039,2,1978,59,21.83,
02OA039,2,1978,60,21.79,
02OA039,2,1978,61,21.79,
02OA039,2,1978,62,21.78,
02OA039,2,1978,63,21.66,
02OA039,2,1978,64,21.72,
02OA039,2,1978,65,21.81,
02OA039,2,1978,66,21.92,
02OA039,2,1978,67,21.86,
02OA039,2,1978,68,21.69,
02OA039,2,1978,69,21.58,
02OA039,2,1978,70,21.6,
02OA039,2,1978,71,21.52,
02OA039,2,1978,72,21.55,
02OA039,2,1978,73,21.56,
02OA039,2,1978,74,21.55,
02OA039,2,1978,75,21.59,
02OA039,2,1978,76,21.63,
02OA039,2,1978,77,21.63,
02OA039,2,1978,78,21.58,
02OA039,2,1978,79,21.58,
02OA039,2,1978,80,21.62,
02OA039,2,1978,81,21.63,
02OA039,2,1978,82,21.61,
02OA039,2,1978,83,21.59,
02OA039,2,1978,84,21.69,
02OA039,2,1978,85,21.7,
02OA039,2,1978,86,21.72,
02OA039,2,1978,87,21.76,
02OA039,2,1978,88,21.82,
02OA039,2,1978,89,21.92,
02OA039,2,1978,90,21.96,
02OA039,2,1978,91,21.94,
02OA039,2,1978,92,21.99,
02OA039,2,1978,93,21.94,
02OA039,2,1978,94,21.81,
02OA039,2,1978,95,21.88,
02OA039,2,1978,96,21.83,
02OA039,2,1978,97,21.79,
02OA039,2,1978,98,21.77,
02OA039,2,1978,99,21.79,
02OA039,2,1978,100,21.77,
02OA039,2,1978,101,21.75,
02OA039,2,1978,102,21.87,
02OA039,2,1978,103,22.18,
02OA039,2,1978,104,22.53,
02OA039,2,1978,105,22.55,
02OA039,2,1978,106,22.45,
02OA039,2,1978,107,22.34,
02OA039,2,1978,108,22.36,
02OA039,2,1978,109,22.28,
02OA039,2,1978,110,22.31,
02OA039,2,1978,111,22.35,
02OA039,2,1978,112,22.23,
02OA039,2,1978,113,22.26,
02OA039,2,1978,114,22.25,
02OA039,2,1978,115,22.19,
02OA039,2,1978,116,22.22,
02OA039,2,1978,117,22.2,
02OA039,2,1978,118,22.28,
02OA039,2,1978,119,22.32,
02OA039,2,1978,120,22.32,
02OA039,2,1978,121,22.31,
02OA039,2,1978,122,22.28,
02OA039,2,1978,123,22.27,
02OA039,2,1978,124,22.22,
02OA039,2,1978,125,22.16,
02OA039,2,1978,126,22.11,
02OA039,2,1978,127,22.08,
02OA039,2,1978,128,22.04,
02OA039,2,1978,129,22.03,
02OA039,2,1978,130,22.07,
02OA039,2,1978,131,22.05,
02OA039,2,1978,132,22.05,
02OA039,2,1978,133,22.07,
02OA039,2,1978,134,22.02,
02OA039,2,1978,135,22.06,
02OA039,2,1978,136,22.07,
02OA039,2,1978,137,22.04,
02OA039,2,1978,138,21.98,
02OA039,2,1978,139,22.03,
02OA039,2,1978,140,21.98,
02OA039,2,1978,141,21.95,
02OA039,2,1978,142,21.91,
02OA039,2,1978,143,21.86,
02OA039,2,1978,144,21.88,
02OA039,2,1978,145,21.84,
02OA039,2,1978,146,21.82,
02OA039,2,1978,147,21.78,
02OA039,2,1978,148,21.74,
02OA039,2,1978,149,21.74,
02OA039,2,1978,150,21.7,
02OA039,2,1978,151,21.67,
02OA039,2,1978,152,21.66,
02OA039,2,1978,153,21.66,
02OA039,2,1978,154,21.66,
02OA039,2,1978,155,21.63,
02OA039,2,1978,156,21.61,
02OA039,2,1978,157,21.64,
02OA039,2,1978,158,21.63,
02OA039,2,1978,159,21.66,
02OA039,2,1978,160,21.66,
02OA039,2,1978,161,21.63,
02OA039,2,1978,162,21.6,
02OA039,2,1978,163,21.6,
02OA039,2,1978,164,21.61,
02OA039,2,1978,165,21.62,
02OA039,2,1978,166,21.61,
02OA039,2,1978,167,21.6,
02OA039,2,1978,168,21.63,
02OA039,2,1978,169,21.63,
02OA039,2,1978,170,21.68,
02OA039,2,1978,171,21.74,
02OA039,2,1978,172,21.76,
02OA039,2,1978,173,21.74,
02OA039,2,1978,174,21.64,
02OA039,2,1978,175,21.64,
02OA039,2,1978,176,21.57,
02OA039,2,1978,177,21.51,
02OA039,2,1978,178,21.52,
02OA039,2,1978,179,21.57,
02OA039,2,1978,180,21.51,
02OA039,2,1978,181,21.55,
02OA039,2,1978,182,21.52,
02OA039,2,1978,183,21.5,
02OA039,2,1978,184,21.51,
02OA039,2,1978,185,21.48,
02OA039,2,1978,186,21.47,
02OA039,2,1978,187,21.48,
02OA039,2,1978,188,21.52,
02OA039,2,1978,189,21.48,
02OA039,2,1978,190,21.43,
02OA039,2,1978,191,21.43,
02OA039,2,1978,192,21.37,
02OA039,2,1978,193,21.44,
02OA039,2,1978,194,21.38,
02OA039,2,1978,195,21.39,
02OA039,2,1978,196,21.38,
02OA039,2,1978,197,21.38,
02OA039,2,1978,198,21.36,
02OA039,2,1978,199,21.33,
02OA039,2,1978,200,21.33,
02OA039,2,1978,201,21.37,
02OA039,2,1978,202,21.38,
02OA039,2,1978,203,21.32,
02OA039,2,1978,204,21.3,
02OA039,2,1978,205,21.28,
02OA039,2,1978,206,21.26,
02OA039,2,1978,207,21.31,
02OA039,2,1978,208,21.28,
02OA039,2,1978,209,21.29,
02OA039,2,1978,210,21.29,
02OA039,2,1978,211,21.27,
02OA039,2,1978,212,21.29,
02OA039,2,1978,213,21.3,
02OA039,2,1978,214,21.28,
02OA039,2,1978,215,21.3,
02OA039,2,1978,216,21.33,
02OA039,2,1978,217,21.29,
02OA039,2,1978,218,21.26,
02OA039,2,1978,219,21.18,
02OA039,2,1978,220,21.21,
02OA039,2,1978,221,21.29,
02OA039,2,1978,222,21.27,
02OA039,2,1978,223,21.21,
02OA039,2,1978,224,21.26,
02OA039,2,1978,225,21.27,
02OA039,2,1978,226,21.28,
02OA039,2,1978,227,21.26,
02OA039,2,1978,228,21.25,
02OA039,2,1978,229,21.32,
02OA039,2,1978,230,21.24,
02OA039,2,1978,231,21.24,
02OA039,2,1978,232,21.28,
02OA039,2,1978,233,21.26,
02OA039,2,1978,234,21.24,
02OA039,2,1978,235,21.24,
02OA039,2,1978,236,21.23,
02OA039,2,1978,237,21.26,
02OA039,2,1978,238,21.27,
02OA039,2,1978,239,21.25,
02OA039,2,1978,240,21.23,
02OA039,2,1978,241,21.24,
02OA039,2,1978,242,21.26,
02OA039,2,1978,243,21.29,
02OA039,2,1978,244,21.26,
02OA039,2,1978,245,21.23,
02OA039,2,1978,246,21.21,
02OA039,2,1978,247,21.16,
02OA039,2,1978,248,21.17,
02OA039,2,1978,249,21.15,
02OA039,2,1978,250,21.2,
02OA039,2,1978,251,21.22,
02OA039,2,1978,252,21.17,
02OA039,2,1978,253,21.15,
02OA039,2,1978,254,21.13,
02OA039,2,1978,255,21.15,
02OA039,2,1978,256,21.18,
02OA039,2,1978,257,21.2,
02OA039,2,1978,258,21.21,
02OA039,2,1978,259,21.2,
02OA039,2,1978,260,21.19,
02OA039,2,1978,261,21.14,
02OA039,2,1978,262,21.11,
02OA039,2,1978,263,21.15,
02OA039,2,1978,264,21.2,
02OA039,2,1978,265,21.23,
02OA039,2,1978,266,21.23,
02OA039,2,1978,267,21.22,
02OA039,2,1978,268,21.19,
02OA039,2,1978,269,21.13,
02OA039,2,1978,270,21.16,
02OA039,2,1978,271,21.21,
02OA039,2,1978,272,21.22,
02OA039,2,1978,273,21.23,
02OA039,2,1978,274,21.2,
02OA039,2,1978,275,21.15,
02OA039,2,1978,276,21.15,
02OA039,2,1978,277,21.12,
02OA039,2,1978,278,21.21,
02OA039,2,1978,279,21.19,
02OA039,2,1978,280,21.18,
02OA039,2,1978,281,21.15,
02OA039,2,1978,282,21.1,
02OA039,2,1978,283,21.08,
02OA039,2,1978,284,21.11,
02OA039,2,1978,285,21.12,
02OA039,2,1978,286,21.15,
02OA039,2,1978,287,21.18,
02OA039,2,1978,288,21.22,
02OA039,2,1978,289,21.22,
02OA039,2,1978,290,21.19,
02OA039,2,1978,291,21.17,
02OA039,2,1978,292,21.23,
02OA039,2,1978,293,21.22,
02OA039,2,1978,294,21.22,
02OA039,2,1978,295,21.17,
02OA039,2,1978,296,21.08,
02OA039,2,1978,297,21.09,
02OA039,2,1978,298,21.11,
02OA039,2,1978,299,21.14,
02OA039,2,1978,300,21.2,
02OA039,2,1978,301,21.19,
02OA039,2,1978,302,21.14,
02OA039,2,1978,303,21.09,
02OA039,2,1978,304,21.08,
02OA039,2,1978,305,21.06,
02OA039,2,1978,306,21.14,
02OA039,2,1978,307,21.1,
02OA039,2,1978,308,21.11,
02OA039,2,1978,309,21.07,
02OA039,2,1978,310,21,
02OA039,2,1978,311,21.01,
02OA039,2,1978,312,21.09,
02OA039,2,1978,313,21.07,
02OA039,2,1978,314,21.06,
02OA039,2,1978,315,21.05,
02OA039,2,1978,316,21.04,
02OA039,2,1978,317,21.01,
02OA039,2,1978,318,21.05,
02OA039,2,1978,319,21.07,
02OA039,2,1978,320,21.04,
02OA039,2,1978,321,21.02,
02OA039,2,1978,322,21.09,
02OA039,2,1978,323,21.02,
02OA039,2,1978,324,21,
02OA039,2,1978,325,20.92,
02OA039,2,1978,326,20.91,
02OA039,2,1978,327,20.92,
02OA039,2,1978,328,20.92,
02OA039,2,1978,329,20.9,
02OA039,2,1978,330,20.82,
02OA039,2,1978,331,20.78,
02OA039,2,1978,332,20.86,
02OA039,2,1978,333,20.85,
02OA039,2,1978,334,20.87,
02OA039,2,1978,335,20.82,
02OA039,2,1978,336,20.82,
02OA039,2,1978,337,20.86,
02OA039,2,1978,338,20.84,
02OA039,2,1978,339,20.88,
02OA039,2,1978,340,20.83,
02OA039,2,1978,341,20.81,
02OA039,2,1978,342,20.84,
02OA039,2,1978,343,20.86,
02OA039,2,1978,344,20.83,
02OA039,2,1978,345,20.8,
02OA039,2,1978,346,20.77,
02OA039,2,1978,347,20.84,
02OA039,2,1978,348,20.79,
02OA039,2,1978,349,20.79,
02OA039,2,1978,350,20.75,
02OA039,2,1978,351,20.74,
02OA039,2,1978,352,20.66,
02OA039,2,1978,353,20.58,
02OA039,2,1978,354,20.67,
02OA039,2,1978,355,20.77,
02OA039,2,1978,356,20.93,
02OA039,2,1978,357,20.94,
02OA039,2,1978,358,20.76,
02OA039,2,1978,359,20.76,
02OA039,2,1978,360,21.05,
02OA039,2,1978,361,21.18,
02OA039,2,1978,362,21.19,
02OA039,2,1978,363,21.25,
02OA039,2,1978,364,21.17,
02OA039,2,1978,365,21.11,
02OA039,2,1979,1,20.99,
02OA039,2,1979,2,20.97,
02OA039,2,1979,3,21,
02OA039,2,1979,4,21.13,
02OA039,2,1979,5,21.31,
02OA039,2,1979,6,21.46,
02OA039,2,1979,7,21.39,
02OA039,2,1979,8,21.25,
02OA039,2,1979,9,21.29,
02OA039,2,1979,10,21.33,
02OA039,2,1979,11,21.39,
02OA039,2,1979,12,21.42,
02OA039,2,1979,13,21.31,
02OA039,2,1979,14,21.14,
02OA039,2,1979,15,21.21,
02OA039,2,1979,16,21.4,
02OA039,2,1979,17,21.57,
02OA039,2,1979,18,21.6,
02OA039,2,1979,19,21.56,
02OA039,2,1979,20,21.5,
02OA039,2,1979,21,21.54,
02OA039,2,1979,22,21.5,
02OA039,2,1979,23,21.55,
02OA039,2,1979,24,21.6,
02OA039,2,1979,25,21.59,
02OA039,2,1979,26,21.37,
02OA039,2,1979,27,21.04,
02OA039,2,1979,28,20.93,
02OA039,2,1979,29,20.93,
02OA039,2,1979,30,21.07,
02OA039,2,1979,31,21.23,
02OA039,2,1979,32,21.27,
02OA039,2,1979,33,21.32,
02OA039,2,1979,34,21.57,
02OA039,2,1979,35,21.74,
02OA039,2,1979,36,21.58,
02OA039,2,1979,37,21.65,
02OA039,2,1979,38,21.75,
02OA039,2,1979,39,21.78,
02OA039,2,1979,40,21.67,
02OA039,2,1979,41,21.71,
02OA039,2,1979,42,21.73,
02OA039,2,1979,43,21.71,
02OA039,2,1979,44,21.65,
02OA039,2,1979,45,21.71,
02OA039,2,1979,46,21.74,
02OA039,2,1979,47,21.78,
02OA039,2,1979,48,21.76,
02OA039,2,1979,49,21.68,
02OA039,2,1979,50,21.52,
02OA039,2,1979,51,21.39,
02OA039,2,1979,52,21.27,
02OA039,2,1979,53,21.14,
02OA039,2,1979,54,21.18,
02OA039,2,1979,55,21.13,
02OA039,2,1979,56,21.18,
02OA039,2,1979,57,21.28,
02OA039,2,1979,58,21.27,
02OA039,2,1979,59,21.26,
02OA039,2,1979,60,21.17,
02OA039,2,1979,61,21.24,
02OA039,2,1979,62,21.25,
02OA039,2,1979,63,21.16,
02OA039,2,1979,64,21.17,
02OA039,2,1979,65,21.36,
02OA039,2,1979,66,21.55,
02OA039,2,1979,67,21.6,
02OA039,2,1979,68,21.54,
02OA039,2,1979,69,21.51,
02OA039,2,1979,70,21.57,
02OA039,2,1979,71,21.69,
02OA039,2,1979,72,21.68,
02OA039,2,1979,73,21.63,
02OA039,2,1979,74,21.72,
02OA039,2,1979,75,21.84,
02OA039,2,1979,76,21.67,
02OA039,2,1979,77,21.63,
02OA039,2,1979,78,21.63,
02OA039,2,1979,79,21.59,
02OA039,2,1979,80,21.52,
02OA039,2,1979,81,21.7,
02OA039,2,1979,82,21.82,
02OA039,2,1979,83,21.83,
02OA039,2,1979,84,22.08,
02OA039,2,1979,85,22.35,
02OA039,2,1979,86,22.36,
02OA039,2,1979,87,22.31,
02OA039,2,1979,88,22.11,
02OA039,2,1979,89,21.95,
02OA039,2,1979,90,21.87,
02OA039,2,1979,91,21.99,
02OA039,2,1979,92,22.08,
02OA039,2,1979,93,22.24,
02OA039,2,1979,94,22.2,
02OA039,2,1979,95,22.14,
02OA039,2,1979,96,22.23,
02OA039,2,1979,97,22.13,
02OA039,2,1979,98,22.13,
02OA039,2,1979,99,22.03,
02OA039,2,1979,100,21.89,
02OA039,2,1979,101,21.93,
02OA039,2,1979,102,21.88,
02OA039,2,1979,103,21.88,
02OA039,2,1979,104,21.86,
02OA039,2,1979,105,21.88,
02OA039,2,1979,106,21.94,
02OA039,2,1979,107,22.03,
02OA039,2,1979,108,22.05,
02OA039,2,1979,109,21.96,
02OA039,2,1979,110,21.96,
02OA039,2,1979,111,21.9,
02OA039,2,1979,112,21.91,
02OA039,2,1979,113,21.94,
02OA039,2,1979,114,21.91,
02OA039,2,1979,115,21.92,
02OA039,2,1979,116,21.99,
02OA039,2,1979,117,21.95,
02OA039,2,1979,118,22.16,
02OA039,2,1979,119,22.26,
02OA039,2,1979,120,22.24,
02OA039,2,1979,121,22.3,
02OA039,2,1979,122,22.37,
02OA039,2,1979,123,22.31,
02OA039,2,1979,124,22.31,
02OA039,2,1979,125,22.32,
02OA039,2,1979,126,22.36,
02OA039,2,1979,127,22.26,
02OA039,2,1979,128,22.25,
02OA039,2,1979,129,22.27,
02OA039,2,1979,130,22.17,
02OA039,2,1979,131,22.1,
02OA039,2,1979,132,22.15,
02OA039,2,1979,133,22.15,
02OA039,2,1979,134,22.13,
02OA039,2,1979,135,22.12,
02OA039,2,1979,136,22.23,
02OA039,2,1979,137,22.18,
02OA039,2,1979,138,22.16,
02OA039,2,1979,139,22.17,
02OA039,2,1979,140,22.16,
02OA039,2,1979,141,22.14,
02OA039,2,1979,142,22.11,
02OA039,2,1979,143,22.04,
02OA039,2,1979,144,21.99,
02OA039,2,1979,145,21.9,
02OA039,2,1979,146,21.91,
02OA039,2,1979,147,22.01,
02OA039,2,1979,148,21.96,
02OA039,2,1979,149,21.83,
02OA039,2,1979,150,21.85,
02OA039,2,1979,151,21.89,
02OA039,2,1979,152,21.83,
02OA039,2,1979,153,21.78,
02OA039,2,1979,154,21.77,
02OA039,2,1979,155,21.7,
02OA039,2,1979,156,21.73,
02OA039,2,1979,157,21.74,
02OA039,2,1979,158,21.72,
02OA039,2,1979,159,21.68,
02OA039,2,1979,160,21.67,
02OA039,2,1979,161,21.66,
02OA039,2,1979,162,21.66,
02OA039,2,1979,163,21.65,
02OA039,2,1979,164,21.61,
02OA039,2,1979,165,21.69,
02OA039,2,1979,166,21.69,
02OA039,2,1979,167,21.66,
02OA039,2,1979,168,21.63,
02OA039,2,1979,169,21.64,
02OA039,2,1979,170,21.59,
02OA039,2,1979,171,21.64,
02OA039,2,1979,172,21.59,
02OA039,2,1979,173,21.65,
02OA039,2,1979,174,21.59,
02OA039,2,1979,175,21.46,
02OA039,2,1979,176,21.47,
02OA039,2,1979,177,21.52,
02OA039,2,1979,178,21.49,
02OA039,2,1979,179,21.47,
02OA039,2,1979,180,21.46,
02OA039,2,1979,181,21.47,
02OA039,2,1979,182,21.42,
02OA039,2,1979,183,21.5,
02OA039,2,1979,184,21.49,
02OA039,2,1979,185,21.41,
02OA039,2,1979,186,21.5,
02OA039,2,1979,187,21.48,
02OA039,2,1979,188,21.46,
02OA039,2,1979,189,21.44,
02OA039,2,1979,190,21.38,
02OA039,2,1979,191,21.46,
02OA039,2,1979,192,21.43,
02OA039,2,1979,193,21.41,
02OA039,2,1979,194,21.41,
02OA039,2,1979,195,21.39,
02OA039,2,1979,196,21.37,
02OA039,2,1979,197,21.36,
02OA039,2,1979,198,21.34,
02OA039,2,1979,199,21.32,
02OA039,2,1979,200,21.3,
02OA039,2,1979,201,21.31,
02OA039,2,1979,202,21.29,
02OA039,2,1979,203,21.27,
02OA039,2,1979,204,21.26,
02OA039,2,1979,205,21.23,
02OA039,2,1979,206,21.26,
02OA039,2,1979,207,21.31,
02OA039,2,1979,208,21.27,
02OA039,2,1979,209,21.21,
02OA039,2,1979,210,21.23,
02OA039,2,1979,211,21.22,
02OA039,2,1979,212,21.17,
02OA039,2,1979,213,21.19,
02OA039,2,1979,214,21.24,
02OA039,2,1979,215,21.26,
02OA039,2,1979,216,21.25,
02OA039,2,1979,217,21.28,
02OA039,2,1979,218,21.3,
02OA039,2,1979,219,21.29,
02OA039,2,1979,220,21.24,
02OA039,2,1979,221,21.23,
02OA039,2,1979,222,21.24,
02OA039,2,1979,223,21.3,
02OA039,2,1979,224,21.28,
02OA039,2,1979,225,21.28,
02OA039,2,1979,226,21.34,
02OA039,2,1979,227,21.32,
02OA039,2,1979,228,21.33,
02OA039,2,1979,229,21.3,
02OA039,2,1979,230,21.28,
02OA039,2,1979,231,21.27,
02OA039,2,1979,232,21.27,
02OA039,2,1979,233,21.27,
02OA039,2,1979,234,21.28,
02OA039,2,1979,235,21.27,
02OA039,2,1979,236,21.32,
02OA039,2,1979,237,21.34,
02OA039,2,1979,238,21.31,
02OA039,2,1979,239,21.27,
02OA039,2,1979,240,21.28,
02OA039,2,1979,241,21.3,
02OA039,2,1979,242,21.29,
02OA039,2,1979,243,21.35,
02OA039,2,1979,244,21.39,
02OA039,2,1979,245,21.38,
02OA039,2,1979,246,21.35,
02OA039,2,1979,247,21.33,
02OA039,2,1979,248,21.32,
02OA039,2,1979,249,21.32,
02OA039,2,1979,250,21.36,
02OA039,2,1979,251,21.33,
02OA039,2,1979,252,21.37,
02OA039,2,1979,253,21.34,
02OA039,2,1979,254,21.34,
02OA039,2,1979,255,21.31,
02OA039,2,1979,256,21.32,
02OA039,2,1979,257,21.43,
02OA039,2,1979,258,21.7,
02OA039,2,1979,259,21.64,
02OA039,2,1979,260,21.55,
02OA039,2,1979,261,21.47,
02OA039,2,1979,262,21.39,
02OA039,2,1979,263,21.38,
02OA039,2,1979,264,21.38,
02OA039,2,1979,265,21.38,
02OA039,2,1979,266,21.43,
02OA039,2,1979,267,21.46,
02OA039,2,1979,268,21.47,
02OA039,2,1979,269,21.49,
02OA039,2,1979,270,21.45,
02OA039,2,1979,271,21.44,
02OA039,2,1979,272,21.42,
02OA039,2,1979,273,21.39,
02OA039,2,1979,274,21.41,
02OA039,2,1979,275,21.43,
02OA039,2,1979,276,21.4,
02OA039,2,1979,277,21.43,
02OA039,2,1979,278,21.45,
02OA039,2,1979,279,21.48,
02OA039,2,1979,280,21.44,
02OA039,2,1979,281,21.41,
02OA039,2,1979,282,21.45,
02OA039,2,1979,283,21.46,
02OA039,2,1979,284,21.5,
02OA039,2,1979,285,21.54,
02OA039,2,1979,286,21.66,
02OA039,2,1979,287,21.64,
02OA039,2,1979,288,21.56,
02OA039,2,1979,289,21.53,
02OA039,2,1979,290,21.57,
02OA039,2,1979,291,21.64,
02OA039,2,1979,292,21.63,
02OA039,2,1979,293,21.58,
02OA039,2,1979,294,21.6,
02OA039,2,1979,295,21.58,
02OA039,2,1979,296,21.61,
02OA039,2,1979,297,21.68,
02OA039,2,1979,298,21.68,
02OA039,2,1979,299,21.66,
02OA039,2,1979,300,21.63,
02OA039,2,1979,301,21.64,
02OA039,2,1979,302,21.68,
02OA039,2,1979,303,21.75,
02OA039,2,1979,304,21.77,
02OA039,2,1979,305,21.73,
02OA039,2,1979,306,21.78,
02OA039,2,1979,307,21.76,
02OA039,2,1979,308,21.74,
02OA039,2,1979,309,21.66,
02OA039,2,1979,310,21.64,
02OA039,2,1979,311,21.66,
02OA039,2,1979,312,21.69,
02OA039,2,1979,313,21.66,
02OA039,2,1979,314,21.64,
02OA039,2,1979,315,21.64,
02OA039,2,1979,316,21.64,
02OA039,2,1979,317,21.61,
02OA039,2,1979,318,21.62,
02OA039,2,1979,319,21.6,
02OA039,2,1979,320,21.62,
02OA039,2,1979,321,21.64,
02OA039,2,1979,322,21.53,
02OA039,2,1979,323,21.51,
02OA039,2,1979,324,21.5,
02OA039,2,1979,325,21.57,
02OA039,2,1979,326,21.55,
02OA039,2,1979,327,21.52,
02OA039,2,1979,328,21.5,
02OA039,2,1979,329,21.51,
02OA039,2,1979,330,21.52,
02OA039,2,1979,331,21.72,
02OA039,2,1979,332,21.74,
02OA039,2,1979,333,21.86,
02OA039,2,1979,334,21.87,
02OA039,2,1979,335,21.77,
02OA039,2,1979,336,21.77,
02OA039,2,1979,337,21.88,
02OA039,2,1979,338,21.8,
02OA039,2,1979,339,21.71,
02OA039,2,1979,340,21.67,
02OA039,2,1979,341,21.67,
02OA039,2,1979,342,21.76,
02OA039,2,1979,343,21.79,
02OA039,2,1979,344,21.67,
02OA039,2,1979,345,21.65,
02OA039,2,1979,346,21.64,
02OA039,2,1979,347,21.66,
02OA039,2,1979,348,21.68,
02OA039,2,1979,349,21.66,
02OA039,2,1979,350,21.6,
02OA039,2,1979,351,21.59,
02OA039,2,1979,352,21.56,
02OA039,2,1979,353,21.57,
02OA039,2,1979,354,21.47,
02OA039,2,1979,355,21.57,
02OA039,2,1979,356,21.71,
02OA039,2,1979,357,21.73,
02OA039,2,1979,358,21.75,
02OA039,2,1979,359,21.83,
02OA039,2,1979,360,22,
02OA039,2,1979,361,22.15,
02OA039,2,1979,362,22.07,
02OA039,2,1979,363,21.98,
02OA039,2,1979,364,21.87,
02OA039,2,1979,365,21.77,
02OA039,2,1980,1,21.81,
02OA039,2,1980,2,21.79,
02OA039,2,1980,3,21.77,
02OA039,2,1980,4,21.8,
02OA039,2,1980,5,21.79,
02OA039,2,1980,6,21.76,
02OA039,2,1980,7,21.74,
02OA039,2,1980,8,21.66,
02OA039,2,1980,9,21.62,
02OA039,2,1980,10,21.52,
02OA039,2,1980,11,21.46,
02OA039,2,1980,12,21.29,
02OA039,2,1980,13,21.31,
02OA039,2,1980,14,21.42,
02OA039,2,1980,15,21.32,
02OA039,2,1980,16,21.38,
02OA039,2,1980,17,21.51,
02OA039,2,1980,18,21.44,
02OA039,2,1980,19,21.16,
02OA039,2,1980,20,21.02,
02OA039,2,1980,21,21.05,
02OA039,2,1980,22,21.2,
02OA039,2,1980,23,21.35,
02OA039,2,1980,24,21.39,
02OA039,2,1980,25,21.4,
02OA039,2,1980,26,21.44,
02OA039,2,1980,27,21.55,
02OA039,2,1980,28,21.58,
02OA039,2,1980,29,21.51,
02OA039,2,1980,30,21.48,
02OA039,2,1980,31,21.53,
02OA039,2,1980,32,21.53,
02OA039,2,1980,33,21.48,
02OA039,2,1980,34,21.5,
02OA039,2,1980,35,21.46,
02OA039,2,1980,36,21.52,
02OA039,2,1980,37,21.51,
02OA039,2,1980,38,21.35,
02OA039,2,1980,39,21.31,
02OA039,2,1980,40,21.27,
02OA039,2,1980,41,21.22,
02OA039,2,1980,42,21.22,
02OA039,2,1980,43,21.22,
02OA039,2,1980,44,21.37,
02OA039,2,1980,45,21.3,
02OA039,2,1980,46,21.33,
02OA039,2,1980,47,21.28,
02OA039,2,1980,48,21.37,
02OA039,2,1980,49,21.48,
02OA039,2,1980,50,21.62,
02OA039,2,1980,51,21.44,
02OA039,2,1980,52,21.26,
02OA039,2,1980,53,21.48,
02OA039,2,1980,54,21.51,
02OA039,2,1980,55,21.26,
02OA039,2,1980,56,21.29,
02OA039,2,1980,57,21.4,
02OA039,2,1980,58,21.42,
02OA039,2,1980,59,21.42,
02OA039,2,1980,60,21.43,
02OA039,2,1980,61,21.46,
02OA039,2,1980,62,21.51,
02OA039,2,1980,63,21.47,
02OA039,2,1980,64,21.31,
02OA039,2,1980,65,21.23,
02OA039,2,1980,66,21.19,
02OA039,2,1980,67,21.19,
02OA039,2,1980,68,21.16,
02OA039,2,1980,69,21.15,
02OA039,2,1980,70,21.14,
02OA039,2,1980,71,21.05,
02OA039,2,1980,72,21.11,
02OA039,2,1980,73,21.33,
02OA039,2,1980,74,21.27,
02OA039,2,1980,75,21.2,
02OA039,2,1980,76,21.24,
02OA039,2,1980,77,21.16,
02OA039,2,1980,78,21.08,
02OA039,2,1980,79,21.21,
02OA039,2,1980,80,21.29,
02OA039,2,1980,81,21.3,
02OA039,2,1980,82,21.42,
02OA039,2,1980,83,21.64,
02OA039,2,1980,84,21.73,
02OA039,2,1980,85,21.78,
02OA039,2,1980,86,21.66,
02OA039,2,1980,87,21.53,
02OA039,2,1980,88,21.43,
02OA039,2,1980,89,21.41,
02OA039,2,1980,90,21.43,
02OA039,2,1980,91,21.47,
02OA039,2,1980,92,21.54,
02OA039,2,1980,93,21.57,
02OA039,2,1980,94,21.57,
02OA039,2,1980,95,21.49,
02OA039,2,1980,96,21.54,
02OA039,2,1980,97,21.58,
02OA039,2,1980,98,21.57,
02OA039,2,1980,99,21.57,
02OA039,2,1980,100,21.58,
02OA039,2,1980,101,21.71,
02OA039,2,1980,102,21.86,
02OA039,2,1980,103,21.96,
02OA039,2,1980,104,22.04,
02OA039,2,1980,105,21.98,
02OA039,2,1980,106,21.98,
02OA039,2,1980,107,22.1,
02OA039,2,1980,108,22.1,
02OA039,2,1980,109,22.02,
02OA039,2,1980,110,22.01,
02OA039,2,1980,111,21.98,
02OA039,2,1980,112,21.93,
02OA039,2,1980,113,21.84,
02OA039,2,1980,114,21.82,
02OA039,2,1980,115,21.74,
02OA039,2,1980,116,21.66,
02OA039,2,1980,117,21.84,
02OA039,2,1980,118,21.91,
02OA039,2,1980,119,21.86,
02OA039,2,1980,120,21.88,
02OA039,2,1980,121,21.92,
02OA039,2,1980,122,21.97,
02OA039,2,1980,123,21.97,
02OA039,2,1980,124,21.98,
02OA039,2,1980,125,21.95,
02OA039,2,1980,126,21.9,
02OA039,2,1980,127,21.85,
02OA039,2,1980,128,21.93,
02OA039,2,1980,129,21.89,
02OA039,2,1980,130,21.87,
02OA039,2,1980,131,21.91,
02OA039,2,1980,132,21.82,
02OA039,2,1980,133,21.79,
02OA039,2,1980,134,21.78,
02OA039,2,1980,135,21.76,
02OA039,2,1980,136,21.77,
02OA039,2,1980,137,21.77,
02OA039,2,1980,138,21.69,
02OA039,2,1980,139,21.62,
02OA039,2,1980,140,21.65,
02OA039,2,1980,141,21.68,
02OA039,2,1980,142,21.69,
02OA039,2,1980,143,21.66,
02OA039,2,1980,144,21.69,
02OA039,2,1980,145,21.57,
02OA039,2,1980,146,21.59,
02OA039,2,1980,147,21.51,
02OA039,2,1980,148,21.47,
02OA039,2,1980,149,21.54,
02OA039,2,1980,150,21.48,
02OA039,2,1980,151,21.45,
02OA039,2,1980,152,21.44,
02OA039,2,1980,153,21.53,
02OA039,2,1980,154,21.5,
02OA039,2,1980,155,21.5,
02OA039,2,1980,156,21.5,
02OA039,2,1980,157,21.51,
02OA039,2,1980,158,21.51,
02OA039,2,1980,159,21.51,
02OA039,2,1980,160,21.43,
02OA039,2,1980,161,21.36,
02OA039,2,1980,162,21.42,
02OA039,2,1980,163,21.43,
02OA039,2,1980,164,21.45,
02OA039,2,1980,165,21.43,
02OA039,2,1980,166,21.38,
02OA039,2,1980,167,21.37,
02OA039,2,1980,168,21.39,
02OA039,2,1980,169,21.43,
02OA039,2,1980,170,21.37,
02OA039,2,1980,171,21.3,
02OA039,2,1980,172,21.37,
02OA039,2,1980,173,21.41,
02OA039,2,1980,174,21.36,
02OA039,2,1980,175,21.35,
02OA039,2,1980,176,21.38,
02OA039,2,1980,177,21.36,
02OA039,2,1980,178,21.41,
02OA039,2,1980,179,21.46,
02OA039,2,1980,180,21.48,
02OA039,2,1980,181,21.43,
02OA039,2,1980,182,21.44,
02OA039,2,1980,183,21.44,
02OA039,2,1980,184,21.43,
02OA039,2,1980,185,21.44,
02OA039,2,1980,186,21.41,
02OA039,2,1980,187,21.4,
02OA039,2,1980,188,21.37,
02OA039,2,1980,189,21.37,
02OA039,2,1980,190,21.42,
02OA039,2,1980,191,21.39,
02OA039,2,1980,192,21.4,
02OA039,2,1980,193,21.38,
02OA039,2,1980,194,21.38,
02OA039,2,1980,195,21.39,
02OA039,2,1980,196,21.31,
02OA039,2,1980,197,21.4,
02OA039,2,1980,198,21.38,
02OA039,2,1980,199,21.39,
02OA039,2,1980,200,21.38,
02OA039,2,1980,201,21.4,
02OA039,2,1980,202,21.38,
02OA039,2,1980,203,21.38,
02OA039,2,1980,204,21.44,
02OA039,2,1980,205,21.4,
02OA039,2,1980,206,21.43,
02OA039,2,1980,207,21.4,
02OA039,2,1980,208,21.37,
02OA039,2,1980,209,21.41,
02OA039,2,1980,210,21.41,
02OA039,2,1980,211,21.43,
02OA039,2,1980,212,21.51,
02OA039,2,1980,213,21.52,
02OA039,2,1980,214,21.48,
02OA039,2,1980,215,21.49,
02OA039,2,1980,216,21.54,
02OA039,2,1980,217,21.53,
02OA039,2,1980,218,21.48,
02OA039,2,1980,219,21.51,
02OA039,2,1980,220,21.49,
02OA039,2,1980,221,21.49,
02OA039,2,1980,222,21.48,
02OA039,2,1980,223,21.44,
02OA039,2,1980,224,21.46,
02OA039,2,1980,225,21.46,
02OA039,2,1980,226,21.46,
02OA039,2,1980,227,21.5,
02OA039,2,1980,228,21.45,
02OA039,2,1980,229,21.47,
02OA039,2,1980,230,21.49,
02OA039,2,1980,231,21.46,
02OA039,2,1980,232,21.52,
02OA039,2,1980,233,21.5,
02OA039,2,1980,234,21.44,
02OA039,2,1980,235,21.47,
02OA039,2,1980,236,21.47,
02OA039,2,1980,237,21.44,
02OA039,2,1980,238,21.44,
02OA039,2,1980,239,21.45,
02OA039,2,1980,240,21.45,
02OA039,2,1980,241,21.42,
02OA039,2,1980,242,21.47,
02OA039,2,1980,243,21.47,
02OA039,2,1980,244,21.53,
02OA039,2,1980,245,21.54,
02OA039,2,1980,246,21.56,
02OA039,2,1980,247,21.57,
02OA039,2,1980,248,21.55,
02OA039,2,1980,249,21.57,
02OA039,2,1980,250,21.56,
02OA039,2,1980,251,21.54,
02OA039,2,1980,252,21.52,
02OA039,2,1980,253,21.52,
02OA039,2,1980,254,21.53,
02OA039,2,1980,255,21.59,
02OA039,2,1980,256,21.52,
02OA039,2,1980,257,21.47,
02OA039,2,1980,258,21.51,
02OA039,2,1980,259,21.55,
02OA039,2,1980,260,21.56,
02OA039,2,1980,261,21.59,
02OA039,2,1980,262,21.56,
02OA039,2,1980,263,21.51,
02OA039,2,1980,264,21.51,
02OA039,2,1980,265,21.5,
02OA039,2,1980,266,21.6,
02OA039,2,1980,267,21.56,
02OA039,2,1980,268,21.58,
02OA039,2,1980,269,21.58,
02OA039,2,1980,270,21.58,
02OA039,2,1980,271,21.6,
02OA039,2,1980,272,21.53,
02OA039,2,1980,273,21.52,
02OA039,2,1980,274,21.55,
02OA039,2,1980,275,21.48,
02OA039,2,1980,276,21.53,
02OA039,2,1980,277,21.58,
02OA039,2,1980,278,21.52,
02OA039,2,1980,279,21.59,
02OA039,2,1980,280,21.61,
02OA039,2,1980,281,21.58,
02OA039,2,1980,282,21.58,
02OA039,2,1980,283,21.61,
02OA039,2,1980,284,21.61,
02OA039,2,1980,285,21.58,
02OA039,2,1980,286,21.56,
02OA039,2,1980,287,21.62,
02OA039,2,1980,288,21.59,
02OA039,2,1980,289,21.55,
02OA039,2,1980,290,21.51,
02OA039,2,1980,291,21.55,
02OA039,2,1980,292,21.54,
02OA039,2,1980,293,21.45,
02OA039,2,1980,294,21.45,
02OA039,2,1980,295,21.47,
02OA039,2,1980,296,21.47,
02OA039,2,1980,297,21.48,
02OA039,2,1980,298,21.5,
02OA039,2,1980,299,21.5,
02OA039,2,1980,300,21.48,
02OA039,2,1980,301,21.47,
02OA039,2,1980,302,21.58,
02OA039,2,1980,303,21.65,
02OA039,2,1980,304,21.71,
02OA039,2,1980,305,21.67,
02OA039,2,1980,306,21.63,
02OA039,2,1980,307,21.55,
02OA039,2,1980,308,21.61,
02OA039,2,1980,309,21.6,
02OA039,2,1980,310,21.6,
02OA039,2,1980,311,21.65,
02OA039,2,1980,312,21.67,
02OA039,2,1980,313,21.64,
02OA039,2,1980,314,21.66,
02OA039,2,1980,315,21.67,
02OA039,2,1980,316,21.62,
02OA039,2,1980,317,21.62,
02OA039,2,1980,318,21.57,
02OA039,2,1980,319,21.55,
02OA039,2,1980,320,21.59,
02OA039,2,1980,321,21.58,
02OA039,2,1980,322,21.51,
02OA039,2,1980,323,21.47,
02OA039,2,1980,324,21.51,
02OA039,2,1980,325,21.43,
02OA039,2,1980,326,21.36,
02OA039,2,1980,327,21.32,
02OA039,2,1980,328,21.39,
02OA039,2,1980,329,21.43,
02OA039,2,1980,330,21.48,
02OA039,2,1980,331,21.53,
02OA039,2,1980,332,21.51,
02OA039,2,1980,333,21.41,
02OA039,2,1980,334,21.51,
02OA039,2,1980,335,21.59,
02OA039,2,1980,336,21.49,
02OA039,2,1980,337,21.38,
02OA039,2,1980,338,21.55,
02OA039,2,1980,339,21.53,
02OA039,2,1980,340,21.45,
02OA039,2,1980,341,21.43,
02OA039,2,1980,342,21.5,
02OA039,2,1980,343,21.6,
02OA039,2,1980,344,21.57,
02OA039,2,1980,345,21.72,
02OA039,2,1980,346,21.74,
02OA039,2,1980,347,,
02OA039,2,1980,348,21.63,
02OA039,2,1980,349,21.6,
02OA039,2,1980,350,21.55,
02OA039,2,1980,351,21.19,
02OA039,2,1980,352,21.14,
02OA039,2,1980,353,21.24,
02OA039,2,1980,354,21.28,
02OA039,2,1980,355,21.41,
02OA039,2,1980,356,21.42,
02OA039,2,1980,357,21.46,
02OA039,2,1980,358,21.35,
02OA039,2,1980,359,21.36,
02OA039,2,1980,360,21.24,
02OA039,2,1980,361,21.18,
02OA039,2,1980,362,20.98,
02OA039,2,1980,363,20.93,
02OA039,2,1980,364,20.83,
02OA039,2,1980,365,20.89,
02OA039,2,1980,366,20.98,
02OA039,2,1981,1,21.01,
02OA039,2,1981,2,21.15,
02OA039,2,1981,3,21.15,
02OA039,2,1981,4,21.16,
02OA039,2,1981,5,21.3,
02OA039,2,1981,6,21.47,
02OA039,2,1981,7,21.33,
02OA039,2,1981,8,21.41,
02OA039,2,1981,9,21.62,
02OA039,2,1981,10,21.61,
02OA039,2,1981,11,21.35,
02OA039,2,1981,12,21.47,
02OA039,2,1981,13,21.62,
02OA039,2,1981,14,21.65,
02OA039,2,1981,15,21.69,
02OA039,2,1981,16,21.66,
02OA039,2,1981,17,21.65,
02OA039,2,1981,18,21.66,
02OA039,2,1981,19,21.73,
02OA039,2,1981,20,21.67,
02OA039,2,1981,21,21.58,
02OA039,2,1981,22,21.53,
02OA039,2,1981,23,21.32,
02OA039,2,1981,24,21.15,
02OA039,2,1981,25,21.22,
02OA039,2,1981,26,21.11,
02OA039,2,1981,27,21.09,
02OA039,2,1981,28,21.16,
02OA039,2,1981,29,21.23,
02OA039,2,1981,30,21.39,
02OA039,2,1981,31,21.49,
02OA039,2,1981,32,21.53,
02OA039,2,1981,33,21.44,
02OA039,2,1981,34,21.32,
02OA039,2,1981,35,21.44,
02OA039,2,1981,36,21.39,
02OA039,2,1981,37,21.45,
02OA039,2,1981,38,21.38,
02OA039,2,1981,39,21.24,
02OA039,2,1981,40,21.16,
02OA039,2,1981,41,21.25,
02OA039,2,1981,42,21.16,
02OA039,2,1981,43,21.19,
02OA039,2,1981,44,21.41,
02OA039,2,1981,45,21.37,
02OA039,2,1981,46,21.32,
02OA039,2,1981,47,21.21,
02OA039,2,1981,48,21.19,
02OA039,2,1981,49,21.26,
02OA039,2,1981,50,21.4,
02OA039,2,1981,51,21.55,
02OA039,2,1981,52,21.8,
02OA039,2,1981,53,22.06,
02OA039,2,1981,54,22.09,
02OA039,2,1981,55,22.05,
02OA039,2,1981,56,22.23,
02OA039,2,1981,57,22.24,
02OA039,2,1981,58,21.96,
02OA039,2,1981,59,21.89,
02OA039,2,1981,60,21.99,
02OA039,2,1981,61,21.92,
02OA039,2,1981,62,21.93,
02OA039,2,1981,63,21.94,
02OA039,2,1981,64,21.77,
02OA039,2,1981,65,21.7,
02OA039,2,1981,66,21.67,
02OA039,2,1981,67,21.69,
02OA039,2,1981,68,21.71,
02OA039,2,1981,69,21.69,
02OA039,2,1981,70,21.64,
02OA039,2,1981,71,21.6,
02OA039,2,1981,72,21.58,
02OA039,2,1981,73,21.58,
02OA039,2,1981,74,21.52,
02OA039,2,1981,75,21.54,
02OA039,2,1981,76,21.54,
02OA039,2,1981,77,21.53,
02OA039,2,1981,78,21.45,
02OA039,2,1981,79,21.49,
02OA039,2,1981,80,21.53,
02OA039,2,1981,81,21.56,
02OA039,2,1981,82,21.57,
02OA039,2,1981,83,21.44,
02OA039,2,1981,84,21.44,
02OA039,2,1981,85,21.51,
02OA039,2,1981,86,21.56,
02OA039,2,1981,87,21.53,
02OA039,2,1981,88,21.47,
02OA039,2,1981,89,21.47,
02OA039,2,1981,90,21.57,
02OA039,2,1981,91,21.69,
02OA039,2,1981,92,21.78,
02OA039,2,1981,93,21.85,
02OA039,2,1981,94,21.88,
02OA039,2,1981,95,21.88,
02OA039,2,1981,96,21.93,
02OA039,2,1981,97,21.97,
02OA039,2,1981,98,21.98,
02OA039,2,1981,99,22.01,
02OA039,2,1981,100,22.02,
02OA039,2,1981,101,21.96,
02OA039,2,1981,102,21.89,
02OA039,2,1981,103,21.87,
02OA039,2,1981,104,21.87,
02OA039,2,1981,105,21.88,
02OA039,2,1981,106,21.86,
02OA039,2,1981,107,21.84,
02OA039,2,1981,108,21.87,
02OA039,2,1981,109,21.82,
02OA039,2,1981,110,21.78,
02OA039,2,1981,111,21.78,
02OA039,2,1981,112,21.74,
02OA039,2,1981,113,21.66,
02OA039,2,1981,114,21.66,
02OA039,2,1981,115,21.66,
02OA039,2,1981,116,21.61,
02OA039,2,1981,117,21.52,
02OA039,2,1981,118,21.43,
02OA039,2,1981,119,21.4,
02OA039,2,1981,120,21.41,
02OA039,2,1981,121,21.39,
02OA039,2,1981,122,21.42,
02OA039,2,1981,123,21.34,
02OA039,2,1981,124,21.29,
02OA039,2,1981,125,21.28,
02OA039,2,1981,126,21.25,
02OA039,2,1981,127,21.22,
02OA039,2,1981,128,21.2,
02OA039,2,1981,129,21.24,
02OA039,2,1981,130,21.17,
02OA039,2,1981,131,21.18,
02OA039,2,1981,132,21.21,
02OA039,2,1981,133,21.29,
02OA039,2,1981,134,21.34,
02OA039,2,1981,135,21.39,
02OA039,2,1981,136,21.52,
02OA039,2,1981,137,21.56,
02OA039,2,1981,138,21.56,
02OA039,2,1981,139,21.54,
02OA039,2,1981,140,21.45,
02OA039,2,1981,141,21.44,
02OA039,2,1981,142,21.52,
02OA039,2,1981,143,21.49,
02OA039,2,1981,144,21.45,
02OA039,2,1981,145,21.4,
02OA039,2,1981,146,21.45,
02OA039,2,1981,147,21.44,
02OA039,2,1981,148,21.42,
02OA039,2,1981,149,21.43,
02OA039,2,1981,150,21.48,
02OA039,2,1981,151,21.41,
02OA039,2,1981,152,21.41,
02OA039,2,1981,153,21.38,
02OA039,2,1981,154,21.36,
02OA039,2,1981,155,21.4,
02OA039,2,1981,156,21.47,
02OA039,2,1981,157,21.41,
02OA039,2,1981,158,21.4,
02OA039,2,1981,159,21.38,
02OA039,2,1981,160,21.38,
02OA039,2,1981,161,21.43,
02OA039,2,1981,162,21.4,
02OA039,2,1981,163,21.38,
02OA039,2,1981,164,21.36,
02OA039,2,1981,165,21.31,
02OA039,2,1981,166,21.35,
02OA039,2,1981,167,21.34,
02OA039,2,1981,168,21.31,
02OA039,2,1981,169,21.29,
02OA039,2,1981,170,21.29,
02OA039,2,1981,171,21.34,
02OA039,2,1981,172,21.36,
02OA039,2,1981,173,21.35,
02OA039,2,1981,174,21.34,
02OA039,2,1981,175,21.44,
02OA039,2,1981,176,21.44,
02OA039,2,1981,177,21.35,
02OA039,2,1981,178,21.39,
02OA039,2,1981,179,21.33,
02OA039,2,1981,180,21.33,
02OA039,2,1981,181,21.38,
02OA039,2,1981,182,21.38,
02OA039,2,1981,183,21.34,
02OA039,2,1981,184,21.3,
02OA039,2,1981,185,21.32,
02OA039,2,1981,186,21.34,
02OA039,2,1981,187,21.38,
02OA039,2,1981,188,21.32,
02OA039,2,1981,189,21.28,
02OA039,2,1981,190,21.28,
02OA039,2,1981,191,21.29,
02OA039,2,1981,192,21.29,
02OA039,2,1981,193,21.29,
02OA039,2,1981,194,21.26,
02OA039,2,1981,195,21.22,
02OA039,2,1981,196,21.27,
02OA039,2,1981,197,21.18,
02OA039,2,1981,198,21.22,
02OA039,2,1981,199,21.18,
02OA039,2,1981,200,21.14,
02OA039,2,1981,201,21.2,
02OA039,2,1981,202,21.22,
02OA039,2,1981,203,21.2,
02OA039,2,1981,204,21.16,
02OA039,2,1981,205,21.15,
02OA039,2,1981,206,21.16,
02OA039,2,1981,207,21.19,
02OA039,2,1981,208,21.19,
02OA039,2,1981,209,21.14,
02OA039,2,1981,210,21.17,
02OA039,2,1981,211,21.22,
02OA039,2,1981,212,21.25,
02OA039,2,1981,213,21.27,
02OA039,2,1981,214,21.17,
02OA039,2,1981,215,21.22,
02OA039,2,1981,216,21.26,
02OA039,2,1981,217,21.25,
02OA039,2,1981,218,21.38,
02OA039,2,1981,219,21.36,
02OA039,2,1981,220,21.32,
02OA039,2,1981,221,21.33,
02OA039,2,1981,222,21.37,
02OA039,2,1981,223,21.35,
02OA039,2,1981,224,21.39,
02OA039,2,1981,225,21.39,
02OA039,2,1981,226,21.34,
02OA039,2,1981,227,21.38,
02OA039,2,1981,228,21.5,
02OA039,2,1981,229,21.63,
02OA039,2,1981,230,21.64,
02OA039,2,1981,231,21.59,
02OA039,2,1981,232,21.47,
02OA039,2,1981,233,21.45,
02OA039,2,1981,234,21.44,
02OA039,2,1981,235,21.41,
02OA039,2,1981,236,21.38,
02OA039,2,1981,237,21.38,
02OA039,2,1981,238,21.39,
02OA039,2,1981,239,21.36,
02OA039,2,1981,240,21.36,
02OA039,2,1981,241,21.36,
02OA039,2,1981,242,21.34,
02OA039,2,1981,243,21.38,
02OA039,2,1981,244,21.4,
02OA039,2,1981,245,21.4,
02OA039,2,1981,246,21.4,
02OA039,2,1981,247,21.41,
02OA039,2,1981,248,21.42,
02OA039,2,1981,249,21.46,
02OA039,2,1981,250,21.41,
02OA039,2,1981,251,21.49,
02OA039,2,1981,252,21.52,
02OA039,2,1981,253,21.6,
02OA039,2,1981,254,21.65,
02OA039,2,1981,255,21.71,
02OA039,2,1981,256,21.8,
02OA039,2,1981,257,21.78,
02OA039,2,1981,258,21.73,
02OA039,2,1981,259,21.7,
02OA039,2,1981,260,21.69,
02OA039,2,1981,261,21.68,
02OA039,2,1981,262,21.65,
02OA039,2,1981,263,21.59,
02OA039,2,1981,264,21.58,
02OA039,2,1981,265,21.61,
02OA039,2,1981,266,21.61,
02OA039,2,1981,267,21.75,
02OA039,2,1981,268,21.89,
02OA039,2,1981,269,21.84,
02OA039,2,1981,270,21.72,
02OA039,2,1981,271,21.69,
02OA039,2,1981,272,21.65,
02OA039,2,1981,273,21.62,
02OA039,2,1981,274,21.62,
02OA039,2,1981,275,21.6,
02OA039,2,1981,276,21.61,
02OA039,2,1981,277,21.57,
02OA039,2,1981,278,21.53,
02OA039,2,1981,279,21.57,
02OA039,2,1981,280,21.6,
02OA039,2,1981,281,21.55,
02OA039,2,1981,282,21.56,
02OA039,2,1981,283,21.6,
02OA039,2,1981,284,21.61,
02OA039,2,1981,285,21.57,
02OA039,2,1981,286,21.56,
02OA039,2,1981,287,21.6,
02OA039,2,1981,288,21.57,
02OA039,2,1981,289,21.55,
02OA039,2,1981,290,21.57,
02OA039,2,1981,291,21.56,
02OA039,2,1981,292,21.58,
02OA039,2,1981,293,21.54,
02OA039,2,1981,294,21.52,
02OA039,2,1981,295,21.52,
02OA039,2,1981,296,21.56,
02OA039,2,1981,297,21.63,
02OA039,2,1981,298,21.64,
02OA039,2,1981,299,21.63,
02OA039,2,1981,300,21.71,
02OA039,2,1981,301,22.01,
02OA039,2,1981,302,22.14,
02OA039,2,1981,303,22.09,
02OA039,2,1981,304,21.98,
02OA039,2,1981,305,21.92,
02OA039,2,1981,306,21.82,
02OA039,2,1981,307,21.76,
02OA039,2,1981,308,21.75,
02OA039,2,1981,309,21.63,
02OA039,2,1981,310,21.68,
02OA039,2,1981,311,21.72,
02OA039,2,1981,312,21.69,
02OA039,2,1981,313,21.72,
02OA039,2,1981,314,21.72,
02OA039,2,1981,315,21.72,
02OA039,2,1981,316,21.65,
02OA039,2,1981,317,21.64,
02OA039,2,1981,318,21.6,
02OA039,2,1981,319,21.6,
02OA039,2,1981,320,21.57,
02OA039,2,1981,321,21.58,
02OA039,2,1981,322,21.62,
02OA039,2,1981,323,21.69,
02OA039,2,1981,324,21.71,
02OA039,2,1981,325,21.74,
02OA039,2,1981,326,21.83,
02OA039,2,1981,327,21.72,
02OA039,2,1981,328,21.69,
02OA039,2,1981,329,21.65,
02OA039,2,1981,330,21.61,
02OA039,2,1981,331,21.6,
02OA039,2,1981,332,21.7,
02OA039,2,1981,333,21.67,
02OA039,2,1981,334,21.57,
02OA039,2,1981,335,21.54,
02OA039,2,1981,336,21.55,
02OA039,2,1981,337,21.6,
02OA039,2,1981,338,21.58,
02OA039,2,1981,339,21.54,
02OA039,2,1981,340,21.55,
02OA039,2,1981,341,21.6,
02OA039,2,1981,342,21.49,
02OA039,2,1981,343,21.48,
02OA039,2,1981,344,21.54,
02OA039,2,1981,345,21.55,
02OA039,2,1981,346,21.48,
02OA039,2,1981,347,21.45,
02OA039,2,1981,348,21.5,
02OA039,2,1981,349,21.52,
02OA039,2,1981,350,21.5,
02OA039,2,1981,351,21.47,
02OA039,2,1981,352,21.45,
02OA039,2,1981,353,21.48,
02OA039,2,1981,354,21.48,
02OA039,2,1981,355,21.54,
02OA039,2,1981,356,21.56,
02OA039,2,1981,357,21.57,
02OA039,2,1981,358,21.6,
02OA039,2,1981,359,21.64,
02OA039,2,1981,360,21.6,
02OA039,2,1981,361,21.61,
02OA039,2,1981,362,21.62,
02OA039,2,1981,363,21.66,
02OA039,2,1981,364,21.65,
02OA039,2,1981,365,21.61,
02OA039,2,1982,1,21.66,
02OA039,2,1982,2,21.64,
02OA039,2,1982,3,21.63,
02OA039,2,1982,4,21.71,
02OA039,2,1982,5,21.66,
02OA039,2,1982,6,21.39,
02OA039,2,1982,7,21.29,
02OA039,2,1982,8,21.33,
02OA039,2,1982,9,21.44,
02OA039,2,1982,10,21.29,
02OA039,2,1982,11,21.11,
02OA039,2,1982,12,20.99,
02OA039,2,1982,13,21.12,
02OA039,2,1982,14,21.12,
02OA039,2,1982,15,21.1,
02OA039,2,1982,16,21.2,
02OA039,2,1982,17,21.21,
02OA039,2,1982,18,21.3,
02OA039,2,1982,19,21.44,
02OA039,2,1982,20,21.46,
02OA039,2,1982,21,21.52,
02OA039,2,1982,22,21.58,
02OA039,2,1982,23,21.57,
02OA039,2,1982,24,21.54,
02OA039,2,1982,25,21.52,
02OA039,2,1982,26,21.59,
02OA039,2,1982,27,21.64,
02OA039,2,1982,28,21.64,
02OA039,2,1982,29,21.62,
02OA039,2,1982,30,21.71,
02OA039,2,1982,31,21.75,
02OA039,2,1982,32,21.71,
02OA039,2,1982,33,21.74,
02OA039,2,1982,34,21.69,
02OA039,2,1982,35,21.53,
02OA039,2,1982,36,21.52,
02OA039,2,1982,37,21.48,
02OA039,2,1982,38,21.52,
02OA039,2,1982,39,21.56,
02OA039,2,1982,40,21.64,
02OA039,2,1982,41,21.59,
02OA039,2,1982,42,21.55,
02OA039,2,1982,43,21.53,
02OA039,2,1982,44,21.48,
02OA039,2,1982,45,21.43,
02OA039,2,1982,46,21.45,
02OA039,2,1982,47,21.28,
02OA039,2,1982,48,21.32,
02OA039,2,1982,49,21.38,
02OA039,2,1982,50,21.42,
02OA039,2,1982,51,21.36,
02OA039,2,1982,52,21.22,
02OA039,2,1982,53,21.25,
02OA039,2,1982,54,21.37,
02OA039,2,1982,55,21.38,
02OA039,2,1982,56,21.54,
02OA039,2,1982,57,21.7,
02OA039,2,1982,58,21.7,
02OA039,2,1982,59,21.6,
02OA039,2,1982,60,21.61,
02OA039,2,1982,61,21.65,
02OA039,2,1982,62,21.55,
02OA039,2,1982,63,21.65,
02OA039,2,1982,64,21.52,
02OA039,2,1982,65,21.37,
02OA039,2,1982,66,21.23,
02OA039,2,1982,67,21.23,
02OA039,2,1982,68,21.34,
02OA039,2,1982,69,21.41,
02OA039,2,1982,70,21.24,
02OA039,2,1982,71,21.17,
02OA039,2,1982,72,21.1,
02OA039,2,1982,73,21.09,
02OA039,2,1982,74,21.26,
02OA039,2,1982,75,21.27,
02OA039,2,1982,76,21.27,
02OA039,2,1982,77,21.25,
02OA039,2,1982,78,21.13,
02OA039,2,1982,79,21.19,
02OA039,2,1982,80,21.22,
02OA039,2,1982,81,21.28,
02OA039,2,1982,82,21.26,
02OA039,2,1982,83,21.27,
02OA039,2,1982,84,21.31,
02OA039,2,1982,85,21.38,
02OA039,2,1982,86,21.51,
02OA039,2,1982,87,21.54,
02OA039,2,1982,88,21.49,
02OA039,2,1982,89,21.44,
02OA039,2,1982,90,21.48,
02OA039,2,1982,91,21.72,
02OA039,2,1982,92,21.93,
02OA039,2,1982,93,21.83,
02OA039,2,1982,94,21.66,
02OA039,2,1982,95,21.78,
02OA039,2,1982,96,21.83,
02OA039,2,1982,97,21.86,
02OA039,2,1982,98,21.71,
02OA039,2,1982,99,21.58,
02OA039,2,1982,100,21.51,
02OA039,2,1982,101,21.59,
02OA039,2,1982,102,21.67,
02OA039,2,1982,103,21.62,
02OA039,2,1982,104,21.59,
02OA039,2,1982,105,21.65,
02OA039,2,1982,106,21.71,
02OA039,2,1982,107,21.78,
02OA039,2,1982,108,21.98,
02OA039,2,1982,109,21.91,
02OA039,2,1982,110,21.7,
02OA039,2,1982,111,21.81,
02OA039,2,1982,112,21.85,
02OA039,2,1982,113,21.75,
02OA039,2,1982,114,21.76,
02OA039,2,1982,115,21.86,
02OA039,2,1982,116,21.98,
02OA039,2,1982,117,22.06,
02OA039,2,1982,118,22.08,
02OA039,2,1982,119,22.09,
02OA039,2,1982,120,21.94,
02OA039,2,1982,121,21.98,
02OA039,2,1982,122,22.03,
02OA039,2,1982,123,22.02,
02OA039,2,1982,124,21.99,
02OA039,2,1982,125,21.98,
02OA039,2,1982,126,21.89,
02OA039,2,1982,127,21.84,
02OA039,2,1982,128,21.89,
02OA039,2,1982,129,21.85,
02OA039,2,1982,130,21.77,
02OA039,2,1982,131,21.81,
02OA039,2,1982,132,21.66,
02OA039,2,1982,133,21.7,
02OA039,2,1982,134,21.69,
02OA039,2,1982,135,21.63,
02OA039,2,1982,136,21.59,
02OA039,2,1982,137,21.56,
02OA039,2,1982,138,21.55,
02OA039,2,1982,139,21.45,
02OA039,2,1982,140,21.46,
02OA039,2,1982,141,21.42,
02OA039,2,1982,142,21.4,
02OA039,2,1982,143,21.36,
02OA039,2,1982,144,21.41,
02OA039,2,1982,145,21.37,
02OA039,2,1982,146,21.37,
02OA039,2,1982,147,21.4,
02OA039,2,1982,148,21.35,
02OA039,2,1982,149,21.39,
02OA039,2,1982,150,21.33,
02OA039,2,1982,151,21.3,
02OA039,2,1982,152,21.29,
02OA039,2,1982,153,21.32,
02OA039,2,1982,154,21.36,
02OA039,2,1982,155,21.32,
02OA039,2,1982,156,21.4,
02OA039,2,1982,157,21.39,
02OA039,2,1982,158,21.45,
02OA039,2,1982,159,21.43,
02OA039,2,1982,160,21.4,
02OA039,2,1982,161,21.41,
02OA039,2,1982,162,21.44,
02OA039,2,1982,163,21.48,
02OA039,2,1982,164,21.5,
02OA039,2,1982,165,21.45,
02OA039,2,1982,166,21.45,
02OA039,2,1982,167,21.47,
02OA039,2,1982,168,21.42,
02OA039,2,1982,169,21.5,
02OA039,2,1982,170,21.46,
02OA039,2,1982,171,21.57,
02OA039,2,1982,172,21.47,
02OA039,2,1982,173,21.51,
02OA039,2,1982,174,21.53,
02OA039,2,1982,175,21.52,
02OA039,2,1982,176,21.53,
02OA039,2,1982,177,21.51,
02OA039,2,1982,178,21.51,
02OA039,2,1982,179,21.47,
02OA039,2,1982,180,21.46,
02OA039,2,1982,181,21.5,
02OA039,2,1982,182,21.46,
02OA039,2,1982,183,21.48,
02OA039,2,1982,184,21.45,
02OA039,2,1982,185,21.49,
02OA039,2,1982,186,21.48,
02OA039,2,1982,187,21.5,
02OA039,2,1982,188,21.5,
02OA039,2,1982,189,21.51,
02OA039,2,1982,190,21.51,
02OA039,2,1982,191,21.43,
02OA039,2,1982,192,21.45,
02OA039,2,1982,193,21.45,
02OA039,2,1982,194,21.43,
02OA039,2,1982,195,21.39,
02OA039,2,1982,196,21.37,
02OA039,2,1982,197,21.43,
02OA039,2,1982,198,21.42,
02OA039,2,1982,199,21.41,
02OA039,2,1982,200,21.43,
02OA039,2,1982,201,21.39,
02OA039,2,1982,202,21.38,
02OA039,2,1982,203,21.35,
02OA039,2,1982,204,21.37,
02OA039,2,1982,205,21.39,
02OA039,2,1982,206,21.33,
02OA039,2,1982,207,21.31,
02OA039,2,1982,208,21.3,
02OA039,2,1982,209,21.33,
02OA039,2,1982,210,21.38,
02OA039,2,1982,211,,
02OA039,2,1982,212,,
02OA039,2,1982,213,,
02OA039,2,1982,214,21.27,
02OA039,2,1982,215,21.3,
02OA039,2,1982,216,21.37,
02OA039,2,1982,217,21.31,
02OA039,2,1982,218,21.27,
02OA039,2,1982,219,21.28,
02OA039,2,1982,220,21.29,
02OA039,2,1982,221,21.35,
02OA039,2,1982,222,21.35,
02OA039,2,1982,223,21.31,
02OA039,2,1982,224,21.22,
02OA039,2,1982,225,21.28,
02OA039,2,1982,226,21.3,
02OA039,2,1982,227,21.21,
02OA039,2,1982,228,21.24,
02OA039,2,1982,229,21.18,
02OA039,2,1982,230,21.2,
02OA039,2,1982,231,21.19,
02OA039,2,1982,232,,
02OA039,2,1982,233,21.2,
02OA039,2,1982,234,21.18,
02OA039,2,1982,235,21.14,
02OA039,2,1982,236,21.17,
02OA039,2,1982,237,21.24,
02OA039,2,1982,238,21.33,
02OA039,2,1982,239,21.29,
02OA039,2,1982,240,21.25,
02OA039,2,1982,241,21.23,
02OA039,2,1982,242,21.21,
02OA039,2,1982,243,21.24,
02OA039,2,1982,244,21.24,
02OA039,2,1982,245,21.27,
02OA039,2,1982,246,21.33,
02OA039,2,1982,247,21.25,
02OA039,2,1982,248,21.17,
02OA039,2,1982,249,21.23,
02OA039,2,1982,250,21.19,
02OA039,2,1982,251,21.17,
02OA039,2,1982,252,21.23,
02OA039,2,1982,253,21.18,
02OA039,2,1982,254,21.16,
02OA039,2,1982,255,21.21,
02OA039,2,1982,256,21.18,
02OA039,2,1982,257,21.16,
02OA039,2,1982,258,21.2,
02OA039,2,1982,259,21.19,
02OA039,2,1982,260,21.26,
02OA039,2,1982,261,21.29,
02OA039,2,1982,262,21.13,
02OA039,2,1982,263,21.15,
02OA039,2,1982,264,21.17,
02OA039,2,1982,265,21.17,
02OA039,2,1982,266,21.19,
02OA039,2,1982,267,21.32,
02OA039,2,1982,268,21.13,
02OA039,2,1982,269,21.05,
02OA039,2,1982,270,21.19,
02OA039,2,1982,271,21.22,
02OA039,2,1982,272,21.16,
02OA039,2,1982,273,21.16,
02OA039,2,1982,274,21.19,
02OA039,2,1982,275,21.17,
02OA039,2,1982,276,21.17,
02OA039,2,1982,277,21.2,
02OA039,2,1982,278,21.18,
02OA039,2,1982,279,21.17,
02OA039,2,1982,280,21.14,
02OA039,2,1982,281,21.16,
02OA039,2,1982,282,21.18,
02OA039,2,1982,283,21.14,
02OA039,2,1982,284,21.19,
02OA039,2,1982,285,21.16,
02OA039,2,1982,286,21.14,
02OA039,2,1982,287,21.15,
02OA039,2,1982,288,21.15,
02OA039,2,1982,289,21.11,
02OA039,2,1982,290,21.05,
02OA039,2,1982,291,21.09,
02OA039,2,1982,292,21.17,
02OA039,2,1982,293,21.16,
02OA039,2,1982,294,21.12,
02OA039,2,1982,295,21.09,
02OA039,2,1982,296,21.04,
02OA039,2,1982,297,21.07,
02OA039,2,1982,298,21.08,
02OA039,2,1982,299,21.12,
02OA039,2,1982,300,21.15,
02OA039,2,1982,301,21.13,
02OA039,2,1982,302,21.08,
02OA039,2,1982,303,21.15,
02OA039,2,1982,304,21.12,
02OA039,2,1982,305,21.05,
02OA039,2,1982,306,21.07,
02OA039,2,1982,307,21.15,
02OA039,2,1982,308,21.19,
02OA039,2,1982,309,21.35,
02OA039,2,1982,310,21.48,
02OA039,2,1982,311,21.32,
02OA039,2,1982,312,21.28,
02OA039,2,1982,313,21.28,
02OA039,2,1982,314,21.31,
02OA039,2,1982,315,21.26,
02OA039,2,1982,316,21.26,
02OA039,2,1982,317,21.28,
02OA039,2,1982,318,21.3,
02OA039,2,1982,319,21.28,
02OA039,2,1982,320,21.34,
02OA039,2,1982,321,21.32,
02OA039,2,1982,322,21.28,
02OA039,2,1982,323,21.27,
02OA039,2,1982,324,21.23,
02OA039,2,1982,325,21.36,
02OA039,2,1982,326,21.35,
02OA039,2,1982,327,21.28,
02OA039,2,1982,328,21.3,
02OA039,2,1982,329,21.34,
02OA039,2,1982,330,21.33,
02OA039,2,1982,331,21.35,
02OA039,2,1982,332,21.36,
02OA039,2,1982,333,21.32,
02OA039,2,1982,334,21.35,
02OA039,2,1982,335,21.39,
02OA039,2,1982,336,21.46,
02OA039,2,1982,337,21.5,
02OA039,2,1982,338,21.53,
02OA039,2,1982,339,21.52,
02OA039,2,1982,340,21.54,
02OA039,2,1982,341,21.54,
02OA039,2,1982,342,21.49,
02OA039,2,1982,343,21.46,
02OA039,2,1982,344,21.51,
02OA039,2,1982,345,21.6,
02OA039,2,1982,346,21.52,
02OA039,2,1982,347,21.49,
02OA039,2,1982,348,21.45,
02OA039,2,1982,349,21.54,
02OA039,2,1982,350,21.5,
02OA039,2,1982,351,21.57,
02OA039,2,1982,352,21.48,
02OA039,2,1982,353,21.46,
02OA039,2,1982,354,21.49,
02OA039,2,1982,355,21.47,
02OA039,2,1982,356,21.45,
02OA039,2,1982,357,21.48,
02OA039,2,1982,358,21.43,
02OA039,2,1982,359,21.41,
02OA039,2,1982,360,21.34,
02OA039,2,1982,361,21.5,
02OA039,2,1982,362,21.52,
02OA039,2,1982,363,21.58,
02OA039,2,1982,364,21.48,
02OA039,2,1982,365,21.44,
02OA039,2,1983,1,21.43,
02OA039,2,1983,2,21.34,
02OA039,2,1983,3,21.31,
02OA039,2,1983,4,21.29,
02OA039,2,1983,5,21.32,
02OA039,2,1983,6,21.26,
02OA039,2,1983,7,21.21,
02OA039,2,1983,8,21.26,
02OA039,2,1983,9,21.22,
02OA039,2,1983,10,21.25,
02OA039,2,1983,11,21.27,
02OA039,2,1983,12,21.28,
02OA039,2,1983,13,21.29,
02OA039,2,1983,14,21.34,
02OA039,2,1983,15,21.41,
02OA039,2,1983,16,21.36,
02OA039,2,1983,17,21.33,
02OA039,2,1983,18,21.3,
02OA039,2,1983,19,21.33,
02OA039,2,1983,20,21.28,
02OA039,2,1983,21,21.29,
02OA039,2,1983,22,21.43,
02OA039,2,1983,23,21.39,
02OA039,2,1983,24,21.28,
02OA039,2,1983,25,21.05,
02OA039,2,1983,26,21.06,
02OA039,2,1983,27,21.28,
02OA039,2,1983,28,21.34,
02OA039,2,1983,29,21.32,
02OA039,2,1983,30,21.35,
02OA039,2,1983,31,21.27,
02OA039,2,1983,32,21.21,
02OA039,2,1983,33,21.31,
02OA039,2,1983,34,21.34,
02OA039,2,1983,35,21.49,
02OA039,2,1983,36,21.56,
02OA039,2,1983,37,21.58,
02OA039,2,1983,38,21.62,
02OA039,2,1983,39,21.59,
02OA039,2,1983,40,21.56,
02OA039,2,1983,41,21.48,
02OA039,2,1983,42,21.43,
02OA039,2,1983,43,21.46,
02OA039,2,1983,44,21.38,
02OA039,2,1983,45,21.19,
02OA039,2,1983,46,21.06,
02OA039,2,1983,47,21.06,
02OA039,2,1983,48,21.07,
02OA039,2,1983,49,21.17,
02OA039,2,1983,50,21.38,
02OA039,2,1983,51,21.44,
02OA039,2,1983,52,21.39,
02OA039,2,1983,53,21.4,
02OA039,2,1983,54,21.41,
02OA039,2,1983,55,21.41,
02OA039,2,1983,56,21.38,
02OA039,2,1983,57,21.39,
02OA039,2,1983,58,21.5,
02OA039,2,1983,59,21.37,
02OA039,2,1983,60,21.38,
02OA039,2,1983,61,21.39,
02OA039,2,1983,62,21.39,
02OA039,2,1983,63,21.37,
02OA039,2,1983,64,21.36,
02OA039,2,1983,65,21.32,
02OA039,2,1983,66,21.35,
02OA039,2,1983,67,21.38,
02OA039,2,1983,68,21.4,
02OA039,2,1983,69,21.47,
02OA039,2,1983,70,21.52,
02OA039,2,1983,71,21.54,
02OA039,2,1983,72,21.51,
02OA039,2,1983,73,21.47,
02OA039,2,1983,74,21.52,
02OA039,2,1983,75,21.54,
02OA039,2,1983,76,21.45,
02OA039,2,1983,77,21.53,
02OA039,2,1983,78,21.51,
02OA039,2,1983,79,21.91,
02OA039,2,1983,80,21.94,
02OA039,2,1983,81,21.88,
02OA039,2,1983,82,21.83,
02OA039,2,1983,83,21.61,
02OA039,2,1983,84,21.56,
02OA039,2,1983,85,21.44,
02OA039,2,1983,86,21.51,
02OA039,2,1983,87,21.47,
02OA039,2,1983,88,21.53,
02OA039,2,1983,89,21.52,
02OA039,2,1983,90,21.42,
02OA039,2,1983,91,21.46,
02OA039,2,1983,92,21.44,
02OA039,2,1983,93,21.41,
02OA039,2,1983,94,21.5,
02OA039,2,1983,95,21.58,
02OA039,2,1983,96,21.55,
02OA039,2,1983,97,21.49,
02OA039,2,1983,98,21.54,
02OA039,2,1983,99,21.55,
02OA039,2,1983,100,21.55,
02OA039,2,1983,101,21.65,
02OA039,2,1983,102,21.8,
02OA039,2,1983,103,21.76,
02OA039,2,1983,104,21.71,
02OA039,2,1983,105,21.77,
02OA039,2,1983,106,21.86,
02OA039,2,1983,107,22.03,
02OA039,2,1983,108,22.09,
02OA039,2,1983,109,21.9,
02OA039,2,1983,110,21.92,
02OA039,2,1983,111,21.97,
02OA039,2,1983,112,21.79,
02OA039,2,1983,113,21.81,
02OA039,2,1983,114,21.76,
02OA039,2,1983,115,21.81,
02OA039,2,1983,116,21.96,
02OA039,2,1983,117,21.94,
02OA039,2,1983,118,21.8,
02OA039,2,1983,119,21.8,
02OA039,2,1983,120,21.76,
02OA039,2,1983,121,21.81,
02OA039,2,1983,122,21.83,
02OA039,2,1983,123,21.98,
02OA039,2,1983,124,22.09,
02OA039,2,1983,125,22.13,
02OA039,2,1983,126,22.2,
02OA039,2,1983,127,22.07,
02OA039,2,1983,128,22.03,
02OA039,2,1983,129,22.09,
02OA039,2,1983,130,22.17,
02OA039,2,1983,131,22.31,
02OA039,2,1983,132,22.4,
02OA039,2,1983,133,22.25,
02OA039,2,1983,134,22.22,
02OA039,2,1983,135,22.31,
02OA039,2,1983,136,22.32,
02OA039,2,1983,137,22.16,
02OA039,2,1983,138,22.18,
02OA039,2,1983,139,22.1,
02OA039,2,1983,140,22.08,
02OA039,2,1983,141,22.12,
02OA039,2,1983,142,22.08,
02OA039,2,1983,143,22.1,
02OA039,2,1983,144,22.07,
02OA039,2,1983,145,22.01,
02OA039,2,1983,146,22.01,
02OA039,2,1983,147,21.99,
02OA039,2,1983,148,22.05,
02OA039,2,1983,149,22.04,
02OA039,2,1983,150,22.1,
02OA039,2,1983,151,22.14,
02OA039,2,1983,152,22.2,
02OA039,2,1983,153,22.14,
02OA039,2,1983,154,22.13,
02OA039,2,1983,155,22.11,
02OA039,2,1983,156,22.18,
02OA039,2,1983,157,22.18,
02OA039,2,1983,158,22.17,
02OA039,2,1983,159,22.15,
02OA039,2,1983,160,22.13,
02OA039,2,1983,161,22.07,
02OA039,2,1983,162,22.06,
02OA039,2,1983,163,21.94,
02OA039,2,1983,164,21.88,
02OA039,2,1983,165,21.81,
02OA039,2,1983,166,21.8,
02OA039,2,1983,167,21.77,
02OA039,2,1983,168,21.69,
02OA039,2,1983,169,21.61,
02OA039,2,1983,170,21.69,
02OA039,2,1983,171,21.68,
02OA039,2,1983,172,21.69,
02OA039,2,1983,173,21.7,
02OA039,2,1983,174,21.66,
02OA039,2,1983,175,21.62,
02OA039,2,1983,176,21.61,
02OA039,2,1983,177,21.55,
02OA039,2,1983,178,21.49,
02OA039,2,1983,179,21.48,
02OA039,2,1983,180,21.48,
02OA039,2,1983,181,21.47,
02OA039,2,1983,182,21.5,
02OA039,2,1983,183,21.48,
02OA039,2,1983,184,21.45,
02OA039,2,1983,185,21.47,
02OA039,2,1983,186,21.47,
02OA039,2,1983,187,21.47,
02OA039,2,1983,188,21.43,
02OA039,2,1983,189,21.42,
02OA039,2,1983,190,21.42,
02OA039,2,1983,191,21.39,
02OA039,2,1983,192,21.37,
02OA039,2,1983,193,21.34,
02OA039,2,1983,194,21.39,
02OA039,2,1983,195,21.35,
02OA039,2,1983,196,21.42,
02OA039,2,1983,197,21.41,
02OA039,2,1983,198,21.37,
02OA039,2,1983,199,21.27,
02OA039,2,1983,200,21.23,
02OA039,2,1983,201,21.39,
02OA039,2,1983,202,21.36,
02OA039,2,1983,203,21.32,
02OA039,2,1983,204,21.3,
02OA039,2,1983,205,21.34,
02OA039,2,1983,206,21.27,
02OA039,2,1983,207,21.29,
02OA039,2,1983,208,21.24,
02OA039,2,1983,209,21.28,
02OA039,2,1983,210,21.32,
02OA039,2,1983,211,21.31,
02OA039,2,1983,212,21.23,
02OA039,2,1983,213,21.24,
02OA039,2,1983,214,21.23,
02OA039,2,1983,215,21.28,
02OA039,2,1983,216,21.29,
02OA039,2,1983,217,21.25,
02OA039,2,1983,218,21.26,
02OA039,2,1983,219,21.35,
02OA039,2,1983,220,21.34,
02OA039,2,1983,221,21.31,
02OA039,2,1983,222,21.32,
02OA039,2,1983,223,21.31,
02OA039,2,1983,224,21.27,
02OA039,2,1983,225,21.32,
02OA039,2,1983,226,21.32,
02OA039,2,1983,227,21.29,
02OA039,2,1983,228,21.33,
02OA039,2,1983,229,21.31,
02OA039,2,1983,230,21.27,
02OA039,2,1983,231,21.3,
02OA039,2,1983,232,21.25,
02OA039,2,1983,233,21.23,
02OA039,2,1983,234,21.3,
02OA039,2,1983,235,21.17,
02OA039,2,1983,236,21.23,
02OA039,2,1983,237,21.26,
02OA039,2,1983,238,21.22,
02OA039,2,1983,239,21.26,
02OA039,2,1983,240,21.28,
02OA039,2,1983,241,21.24,
02OA039,2,1983,242,21.25,
02OA039,2,1983,243,21.32,
02OA039,2,1983,244,21.34,
02OA039,2,1983,245,21.26,
02OA039,2,1983,246,21.26,
02OA039,2,1983,247,21.24,
02OA039,2,1983,248,21.28,
02OA039,2,1983,249,21.29,
02OA039,2,1983,250,21.29,
02OA039,2,1983,251,21.28,
02OA039,2,1983,252,21.27,
02OA039,2,1983,253,21.25,
02OA039,2,1983,254,21.22,
02OA039,2,1983,255,21.22,
02OA039,2,1983,256,21.26,
02OA039,2,1983,257,21.23,
02OA039,2,1983,258,21.23,
02OA039,2,1983,259,21.29,
02OA039,2,1983,260,21.27,
02OA039,2,1983,261,21.25,
02OA039,2,1983,262,21.2,
02OA039,2,1983,263,21.22,
02OA039,2,1983,264,21.24,
02OA039,2,1983,265,21.29,
02OA039,2,1983,266,21.28,
02OA039,2,1983,267,21.12,
02OA039,2,1983,268,21.21,
02OA039,2,1983,269,21.21,
02OA039,2,1983,270,21.22,
02OA039,2,1983,271,21.16,
02OA039,2,1983,272,21.2,
02OA039,2,1983,273,21.25,
02OA039,2,1983,274,21.19,
02OA039,2,1983,275,21.2,
02OA039,2,1983,276,21.18,
02OA039,2,1983,277,21.07,
02OA039,2,1983,278,21.17,
02OA039,2,1983,279,21.29,
02OA039,2,1983,280,21.22,
02OA039,2,1983,281,21.19,
02OA039,2,1983,282,21.3,
02OA039,2,1983,283,21.17,
02OA039,2,1983,284,21.23,
02OA039,2,1983,285,21.23,
02OA039,2,1983,286,21.28,
02OA039,2,1983,287,21.26,
02OA039,2,1983,288,21.18,
02OA039,2,1983,289,21.19,
02OA039,2,1983,290,21.22,
02OA039,2,1983,291,21.27,
02OA039,2,1983,292,21.22,
02OA039,2,1983,293,21.25,
02OA039,2,1983,294,21.22,
02OA039,2,1983,295,21.23,
02OA039,2,1983,296,21.19,
02OA039,2,1983,297,21.2,
02OA039,2,1983,298,21.23,
02OA039,2,1983,299,21.25,
02OA039,2,1983,300,21.28,
02OA039,2,1983,301,21.29,
02OA039,2,1983,302,21.26,
02OA039,2,1983,303,21.19,
02OA039,2,1983,304,21.23,
02OA039,2,1983,305,21.29,
02OA039,2,1983,306,21.24,
02OA039,2,1983,307,21.25,
02OA039,2,1983,308,21.2,
02OA039,2,1983,309,21.19,
02OA039,2,1983,310,21.39,
02OA039,2,1983,311,21.37,
02OA039,2,1983,312,21.29,
02OA039,2,1983,313,21.25,
02OA039,2,1983,314,21.16,
02OA039,2,1983,315,21.24,
02OA039,2,1983,316,21.31,
02OA039,2,1983,317,21.36,
02OA039,2,1983,318,21.23,
02OA039,2,1983,319,21.26,
02OA039,2,1983,320,21.29,
02OA039,2,1983,321,21.42,
02OA039,2,1983,322,21.33,
02OA039,2,1983,323,21.29,
02OA039,2,1983,324,21.23,
02OA039,2,1983,325,21.32,
02OA039,2,1983,326,21.45,
02OA039,2,1983,327,21.5,
02OA039,2,1983,328,21.47,
02OA039,2,1983,329,21.46,
02OA039,2,1983,330,21.57,
02OA039,2,1983,331,21.35,
02OA039,2,1983,332,21.38,
02OA039,2,1983,333,21.49,
02OA039,2,1983,334,21.52,
02OA039,2,1983,335,21.47,
02OA039,2,1983,336,21.4,
02OA039,2,1983,337,21.36,
02OA039,2,1983,338,21.32,
02OA039,2,1983,339,21.35,
02OA039,2,1983,340,21.33,
02OA039,2,1983,341,21.52,
02OA039,2,1983,342,21.41,
02OA039,2,1983,343,21.36,
02OA039,2,1983,344,21.39,
02OA039,2,1983,345,21.47,
02OA039,2,1983,346,21.56,
02OA039,2,1983,347,21.64,
02OA039,2,1983,348,21.76,
02OA039,2,1983,349,21.84,
02OA039,2,1983,350,21.95,
02OA039,2,1983,351,21.9,
02OA039,2,1983,352,21.85,
02OA039,2,1983,353,21.81,
02OA039,2,1983,354,21.74,
02OA039,2,1983,355,21.53,
02OA039,2,1983,356,21.28,
02OA039,2,1983,357,21.28,
02OA039,2,1983,358,21.19,
02OA039,2,1983,359,21.1,
02OA039,2,1983,360,21.17,
02OA039,2,1983,361,21.39,
02OA039,2,1983,362,21.58,
02OA039,2,1983,363,21.63,
02OA039,2,1983,364,21.68,
02OA039,2,1983,365,21.72,
02OA039,2,1984,1,21.8,
02OA039,2,1984,2,21.77,
02OA039,2,1984,3,21.61,
02OA039,2,1984,4,21.48,
02OA039,2,1984,5,21.22,
02OA039,2,1984,6,21.07,
02OA039,2,1984,7,21.08,
02OA039,2,1984,8,21.19,
02OA039,2,1984,9,21.24,
02OA039,2,1984,10,21.3,
02OA039,2,1984,11,21.35,
02OA039,2,1984,12,21.38,
02OA039,2,1984,13,21.44,
02OA039,2,1984,14,21.47,
02OA039,2,1984,15,21.35,
02OA039,2,1984,16,21.37,
02OA039,2,1984,17,21.37,
02OA039,2,1984,18,21.34,
02OA039,2,1984,19,21.33,
02OA039,2,1984,20,21.34,
02OA039,2,1984,21,21.4,
02OA039,2,1984,22,21.53,
02OA039,2,1984,23,21.57,
02OA039,2,1984,24,21.58,
02OA039,2,1984,25,21.36,
02OA039,2,1984,26,21.34,
02OA039,2,1984,27,21.49,
02OA039,2,1984,28,21.51,
02OA039,2,1984,29,21.57,
02OA039,2,1984,30,21.65,
02OA039,2,1984,31,21.59,
02OA039,2,1984,32,21.62,
02OA039,2,1984,33,21.68,
02OA039,2,1984,34,21.67,
02OA039,2,1984,35,21.43,
02OA039,2,1984,36,21.3,
02OA039,2,1984,37,21.27,
02OA039,2,1984,38,21.32,
02OA039,2,1984,39,21.49,
02OA039,2,1984,40,21.56,
02OA039,2,1984,41,21.62,
02OA039,2,1984,42,21.64,
02OA039,2,1984,43,21.62,
02OA039,2,1984,44,21.39,
02OA039,2,1984,45,21.32,
02OA039,2,1984,46,21.4,
02OA039,2,1984,47,21.53,
02OA039,2,1984,48,21.61,
02OA039,2,1984,49,21.56,
02OA039,2,1984,50,21.6,
02OA039,2,1984,51,21.59,
02OA039,2,1984,52,21.64,
02OA039,2,1984,53,21.72,
02OA039,2,1984,54,21.63,
02OA039,2,1984,55,21.58,
02OA039,2,1984,56,21.64,
02OA039,2,1984,57,21.66,
02OA039,2,1984,58,21.74,
02OA039,2,1984,59,21.73,
02OA039,2,1984,60,21.66,
02OA039,2,1984,61,21.62,
02OA039,2,1984,62,21.69,
02OA039,2,1984,63,21.8,
02OA039,2,1984,64,21.87,
02OA039,2,1984,65,21.76,
02OA039,2,1984,66,21.66,
02OA039,2,1984,67,21.64,
02OA039,2,1984,68,21.7,
02OA039,2,1984,69,21.67,
02OA039,2,1984,70,21.62,
02OA039,2,1984,71,21.64,
02OA039,2,1984,72,21.65,
02OA039,2,1984,73,21.76,
02OA039,2,1984,74,21.77,
02OA039,2,1984,75,21.68,
02OA039,2,1984,76,21.57,
02OA039,2,1984,77,21.49,
02OA039,2,1984,78,21.61,
02OA039,2,1984,79,21.6,
02OA039,2,1984,80,21.46,
02OA039,2,1984,81,21.51,
02OA039,2,1984,82,21.51,
02OA039,2,1984,83,21.54,
02OA039,2,1984,84,21.62,
02OA039,2,1984,85,21.61,
02OA039,2,1984,86,21.61,
02OA039,2,1984,87,21.57,
02OA039,2,1984,88,21.6,
02OA039,2,1984,89,21.59,
02OA039,2,1984,90,21.59,
02OA039,2,1984,91,21.6,
02OA039,2,1984,92,21.63,
02OA039,2,1984,93,21.78,
02OA039,2,1984,94,21.75,
02OA039,2,1984,95,21.84,
02OA039,2,1984,96,21.83,
02OA039,2,1984,97,22.07,
02OA039,2,1984,98,22.38,
02OA039,2,1984,99,22.24,
02OA039,2,1984,100,22.12,
02OA039,2,1984,101,22.05,
02OA039,2,1984,102,21.96,
02OA039,2,1984,103,21.92,
02OA039,2,1984,104,21.94,
02OA039,2,1984,105,22.09,
02OA039,2,1984,106,22.13,
02OA039,2,1984,107,22.16,
02OA039,2,1984,108,22.18,
02OA039,2,1984,109,22.3,
02OA039,2,1984,110,22.21,
02OA039,2,1984,111,22.1,
02OA039,2,1984,112,21.98,
02OA039,2,1984,113,21.96,
02OA039,2,1984,114,21.97,
02OA039,2,1984,115,22.08,
02OA039,2,1984,116,22.13,
02OA039,2,1984,117,22.18,
02OA039,2,1984,118,22.18,
02OA039,2,1984,119,22.14,
02OA039,2,1984,120,22.15,
02OA039,2,1984,121,22.11,
02OA039,2,1984,122,22.1,
02OA039,2,1984,123,22,
02OA039,2,1984,124,21.94,
02OA039,2,1984,125,21.99,
02OA039,2,1984,126,22.1,
02OA039,2,1984,127,22.02,
02OA039,2,1984,128,22.01,
02OA039,2,1984,129,21.96,
02OA039,2,1984,130,22,
02OA039,2,1984,131,21.94,
02OA039,2,1984,132,21.9,
02OA039,2,1984,133,21.9,
02OA039,2,1984,134,21.92,
02OA039,2,1984,135,21.89,
02OA039,2,1984,136,21.81,
02OA039,2,1984,137,21.84,
02OA039,2,1984,138,21.8,
02OA039,2,1984,139,21.77,
02OA039,2,1984,140,21.82,
02OA039,2,1984,141,21.76,
02OA039,2,1984,142,21.79,
02OA039,2,1984,143,21.72,
02OA039,2,1984,144,21.72,
02OA039,2,1984,145,21.84,
02OA039,2,1984,146,21.86,
02OA039,2,1984,147,21.88,
02OA039,2,1984,148,21.88,
02OA039,2,1984,149,21.85,
02OA039,2,1984,150,21.86,
02OA039,2,1984,151,22.08,
02OA039,2,1984,152,22.1,
02OA039,2,1984,153,22.05,
02OA039,2,1984,154,22.05,
02OA039,2,1984,155,22.04,
02OA039,2,1984,156,22.04,
02OA039,2,1984,157,22.03,
02OA039,2,1984,158,22.04,
02OA039,2,1984,159,22.01,
02OA039,2,1984,160,21.98,
02OA039,2,1984,161,21.92,
02OA039,2,1984,162,21.84,
02OA039,2,1984,163,21.87,
02OA039,2,1984,164,21.82,
02OA039,2,1984,165,21.75,
02OA039,2,1984,166,21.75,
02OA039,2,1984,167,21.72,
02OA039,2,1984,168,21.73,
02OA039,2,1984,169,21.68,
02OA039,2,1984,170,21.7,
02OA039,2,1984,171,21.73,
02OA039,2,1984,172,21.69,
02OA039,2,1984,173,21.68,
02OA039,2,1984,174,21.65,
02OA039,2,1984,175,21.67,
02OA039,2,1984,176,21.67,
02OA039,2,1984,177,21.77,
02OA039,2,1984,178,21.71,
02OA039,2,1984,179,21.72,
02OA039,2,1984,180,21.7,
02OA039,2,1984,181,21.67,
02OA039,2,1984,182,21.7,
02OA039,2,1984,183,21.71,
02OA039,2,1984,184,21.7,
02OA039,2,1984,185,21.71,
02OA039,2,1984,186,21.72,
02OA039,2,1984,187,21.75,
02OA039,2,1984,188,21.74,
02OA039,2,1984,189,21.73,
02OA039,2,1984,190,21.67,
02OA039,2,1984,191,21.66,
02OA039,2,1984,192,21.67,
02OA039,2,1984,193,21.64,
02OA039,2,1984,194,21.7,
02OA039,2,1984,195,21.64,
02OA039,2,1984,196,21.63,
02OA039,2,1984,197,21.56,
02OA039,2,1984,198,21.6,
02OA039,2,1984,199,21.58,
02OA039,2,1984,200,21.55,
02OA039,2,1984,201,21.62,
02OA039,2,1984,202,21.66,
02OA039,2,1984,203,21.66,
02OA039,2,1984,204,21.71,
02OA039,2,1984,205,21.7,
02OA039,2,1984,206,21.65,
02OA039,2,1984,207,21.72,
02OA039,2,1984,208,21.73,
02OA039,2,1984,209,21.72,
02OA039,2,1984,210,21.73,
02OA039,2,1984,211,21.61,
02OA039,2,1984,212,21.59,
02OA039,2,1984,213,21.6,
02OA039,2,1984,214,21.53,
02OA039,2,1984,215,21.53,
02OA039,2,1984,216,21.51,
02OA039,2,1984,217,21.55,
02OA039,2,1984,218,21.59,
02OA039,2,1984,219,21.57,
02OA039,2,1984,220,21.59,
02OA039,2,1984,221,21.58,
02OA039,2,1984,222,21.58,
02OA039,2,1984,223,21.57,
02OA039,2,1984,224,21.55,
02OA039,2,1984,225,21.53,
02OA039,2,1984,226,21.54,
02OA039,2,1984,227,21.56,
02OA039,2,1984,228,21.64,
02OA039,2,1984,229,21.62,
02OA039,2,1984,230,21.58,
02OA039,2,1984,231,21.62,
02OA039,2,1984,232,21.62,
02OA039,2,1984,233,21.59,
02OA039,2,1984,234,21.61,
02OA039,2,1984,235,21.58,
02OA039,2,1984,236,21.64,
02OA039,2,1984,237,21.68,
02OA039,2,1984,238,21.67,
02OA039,2,1984,239,21.63,
02OA039,2,1984,240,21.57,
02OA039,2,1984,241,21.59,
02OA039,2,1984,242,21.58,
02OA039,2,1984,243,21.63,
02OA039,2,1984,244,21.63,
02OA039,2,1984,245,21.63,
02OA039,2,1984,246,21.57,
02OA039,2,1984,247,21.55,
02OA039,2,1984,248,21.62,
02OA039,2,1984,249,21.56,
02OA039,2,1984,250,21.53,
02OA039,2,1984,251,21.54,
02OA039,2,1984,252,21.54,
02OA039,2,1984,253,21.47,
02OA039,2,1984,254,21.51,
02OA039,2,1984,255,21.51,
02OA039,2,1984,256,21.47,
02OA039,2,1984,257,21.49,
02OA039,2,1984,258,21.51,
02OA039,2,1984,259,21.48,
02OA039,2,1984,260,21.46,
02OA039,2,1984,261,21.38,
02OA039,2,1984,262,21.5,
02OA039,2,1984,263,21.54,
02OA039,2,1984,264,21.49,
02OA039,2,1984,265,21.49,
02OA039,2,1984,266,21.47,
02OA039,2,1984,267,21.46,
02OA039,2,1984,268,21.45,
02OA039,2,1984,269,21.42,
02OA039,2,1984,270,21.45,
02OA039,2,1984,271,21.44,
02OA039,2,1984,272,21.41,
02OA039,2,1984,273,21.25,
02OA039,2,1984,274,21.22,
02OA039,2,1984,275,21.28,
02OA039,2,1984,276,21.3,
02OA039,2,1984,277,21.33,
02OA039,2,1984,278,21.34,
02OA039,2,1984,279,21.23,
02OA039,2,1984,280,21.27,
02OA039,2,1984,281,21.18,
02OA039,2,1984,282,21.19,
02OA039,2,1984,283,21.18,
02OA039,2,1984,284,21.2,
02OA039,2,1984,285,21.2,
02OA039,2,1984,286,21.18,
02OA039,2,1984,287,21.2,
02OA039,2,1984,288,21.1,
02OA039,2,1984,289,21.17,
02OA039,2,1984,290,21.23,
02OA039,2,1984,291,21.19,
02OA039,2,1984,292,21.27,
02OA039,2,1984,293,21.26,
02OA039,2,1984,294,21.2,
02OA039,2,1984,295,21.19,
02OA039,2,1984,296,21.14,
02OA039,2,1984,297,21.15,
02OA039,2,1984,298,21.17,
02OA039,2,1984,299,21.15,
02OA039,2,1984,300,21.16,
02OA039,2,1984,301,21.13,
02OA039,2,1984,302,21.16,
02OA039,2,1984,303,,
02OA039,2,1984,304,,
02OA039,2,1984,305,,
02OA039,2,1984,306,,
02OA039,2,1984,307,,
02OA039,2,1984,308,,
02OA039,2,1984,309,,
02OA039,2,1984,310,,
02OA039,2,1984,311,,
02OA039,2,1984,312,,
02OA039,2,1984,313,21.19,
02OA039,2,1984,314,21.2,
02OA039,2,1984,315,21.24,
02OA039,2,1984,316,21.17,
02OA039,2,1984,317,21.34,
02OA039,2,1984,318,21.38,
02OA039,2,1984,319,21.36,
02OA039,2,1984,320,21.34,
02OA039,2,1984,321,21.34,
02OA039,2,1984,322,21.33,
02OA039,2,1984,323,21.16,
02OA039,2,1984,324,21.36,
02OA039,2,1984,325,21.34,
02OA039,2,1984,326,21.33,
02OA039,2,1984,327,21.23,
02OA039,2,1984,328,21.36,
02OA039,2,1984,329,,
02OA039,2,1984,330,,
02OA039,2,1984,331,,
02OA039,2,1984,332,21.25,
02OA039,2,1984,333,21.31,
02OA039,2,1984,334,21.34,
02OA039,2,1984,335,21.34,
02OA039,2,1984,336,21.27,
02OA039,2,1984,337,21.21,
02OA039,2,1984,338,21.25,
02OA039,2,1984,339,21.37,
02OA039,2,1984,340,21.33,
02OA039,2,1984,341,21.27,
02OA039,2,1984,342,21.3,
02OA039,2,1984,343,21.33,
02OA039,2,1984,344,21.24,
02OA039,2,1984,345,21.19,
02OA039,2,1984,346,21.3,
02OA039,2,1984,347,21.31,
02OA039,2,1984,348,21.19,
02OA039,2,1984,349,21.28,
02OA039,2,1984,350,21.24,
02OA039,2,1984,351,21.21,
02OA039,2,1984,352,21.28,
02OA039,2,1984,353,21.3,
02OA039,2,1984,354,21.35,
02OA039,2,1984,355,21.39,
02OA039,2,1984,356,21.31,
02OA039,2,1984,357,21.33,
02OA039,2,1984,358,21.4,
02OA039,2,1984,359,21.2,
02OA039,2,1984,360,21.36,
02OA039,2,1984,361,21.31,
02OA039,2,1984,362,21.28,
02OA039,2,1984,363,21.35,
02OA039,2,1984,364,21.43,
02OA039,2,1984,365,21.57,
02OA039,2,1984,366,21.73,
02OA039,2,1985,1,21.49,
02OA039,2,1985,2,21.52,
02OA039,2,1985,3,21.59,
02OA039,2,1985,4,21.68,
02OA039,2,1985,5,21.46,
02OA039,2,1985,6,21.35,
02OA039,2,1985,7,21.5,
02OA039,2,1985,8,21.61,
02OA039,2,1985,9,21.56,
02OA039,2,1985,10,21.67,
02OA039,2,1985,11,21.75,
02OA039,2,1985,12,21.73,
02OA039,2,1985,13,21.79,
02OA039,2,1985,14,21.71,
02OA039,2,1985,15,21.51,
02OA039,2,1985,16,21.47,
02OA039,2,1985,17,21.58,
02OA039,2,1985,18,21.5,
02OA039,2,1985,19,21.51,
02OA039,2,1985,20,21.44,
02OA039,2,1985,21,21.44,
02OA039,2,1985,22,21.5,
02OA039,2,1985,23,21.61,
02OA039,2,1985,24,21.74,
02OA039,2,1985,25,21.6,
02OA039,2,1985,26,21.64,
02OA039,2,1985,27,21.74,
02OA039,2,1985,28,21.64,
02OA039,2,1985,29,21.54,
02OA039,2,1985,30,21.56,
02OA039,2,1985,31,21.54,
02OA039,2,1985,32,21.48,
02OA039,2,1985,33,21.47,
02OA039,2,1985,34,21.5,
02OA039,2,1985,35,21.62,
02OA039,2,1985,36,21.77,
02OA039,2,1985,37,21.69,
02OA039,2,1985,38,21.74,
02OA039,2,1985,39,21.73,
02OA039,2,1985,40,21.71,
02OA039,2,1985,41,21.79,
02OA039,2,1985,42,21.81,
02OA039,2,1985,43,21.76,
02OA039,2,1985,44,21.46,
02OA039,2,1985,45,21.42,
02OA039,2,1985,46,21.35,
02OA039,2,1985,47,21.33,
02OA039,2,1985,48,21.41,
02OA039,2,1985,49,21.38,
02OA039,2,1985,50,21.49,
02OA039,2,1985,51,21.44,
02OA039,2,1985,52,21.29,
02OA039,2,1985,53,21.33,
02OA039,2,1985,54,21.35,
02OA039,2,1985,55,21.36,
02OA039,2,1985,56,21.52,
02OA039,2,1985,57,21.74,
02OA039,2,1985,58,21.84,
02OA039,2,1985,59,21.89,
02OA039,2,1985,60,21.69,
02OA039,2,1985,61,21.65,
02OA039,2,1985,62,21.83,
02OA039,2,1985,63,21.88,
02OA039,2,1985,64,21.9,
02OA039,2,1985,65,21.74,
02OA039,2,1985,66,21.63,
02OA039,2,1985,67,21.51,
02OA039,2,1985,68,21.4,
02OA039,2,1985,69,21.41,
02OA039,2,1985,70,21.56,
02OA039,2,1985,71,21.63,
02OA039,2,1985,72,21.83,
02OA039,2,1985,73,22.03,
02OA039,2,1985,74,22.09,
02OA039,2,1985,75,22.07,
02OA039,2,1985,76,21.94,
02OA039,2,1985,77,21.95,
02OA039,2,1985,78,21.82,
02OA039,2,1985,79,21.68,
02OA039,2,1985,80,21.66,
02OA039,2,1985,81,21.7,
02OA039,2,1985,82,21.59,
02OA039,2,1985,83,21.63,
02OA039,2,1985,84,21.77,
02OA039,2,1985,85,21.63,
02OA039,2,1985,86,21.63,
02OA039,2,1985,87,21.7,
02OA039,2,1985,88,21.79,
02OA039,2,1985,89,21.94,
02OA039,2,1985,90,21.97,
02OA039,2,1985,91,21.9,
02OA039,2,1985,92,21.83,
02OA039,2,1985,93,21.82,
02OA039,2,1985,94,21.78,
02OA039,2,1985,95,21.8,
02OA039,2,1985,96,21.93,
02OA039,2,1985,97,22.08,
02OA039,2,1985,98,21.95,
02OA039,2,1985,99,21.91,
02OA039,2,1985,100,21.91,
02OA039,2,1985,101,21.82,
02OA039,2,1985,102,21.74,
02OA039,2,1985,103,21.73,
02OA039,2,1985,104,21.76,
02OA039,2,1985,105,21.79,
02OA039,2,1985,106,21.76,
02OA039,2,1985,107,21.89,
02OA039,2,1985,108,21.9,
02OA039,2,1985,109,22.12,
02OA039,2,1985,110,22.14,
02OA039,2,1985,111,22.09,
02OA039,2,1985,112,22.14,
02OA039,2,1985,113,22.12,
02OA039,2,1985,114,22.16,
02OA039,2,1985,115,22.15,
02OA039,2,1985,116,22.17,
02OA039,2,1985,117,22.11,
02OA039,2,1985,118,22.11,
02OA039,2,1985,119,22.17,
02OA039,2,1985,120,22.19,
02OA039,2,1985,121,22.18,
02OA039,2,1985,122,22.18,
02OA039,2,1985,123,22.17,
02OA039,2,1985,124,22.19,
02OA039,2,1985,125,22.09,
02OA039,2,1985,126,22.21,
02OA039,2,1985,127,22.18,
02OA039,2,1985,128,22.18,
02OA039,2,1985,129,22.14,
02OA039,2,1985,130,22.12,
02OA039,2,1985,131,22.08,
02OA039,2,1985,132,22.05,
02OA039,2,1985,133,22.09,
02OA039,2,1985,134,22.06,
02OA039,2,1985,135,21.99,
02OA039,2,1985,136,21.96,
02OA039,2,1985,137,21.95,
02OA039,2,1985,138,21.88,
02OA039,2,1985,139,21.81,
02OA039,2,1985,140,21.85,
02OA039,2,1985,141,21.78,
02OA039,2,1985,142,21.82,
02OA039,2,1985,143,21.76,
02OA039,2,1985,144,21.78,
02OA039,2,1985,145,21.75,
02OA039,2,1985,146,21.68,
02OA039,2,1985,147,21.7,
02OA039,2,1985,148,21.74,
02OA039,2,1985,149,21.72,
02OA039,2,1985,150,21.7,
02OA039,2,1985,151,21.68,
02OA039,2,1985,152,21.71,
02OA039,2,1985,153,21.69,
02OA039,2,1985,154,21.59,
02OA039,2,1985,155,21.57,
02OA039,2,1985,156,21.59,
02OA039,2,1985,157,21.63,
02OA039,2,1985,158,21.59,
02OA039,2,1985,159,21.57,
02OA039,2,1985,160,21.52,
02OA039,2,1985,161,21.58,
02OA039,2,1985,162,21.49,
02OA039,2,1985,163,21.53,
02OA039,2,1985,164,21.6,
02OA039,2,1985,165,21.58,
02OA039,2,1985,166,21.57,
02OA039,2,1985,167,21.6,
02OA039,2,1985,168,21.63,
02OA039,2,1985,169,21.64,
02OA039,2,1985,170,21.7,
02OA039,2,1985,171,21.63,
02OA039,2,1985,172,21.56,
02OA039,2,1985,173,21.54,
02OA039,2,1985,174,21.54,
02OA039,2,1985,175,21.57,
02OA039,2,1985,176,21.49,
02OA039,2,1985,177,21.54,
02OA039,2,1985,178,21.5,
02OA039,2,1985,179,21.54,
02OA039,2,1985,180,21.54,
02OA039,2,1985,181,21.54,
02OA039,2,1985,182,21.54,
02OA039,2,1985,183,21.51,
02OA039,2,1985,184,21.54,
02OA039,2,1985,185,21.54,
02OA039,2,1985,186,21.5,
02OA039,2,1985,187,21.48,
02OA039,2,1985,188,21.54,
02OA039,2,1985,189,21.48,
02OA039,2,1985,190,21.51,
02OA039,2,1985,191,21.48,
02OA039,2,1985,192,21.53,
02OA039,2,1985,193,21.5,
02OA039,2,1985,194,21.52,
02OA039,2,1985,195,21.57,
02OA039,2,1985,196,21.59,
02OA039,2,1985,197,21.55,
02OA039,2,1985,198,21.61,
02OA039,2,1985,199,21.55,
02OA039,2,1985,200,21.53,
02OA039,2,1985,201,21.58,
02OA039,2,1985,202,21.49,
02OA039,2,1985,203,21.47,
02OA039,2,1985,204,21.48,
02OA039,2,1985,205,21.46,
02OA039,2,1985,206,21.51,
02OA039,2,1985,207,21.51,
02OA039,2,1985,208,21.51,
02OA039,2,1985,209,21.47,
02OA039,2,1985,210,21.51,
02OA039,2,1985,211,21.6,
02OA039,2,1985,212,21.64,
02OA039,2,1985,213,21.69,
02OA039,2,1985,214,21.72,
02OA039,2,1985,215,21.77,
02OA039,2,1985,216,21.73,
02OA039,2,1985,217,21.69,
02OA039,2,1985,218,21.69,
02OA039,2,1985,219,21.68,
02OA039,2,1985,220,21.64,
02OA039,2,1985,221,21.64,
02OA039,2,1985,222,21.58,
02OA039,2,1985,223,21.55,
02OA039,2,1985,224,21.48,
02OA039,2,1985,225,21.47,
02OA039,2,1985,226,21.51,
02OA039,2,1985,227,21.5,
02OA039,2,1985,228,21.48,
02OA039,2,1985,229,21.47,
02OA039,2,1985,230,21.49,
02OA039,2,1985,231,21.48,
02OA039,2,1985,232,21.45,
02OA039,2,1985,233,21.49,
02OA039,2,1985,234,21.46,
02OA039,2,1985,235,21.49,
02OA039,2,1985,236,21.45,
02OA039,2,1985,237,21.49,
02OA039,2,1985,238,21.5,
02OA039,2,1985,239,21.53,
02OA039,2,1985,240,21.45,
02OA039,2,1985,241,21.43,
02OA039,2,1985,242,21.45,
02OA039,2,1985,243,21.44,
02OA039,2,1985,244,21.45,
02OA039,2,1985,245,21.47,
02OA039,2,1985,246,21.42,
02OA039,2,1985,247,21.47,
02OA039,2,1985,248,21.41,
02OA039,2,1985,249,21.43,
02OA039,2,1985,250,21.47,
02OA039,2,1985,251,21.5,
02OA039,2,1985,252,21.45,
02OA039,2,1985,253,21.51,
02OA039,2,1985,254,21.48,
02OA039,2,1985,255,21.44,
02OA039,2,1985,256,21.43,
02OA039,2,1985,257,21.44,
02OA039,2,1985,258,21.43,
02OA039,2,1985,259,21.44,
02OA039,2,1985,260,21.47,
02OA039,2,1985,261,21.47,
02OA039,2,1985,262,21.48,
02OA039,2,1985,263,21.49,
02OA039,2,1985,264,21.42,
02OA039,2,1985,265,21.39,
02OA039,2,1985,266,21.4,
02OA039,2,1985,267,21.47,
02OA039,2,1985,268,21.44,
02OA039,2,1985,269,21.42,
02OA039,2,1985,270,21.37,
02OA039,2,1985,271,21.56,
02OA039,2,1985,272,21.52,
02OA039,2,1985,273,21.52,
02OA039,2,1985,274,21.5,
02OA039,2,1985,275,21.33,
02OA039,2,1985,276,21.45,
02OA039,2,1985,277,21.41,
02OA039,2,1985,278,21.46,
02OA039,2,1985,279,21.44,
02OA039,2,1985,280,21.4,
02OA039,2,1985,281,21.39,
02OA039,2,1985,282,21.34,
02OA039,2,1985,283,21.45,
02OA039,2,1985,284,21.52,
02OA039,2,1985,285,21.42,
02OA039,2,1985,286,21.42,
02OA039,2,1985,287,21.45,
02OA039,2,1985,288,21.45,
02OA039,2,1985,289,21.43,
02OA039,2,1985,290,21.39,
02OA039,2,1985,291,21.44,
02OA039,2,1985,292,21.43,
02OA039,2,1985,293,21.33,
02OA039,2,1985,294,21.4,
02OA039,2,1985,295,21.43,
02OA039,2,1985,296,21.43,
02OA039,2,1985,297,21.42,
02OA039,2,1985,298,21.44,
02OA039,2,1985,299,21.36,
02OA039,2,1985,300,21.33,
02OA039,2,1985,301,21.34,
02OA039,2,1985,302,21.34,
02OA039,2,1985,303,21.36,
02OA039,2,1985,304,21.36,
02OA039,2,1985,305,21.31,
02OA039,2,1985,306,21.18,
02OA039,2,1985,307,21.16,
02OA039,2,1985,308,21.4,
02OA039,2,1985,309,21.25,
02OA039,2,1985,310,21.26,
02OA039,2,1985,311,21.36,
02OA039,2,1985,312,21.37,
02OA039,2,1985,313,21.36,
02OA039,2,1985,314,21.38,
02OA039,2,1985,315,21.45,
02OA039,2,1985,316,21.38,
02OA039,2,1985,317,21.43,
02OA039,2,1985,318,21.49,
02OA039,2,1985,319,21.55,
02OA039,2,1985,320,21.5,
02OA039,2,1985,321,21.52,
02OA039,2,1985,322,21.51,
02OA039,2,1985,323,21.47,
02OA039,2,1985,324,21.54,
02OA039,2,1985,325,21.5,
02OA039,2,1985,326,21.5,
02OA039,2,1985,327,21.57,
02OA039,2,1985,328,21.51,
02OA039,2,1985,329,21.53,
02OA039,2,1985,330,21.52,
02OA039,2,1985,331,21.52,
02OA039,2,1985,332,21.48,
02OA039,2,1985,333,21.45,
02OA039,2,1985,334,21.5,
02OA039,2,1985,335,21.51,
02OA039,2,1985,336,21.6,
02OA039,2,1985,337,21.58,
02OA039,2,1985,338,21.54,
02OA039,2,1985,339,21.57,
02OA039,2,1985,340,21.65,
02OA039,2,1985,341,21.67,
02OA039,2,1985,342,21.58,
02OA039,2,1985,343,21.59,
02OA039,2,1985,344,21.64,
02OA039,2,1985,345,21.65,
02OA039,2,1985,346,21.55,
02OA039,2,1985,347,21.6,
02OA039,2,1985,348,21.59,
02OA039,2,1985,349,21.54,
02OA039,2,1985,350,21.53,
02OA039,2,1985,351,21.54,
02OA039,2,1985,352,21.6,
02OA039,2,1985,353,21.57,
02OA039,2,1985,354,21.39,
02OA039,2,1985,355,21.2,
02OA039,2,1985,356,21.11,
02OA039,2,1985,357,20.9,
02OA039,2,1985,358,20.89,
02OA039,2,1985,359,20.82,
02OA039,2,1985,360,20.87,
02OA039,2,1985,361,20.96,
02OA039,2,1985,362,21.1,
02OA039,2,1985,363,21.14,
02OA039,2,1985,364,21.23,
02OA039,2,1985,365,21.36,
02OA039,2,1986,1,21.38,
02OA039,2,1986,2,21.45,
02OA039,2,1986,3,21.32,
02OA039,2,1986,4,21.29,
02OA039,2,1986,5,21.31,
02OA039,2,1986,6,21.33,
02OA039,2,1986,7,21.43,
02OA039,2,1986,8,21.46,
02OA039,2,1986,9,21.32,
02OA039,2,1986,10,21.37,
02OA039,2,1986,11,21.26,
02OA039,2,1986,12,21.32,
02OA039,2,1986,13,21.12,
02OA039,2,1986,14,21.2,
02OA039,2,1986,15,21.36,
02OA039,2,1986,16,21.54,
02OA039,2,1986,17,21.54,
02OA039,2,1986,18,21.4,
02OA039,2,1986,19,21.15,
02OA039,2,1986,20,21.27,
02OA039,2,1986,21,21.39,
02OA039,2,1986,22,21.44,
02OA039,2,1986,23,21.57,
02OA039,2,1986,24,21.79,
02OA039,2,1986,25,21.92,
02OA039,2,1986,26,21.9,
02OA039,2,1986,27,21.8,
02OA039,2,1986,28,21.71,
02OA039,2,1986,29,21.79,
02OA039,2,1986,30,21.77,
02OA039,2,1986,31,21.74,
02OA039,2,1986,32,21.82,
02OA039,2,1986,33,21.78,
02OA039,2,1986,34,21.85,
02OA039,2,1986,35,21.91,
02OA039,2,1986,36,21.86,
02OA039,2,1986,37,21.91,
02OA039,2,1986,38,22.03,
02OA039,2,1986,39,21.92,
02OA039,2,1986,40,21.88,
02OA039,2,1986,41,21.75,
02OA039,2,1986,42,21.73,
02OA039,2,1986,43,21.76,
02OA039,2,1986,44,21.86,
02OA039,2,1986,45,21.89,
02OA039,2,1986,46,21.84,
02OA039,2,1986,47,21.75,
02OA039,2,1986,48,21.68,
02OA039,2,1986,49,21.73,
02OA039,2,1986,50,21.71,
02OA039,2,1986,51,21.67,
02OA039,2,1986,52,21.49,
02OA039,2,1986,53,21.62,
02OA039,2,1986,54,21.69,
02OA039,2,1986,55,21.71,
02OA039,2,1986,56,21.57,
02OA039,2,1986,57,21.7,
02OA039,2,1986,58,21.84,
02OA039,2,1986,59,21.93,
02OA039,2,1986,60,21.9,
02OA039,2,1986,61,21.7,
02OA039,2,1986,62,21.54,
02OA039,2,1986,63,21.53,
02OA039,2,1986,64,21.51,
02OA039,2,1986,65,21.65,
02OA039,2,1986,66,21.76,
02OA039,2,1986,67,21.65,
02OA039,2,1986,68,21.72,
02OA039,2,1986,69,21.64,
02OA039,2,1986,70,21.59,
02OA039,2,1986,71,21.54,
02OA039,2,1986,72,21.6,
02OA039,2,1986,73,21.66,
02OA039,2,1986,74,21.49,
02OA039,2,1986,75,21.5,
02OA039,2,1986,76,21.54,
02OA039,2,1986,77,21.54,
02OA039,2,1986,78,21.59,
02OA039,2,1986,79,21.84,
02OA039,2,1986,80,22.09,
02OA039,2,1986,81,21.97,
02OA039,2,1986,82,21.83,
02OA039,2,1986,83,21.71,
02OA039,2,1986,84,21.78,
02OA039,2,1986,85,21.77,
02OA039,2,1986,86,21.89,
02OA039,2,1986,87,21.99,
02OA039,2,1986,88,22.13,
02OA039,2,1986,89,22.2,
02OA039,2,1986,90,22.18,
02OA039,2,1986,91,22.07,
02OA039,2,1986,92,22.09,
02OA039,2,1986,93,22.04,
02OA039,2,1986,94,22.13,
02OA039,2,1986,95,22.19,
02OA039,2,1986,96,22.17,
02OA039,2,1986,97,22.17,
02OA039,2,1986,98,22.08,
02OA039,2,1986,99,22.16,
02OA039,2,1986,100,22.15,
02OA039,2,1986,101,22.14,
02OA039,2,1986,102,22.13,
02OA039,2,1986,103,22.14,
02OA039,2,1986,104,22.06,
02OA039,2,1986,105,22.01,
02OA039,2,1986,106,22.04,
02OA039,2,1986,107,22.08,
02OA039,2,1986,108,22.08,
02OA039,2,1986,109,21.96,
02OA039,2,1986,110,22.05,
02OA039,2,1986,111,22.05,
02OA039,2,1986,112,22.08,
02OA039,2,1986,113,22.07,
02OA039,2,1986,114,22.05,
02OA039,2,1986,115,22.1,
02OA039,2,1986,116,22.06,
02OA039,2,1986,117,22.09,
02OA039,2,1986,118,22.01,
02OA039,2,1986,119,22.04,
02OA039,2,1986,120,22.01,
02OA039,2,1986,121,21.95,
02OA039,2,1986,122,21.95,
02OA039,2,1986,123,21.93,
02OA039,2,1986,124,21.89,
02OA039,2,1986,125,21.88,
02OA039,2,1986,126,21.85,
02OA039,2,1986,127,21.9,
02OA039,2,1986,128,21.95,
02OA039,2,1986,129,21.93,
02OA039,2,1986,130,22,
02OA039,2,1986,131,21.98,
02OA039,2,1986,132,21.92,
02OA039,2,1986,133,22,
02OA039,2,1986,134,21.96,
02OA039,2,1986,135,21.96,
02OA039,2,1986,136,21.94,
02OA039,2,1986,137,21.96,
02OA039,2,1986,138,21.85,
02OA039,2,1986,139,21.85,
02OA039,2,1986,140,21.86,
02OA039,2,1986,141,22,
02OA039,2,1986,142,22.04,
02OA039,2,1986,143,22.15,
02OA039,2,1986,144,22.25,
02OA039,2,1986,145,22.25,
02OA039,2,1986,146,22.25,
02OA039,2,1986,147,22.27,
02OA039,2,1986,148,22.19,
02OA039,2,1986,149,22.15,
02OA039,2,1986,150,22.11,
02OA039,2,1986,151,22.04,
02OA039,2,1986,152,22.02,
02OA039,2,1986,153,21.96,
02OA039,2,1986,154,21.98,
02OA039,2,1986,155,21.96,
02OA039,2,1986,156,21.89,
02OA039,2,1986,157,21.94,
02OA039,2,1986,158,21.95,
02OA039,2,1986,159,21.92,
02OA039,2,1986,160,21.88,
02OA039,2,1986,161,21.86,
02OA039,2,1986,162,21.82,
02OA039,2,1986,163,21.84,
02OA039,2,1986,164,21.93,
02OA039,2,1986,165,21.89,
02OA039,2,1986,166,21.93,
02OA039,2,1986,167,21.9,
02OA039,2,1986,168,21.86,
02OA039,2,1986,169,21.85,
02OA039,2,1986,170,21.83,
02OA039,2,1986,171,21.77,
02OA039,2,1986,172,21.82,
02OA039,2,1986,173,21.76,
02OA039,2,1986,174,21.83,
02OA039,2,1986,175,21.79,
02OA039,2,1986,176,21.78,
02OA039,2,1986,177,21.79,
02OA039,2,1986,178,21.77,
02OA039,2,1986,179,21.79,
02OA039,2,1986,180,21.81,
02OA039,2,1986,181,21.81,
02OA039,2,1986,182,21.81,
02OA039,2,1986,183,21.75,
02OA039,2,1986,184,21.8,
02OA039,2,1986,185,21.79,
02OA039,2,1986,186,21.82,
02OA039,2,1986,187,21.84,
02OA039,2,1986,188,21.84,
02OA039,2,1986,189,21.86,
02OA039,2,1986,190,21.81,
02OA039,2,1986,191,21.78,
02OA039,2,1986,192,21.74,
02OA039,2,1986,193,21.7,
02OA039,2,1986,194,21.7,
02OA039,2,1986,195,21.79,
02OA039,2,1986,196,21.75,
02OA039,2,1986,197,21.74,
02OA039,2,1986,198,21.75,
02OA039,2,1986,199,21.74,
02OA039,2,1986,200,21.71,
02OA039,2,1986,201,21.75,
02OA039,2,1986,202,21.73,
02OA039,2,1986,203,21.73,
02OA039,2,1986,204,21.75,
02OA039,2,1986,205,21.7,
02OA039,2,1986,206,21.72,
02OA039,2,1986,207,21.78,
02OA039,2,1986,208,21.86,
02OA039,2,1986,209,21.84,
02OA039,2,1986,210,21.78,
02OA039,2,1986,211,21.77,
02OA039,2,1986,212,21.79,
02OA039,2,1986,213,21.82,
02OA039,2,1986,214,21.83,
02OA039,2,1986,215,21.83,
02OA039,2,1986,216,21.8,
02OA039,2,1986,217,21.79,
02OA039,2,1986,218,21.79,
02OA039,2,1986,219,21.79,
02OA039,2,1986,220,21.82,
02OA039,2,1986,221,21.82,
02OA039,2,1986,222,21.87,
02OA039,2,1986,223,21.87,
02OA039,2,1986,224,21.84,
02OA039,2,1986,225,21.82,
02OA039,2,1986,226,21.78,
02OA039,2,1986,227,21.78,
02OA039,2,1986,228,21.8,
02OA039,2,1986,229,21.76,
02OA039,2,1986,230,21.75,
02OA039,2,1986,231,21.77,
02OA039,2,1986,232,21.76,
02OA039,2,1986,233,21.75,
02OA039,2,1986,234,21.74,
02OA039,2,1986,235,21.71,
02OA039,2,1986,236,21.75,
02OA039,2,1986,237,21.73,
02OA039,2,1986,238,21.72,
02OA039,2,1986,239,21.77,
02OA039,2,1986,240,21.77,
02OA039,2,1986,241,21.75,
02OA039,2,1986,242,21.77,
02OA039,2,1986,243,21.72,
02OA039,2,1986,244,21.71,
02OA039,2,1986,245,21.74,
02OA039,2,1986,246,21.72,
02OA039,2,1986,247,21.76,
02OA039,2,1986,248,21.75,
02OA039,2,1986,249,21.73,
02OA039,2,1986,250,21.69,
02OA039,2,1986,251,21.71,
02OA039,2,1986,252,21.71,
02OA039,2,1986,253,21.67,
02OA039,2,1986,254,21.74,
02OA039,2,1986,255,21.85,
02OA039,2,1986,256,21.94,
02OA039,2,1986,257,21.91,
02OA039,2,1986,258,21.85,
02OA039,2,1986,259,21.79,
02OA039,2,1986,260,21.76,
02OA039,2,1986,261,21.78,
02OA039,2,1986,262,21.75,
02OA039,2,1986,263,21.6,
02OA039,2,1986,264,21.57,
02OA039,2,1986,265,21.59,
02OA039,2,1986,266,21.61,
02OA039,2,1986,267,21.66,
02OA039,2,1986,268,21.71,
02OA039,2,1986,269,21.75,
02OA039,2,1986,270,21.77,
02OA039,2,1986,271,21.74,
02OA039,2,1986,272,21.76,
02OA039,2,1986,273,21.9,
02OA039,2,1986,274,22.02,
02OA039,2,1986,275,21.97,
02OA039,2,1986,276,21.9,
02OA039,2,1986,277,21.85,
02OA039,2,1986,278,21.86,
02OA039,2,1986,279,21.84,
02OA039,2,1986,280,21.81,
02OA039,2,1986,281,21.82,
02OA039,2,1986,282,21.7,
02OA039,2,1986,283,21.7,
02OA039,2,1986,284,21.69,
02OA039,2,1986,285,21.75,
02OA039,2,1986,286,21.77,
02OA039,2,1986,287,21.83,
02OA039,2,1986,288,21.83,
02OA039,2,1986,289,21.82,
02OA039,2,1986,290,21.83,
02OA039,2,1986,291,21.78,
02OA039,2,1986,292,21.77,
02OA039,2,1986,293,21.78,
02OA039,2,1986,294,21.73,
02OA039,2,1986,295,21.74,
02OA039,2,1986,296,21.78,
02OA039,2,1986,297,21.76,
02OA039,2,1986,298,21.77,
02OA039,2,1986,299,21.7,
02OA039,2,1986,300,21.76,
02OA039,2,1986,301,21.87,
02OA039,2,1986,302,21.87,
02OA039,2,1986,303,21.87,
02OA039,2,1986,304,21.92,
02OA039,2,1986,305,21.87,
02OA039,2,1986,306,21.85,
02OA039,2,1986,307,21.85,
02OA039,2,1986,308,21.87,
02OA039,2,1986,309,21.87,
02OA039,2,1986,310,21.88,
02OA039,2,1986,311,21.88,
02OA039,2,1986,312,21.85,
02OA039,2,1986,313,21.9,
02OA039,2,1986,314,21.85,
02OA039,2,1986,315,21.83,
02OA039,2,1986,316,21.88,
02OA039,2,1986,317,21.89,
02OA039,2,1986,318,21.87,
02OA039,2,1986,319,21.83,
02OA039,2,1986,320,21.85,
02OA039,2,1986,321,21.87,
02OA039,2,1986,322,21.85,
02OA039,2,1986,323,21.84,
02OA039,2,1986,324,21.82,
02OA039,2,1986,325,21.82,
02OA039,2,1986,326,21.82,
02OA039,2,1986,327,21.72,
02OA039,2,1986,328,21.78,
02OA039,2,1986,329,21.8,
02OA039,2,1986,330,21.83,
02OA039,2,1986,331,21.96,
02OA039,2,1986,332,21.96,
02OA039,2,1986,333,21.98,
02OA039,2,1986,334,21.93,
02OA039,2,1986,335,21.87,
02OA039,2,1986,336,21.77,
02OA039,2,1986,337,21.84,
02OA039,2,1986,338,22.06,
02OA039,2,1986,339,22,
02OA039,2,1986,340,21.97,
02OA039,2,1986,341,21.89,
02OA039,2,1986,342,21.83,
02OA039,2,1986,343,21.74,
02OA039,2,1986,344,21.83,
02OA039,2,1986,345,21.84,
02OA039,2,1986,346,21.81,
02OA039,2,1986,347,21.73,
02OA039,2,1986,348,21.73,
02OA039,2,1986,349,21.71,
02OA039,2,1986,350,21.66,
02OA039,2,1986,351,21.73,
02OA039,2,1986,352,21.76,
02OA039,2,1986,353,21.78,
02OA039,2,1986,354,21.68,
02OA039,2,1986,355,21.71,
02OA039,2,1986,356,21.74,
02OA039,2,1986,357,21.72,
02OA039,2,1986,358,21.68,
02OA039,2,1986,359,21.75,
02OA039,2,1986,360,21.81,
02OA039,2,1986,361,21.77,
02OA039,2,1986,362,21.77,
02OA039,2,1986,363,21.8,
02OA039,2,1986,364,21.87,
02OA039,2,1986,365,21.96,
02OA039,2,1987,1,21.97,
02OA039,2,1987,2,21.95,
02OA039,2,1987,3,21.99,
02OA039,2,1987,4,22,
02OA039,2,1987,5,21.93,
02OA039,2,1987,6,21.92,
02OA039,2,1987,7,21.96,
02OA039,2,1987,8,22,
02OA039,2,1987,9,21.93,
02OA039,2,1987,10,21.99,
02OA039,2,1987,11,21.95,
02OA039,2,1987,12,21.96,
02OA039,2,1987,13,21.93,
02OA039,2,1987,14,21.92,
02OA039,2,1987,15,21.95,
02OA039,2,1987,16,21.98,
02OA039,2,1987,17,21.46,
02OA039,2,1987,18,21.24,
02OA039,2,1987,19,21.27,
02OA039,2,1987,20,21.27,
02OA039,2,1987,21,21.28,
02OA039,2,1987,22,21.28,
02OA039,2,1987,23,20.96,
02OA039,2,1987,24,20.91,
02OA039,2,1987,25,21.03,
02OA039,2,1987,26,21.23,
02OA039,2,1987,27,21.36,
02OA039,2,1987,28,21.41,
02OA039,2,1987,29,21.13,
02OA039,2,1987,30,21.06,
02OA039,2,1987,31,21.19,
02OA039,2,1987,32,21.24,
02OA039,2,1987,33,21.26,
02OA039,2,1987,34,21.2,
02OA039,2,1987,35,21.43,
02OA039,2,1987,36,21.59,
02OA039,2,1987,37,21.71,
02OA039,2,1987,38,21.74,
02OA039,2,1987,39,21.65,
02OA039,2,1987,40,21.6,
02OA039,2,1987,41,21.74,
02OA039,2,1987,42,21.88,
02OA039,2,1987,43,21.96,
02OA039,2,1987,44,21.92,
02OA039,2,1987,45,21.74,
02OA039,2,1987,46,21.62,
02OA039,2,1987,47,21.6,
02OA039,2,1987,48,21.56,
02OA039,2,1987,49,21.48,
02OA039,2,1987,50,21.53,
02OA039,2,1987,51,21.65,
02OA039,2,1987,52,21.86,
02OA039,2,1987,53,21.75,
02OA039,2,1987,54,21.62,
02OA039,2,1987,55,21.71,
02OA039,2,1987,56,21.73,
02OA039,2,1987,57,21.71,
02OA039,2,1987,58,21.74,
02OA039,2,1987,59,21.71,
02OA039,2,1987,60,21.74,
02OA039,2,1987,61,21.79,
02OA039,2,1987,62,21.8,
02OA039,2,1987,63,21.8,
02OA039,2,1987,64,21.82,
02OA039,2,1987,65,21.83,
02OA039,2,1987,66,21.81,
02OA039,2,1987,67,21.72,
02OA039,2,1987,68,21.74,
02OA039,2,1987,69,21.95,
02OA039,2,1987,70,21.92,
02OA039,2,1987,71,21.91,
02OA039,2,1987,72,21.84,
02OA039,2,1987,73,21.73,
02OA039,2,1987,74,21.65,
02OA039,2,1987,75,21.55,
02OA039,2,1987,76,21.55,
02OA039,2,1987,77,21.57,
02OA039,2,1987,78,21.6,
02OA039,2,1987,79,21.59,
02OA039,2,1987,80,21.65,
02OA039,2,1987,81,21.64,
02OA039,2,1987,82,21.71,
02OA039,2,1987,83,21.87,
02OA039,2,1987,84,22.03,
02OA039,2,1987,85,22.16,
02OA039,2,1987,86,22.31,
02OA039,2,1987,87,22.29,
02OA039,2,1987,88,22.23,
02OA039,2,1987,89,22.09,
02OA039,2,1987,90,22.04,
02OA039,2,1987,91,22.12,
02OA039,2,1987,92,22.15,
02OA039,2,1987,93,22.14,
02OA039,2,1987,94,22.03,
02OA039,2,1987,95,21.98,
02OA039,2,1987,96,22.03,
02OA039,2,1987,97,22.12,
02OA039,2,1987,98,22.18,
02OA039,2,1987,99,22.01,
02OA039,2,1987,100,21.97,
02OA039,2,1987,101,22.06,
02OA039,2,1987,102,22.06,
02OA039,2,1987,103,22.08,
02OA039,2,1987,104,22.16,
02OA039,2,1987,105,22.15,
02OA039,2,1987,106,22.09,
02OA039,2,1987,107,22.07,
02OA039,2,1987,108,22.08,
02OA039,2,1987,109,22.02,
02OA039,2,1987,110,21.99,
02OA039,2,1987,111,21.97,
02OA039,2,1987,112,21.96,
02OA039,2,1987,113,21.91,
02OA039,2,1987,114,21.99,
02OA039,2,1987,115,21.94,
02OA039,2,1987,116,21.87,
02OA039,2,1987,117,21.85,
02OA039,2,1987,118,21.81,
02OA039,2,1987,119,21.81,
02OA039,2,1987,120,21.86,
02OA039,2,1987,121,21.8,
02OA039,2,1987,122,21.76,
02OA039,2,1987,123,21.77,
02OA039,2,1987,124,21.72,
02OA039,2,1987,125,21.76,
02OA039,2,1987,126,21.79,
02OA039,2,1987,127,21.75,
02OA039,2,1987,128,21.72,
02OA039,2,1987,129,21.72,
02OA039,2,1987,130,21.67,
02OA039,2,1987,131,21.67,
02OA039,2,1987,132,21.73,
02OA039,2,1987,133,21.71,
02OA039,2,1987,134,21.66,
02OA039,2,1987,135,21.71,
02OA039,2,1987,136,21.69,
02OA039,2,1987,137,21.62,
02OA039,2,1987,138,21.62,
02OA039,2,1987,139,21.6,
02OA039,2,1987,140,21.62,
02OA039,2,1987,141,21.64,
02OA039,2,1987,142,21.62,
02OA039,2,1987,143,21.58,
02OA039,2,1987,144,21.65,
02OA039,2,1987,145,21.58,
02OA039,2,1987,146,21.61,
02OA039,2,1987,147,21.62,
02OA039,2,1987,148,21.63,
02OA039,2,1987,149,21.61,
02OA039,2,1987,150,21.6,
02OA039,2,1987,151,21.61,
02OA039,2,1987,152,21.61,
02OA039,2,1987,153,21.6,
02OA039,2,1987,154,21.61,
02OA039,2,1987,155,21.65,
02OA039,2,1987,156,21.63,
02OA039,2,1987,157,21.59,
02OA039,2,1987,158,21.65,
02OA039,2,1987,159,21.62,
02OA039,2,1987,160,21.69,
02OA039,2,1987,161,21.73,
02OA039,2,1987,162,21.7,
02OA039,2,1987,163,21.66,
02OA039,2,1987,164,21.63,
02OA039,2,1987,165,21.67,
02OA039,2,1987,166,21.62,
02OA039,2,1987,167,21.65,
02OA039,2,1987,168,21.65,
02OA039,2,1987,169,21.61,
02OA039,2,1987,170,21.59,
02OA039,2,1987,171,21.59,
02OA039,2,1987,172,21.57,
02OA039,2,1987,173,21.53,
02OA039,2,1987,174,21.52,
02OA039,2,1987,175,21.56,
02OA039,2,1987,176,21.54,
02OA039,2,1987,177,21.57,
02OA039,2,1987,178,21.56,
02OA039,2,1987,179,21.54,
02OA039,2,1987,180,21.51,
02OA039,2,1987,181,21.51,
02OA039,2,1987,182,21.51,
02OA039,2,1987,183,21.51,
02OA039,2,1987,184,21.51,
02OA039,2,1987,185,21.54,
02OA039,2,1987,186,21.53,
02OA039,2,1987,187,21.48,
02OA039,2,1987,188,21.52,
02OA039,2,1987,189,21.52,
02OA039,2,1987,190,21.5,
02OA039,2,1987,191,21.53,
02OA039,2,1987,192,21.56,
02OA039,2,1987,193,21.52,
02OA039,2,1987,194,21.51,
02OA039,2,1987,195,21.57,
02OA039,2,1987,196,21.6,
02OA039,2,1987,197,21.5,
02OA039,2,1987,198,21.53,
02OA039,2,1987,199,21.5,
02OA039,2,1987,200,21.53,
02OA039,2,1987,201,21.52,
02OA039,2,1987,202,21.51,
02OA039,2,1987,203,21.54,
02OA039,2,1987,204,21.54,
02OA039,2,1987,205,21.51,
02OA039,2,1987,206,21.53,
02OA039,2,1987,207,21.57,
02OA039,2,1987,208,21.53,
02OA039,2,1987,209,21.4,
02OA039,2,1987,210,21.41,
02OA039,2,1987,211,21.41,
02OA039,2,1987,212,21.39,
02OA039,2,1987,213,21.38,
02OA039,2,1987,214,21.35,
02OA039,2,1987,215,21.37,
02OA039,2,1987,216,21.36,
02OA039,2,1987,217,21.35,
02OA039,2,1987,218,21.34,
02OA039,2,1987,219,21.33,
02OA039,2,1987,220,21.33,
02OA039,2,1987,221,21.34,
02OA039,2,1987,222,21.32,
02OA039,2,1987,223,21.36,
02OA039,2,1987,224,21.31,
02OA039,2,1987,225,21.34,
02OA039,2,1987,226,21.34,
02OA039,2,1987,227,21.33,
02OA039,2,1987,228,21.32,
02OA039,2,1987,229,21.31,
02OA039,2,1987,230,21.32,
02OA039,2,1987,231,21.32,
02OA039,2,1987,232,21.31,
02OA039,2,1987,233,21.3,
02OA039,2,1987,234,21.34,
02OA039,2,1987,235,21.23,
02OA039,2,1987,236,21.2,
02OA039,2,1987,237,21.26,
02OA039,2,1987,238,21.25,
02OA039,2,1987,239,21.24,
02OA039,2,1987,240,21.19,
02OA039,2,1987,241,21.23,
02OA039,2,1987,242,21.22,
02OA039,2,1987,243,21.2,
02OA039,2,1987,244,21.22,
02OA039,2,1987,245,21.16,
02OA039,2,1987,246,21.17,
02OA039,2,1987,247,21.23,
02OA039,2,1987,248,21.19,
02OA039,2,1987,249,21.09,
02OA039,2,1987,250,21.2,
02OA039,2,1987,251,21.13,
02OA039,2,1987,252,21.21,
02OA039,2,1987,253,21.2,
02OA039,2,1987,254,21.2,
02OA039,2,1987,255,21.19,
02OA039,2,1987,256,21.23,
02OA039,2,1987,257,21.26,
02OA039,2,1987,258,21.27,
02OA039,2,1987,259,21.28,
02OA039,2,1987,260,21.2,
02OA039,2,1987,261,21.13,
02OA039,2,1987,262,21.02,
02OA039,2,1987,263,21.07,
02OA039,2,1987,264,21.11,
02OA039,2,1987,265,21.21,
02OA039,2,1987,266,21.28,
02OA039,2,1987,267,21.26,
02OA039,2,1987,268,21.22,
02OA039,2,1987,269,21.2,
02OA039,2,1987,270,21.18,
02OA039,2,1987,271,21.24,
02OA039,2,1987,272,21.25,
02OA039,2,1987,273,21.3,
02OA039,2,1987,274,21.24,
02OA039,2,1987,275,21.27,
02OA039,2,1987,276,21.22,
02OA039,2,1987,277,21.22,
02OA039,2,1987,278,21.29,
02OA039,2,1987,279,21.19,
02OA039,2,1987,280,21.23,
02OA039,2,1987,281,21.26,
02OA039,2,1987,282,21.25,
02OA039,2,1987,283,21.23,
02OA039,2,1987,284,21.18,
02OA039,2,1987,285,21.2,
02OA039,2,1987,286,21.22,
02OA039,2,1987,287,21.16,
02OA039,2,1987,288,21.23,
02OA039,2,1987,289,21.19,
02OA039,2,1987,290,21.18,
02OA039,2,1987,291,21.13,
02OA039,2,1987,292,21.14,
02OA039,2,1987,293,21.14,
02OA039,2,1987,294,21.18,
02OA039,2,1987,295,21.16,
02OA039,2,1987,296,21.19,
02OA039,2,1987,297,21.15,
02OA039,2,1987,298,21.1,
02OA039,2,1987,299,21.06,
02OA039,2,1987,300,21.01,
02OA039,2,1987,301,21.17,
02OA039,2,1987,302,21.15,
02OA039,2,1987,303,21.14,
02OA039,2,1987,304,21.12,
02OA039,2,1987,305,21.01,
02OA039,2,1987,306,21,
02OA039,2,1987,307,21.04,
02OA039,2,1987,308,21.07,
02OA039,2,1987,309,21.07,
02OA039,2,1987,310,21.07,
02OA039,2,1987,311,21.03,
02OA039,2,1987,312,21.03,
02OA039,2,1987,313,21.01,
02OA039,2,1987,314,21.08,
02OA039,2,1987,315,21.08,
02OA039,2,1987,316,21.06,
02OA039,2,1987,317,21.07,
02OA039,2,1987,318,20.98,
02OA039,2,1987,319,20.97,
02OA039,2,1987,320,20.97,
02OA039,2,1987,321,20.98,
02OA039,2,1987,322,21.01,
02OA039,2,1987,323,20.95,
02OA039,2,1987,324,20.98,
02OA039,2,1987,325,20.96,
02OA039,2,1987,326,20.99,
02OA039,2,1987,327,20.96,
02OA039,2,1987,328,20.91,
02OA039,2,1987,329,20.94,
02OA039,2,1987,330,20.97,
02OA039,2,1987,331,21.08,
02OA039,2,1987,332,21.01,
02OA039,2,1987,333,21.03,
02OA039,2,1987,334,21.15,
02OA039,2,1987,335,21.39,
02OA039,2,1987,336,21.4,
02OA039,2,1987,337,21.38,
02OA039,2,1987,338,21.25,
02OA039,2,1987,339,21.27,
02OA039,2,1987,340,21.28,
02OA039,2,1987,341,21.34,
02OA039,2,1987,342,21.29,
02OA039,2,1987,343,21.28,
02OA039,2,1987,344,21.35,
02OA039,2,1987,345,21.36,
02OA039,2,1987,346,21.41,
02OA039,2,1987,347,21.45,
02OA039,2,1987,348,21.4,
02OA039,2,1987,349,21.41,
02OA039,2,1987,350,21.43,
02OA039,2,1987,351,21.38,
02OA039,2,1987,352,21.41,
02OA039,2,1987,353,21.36,
02OA039,2,1987,354,21.34,
02OA039,2,1987,355,21.38,
02OA039,2,1987,356,21.43,
02OA039,2,1987,357,21.42,
02OA039,2,1987,358,21.38,
02OA039,2,1987,359,21.34,
02OA039,2,1987,360,21.4,
02OA039,2,1987,361,21.38,
02OA039,2,1987,362,21.33,
02OA039,2,1987,363,21.36,
02OA039,2,1987,364,21.38,
02OA039,2,1987,365,21.43,
02OA039,2,1988,1,21.44,
02OA039,2,1988,2,21.46,
02OA039,2,1988,3,21.42,
02OA039,2,1988,4,21.42,
02OA039,2,1988,5,21.41,
02OA039,2,1988,6,21.1,
02OA039,2,1988,7,,
02OA039,2,1988,8,21.3,
02OA039,2,1988,9,21.38,
02OA039,2,1988,10,21.37,
02OA039,2,1988,11,21.53,
02OA039,2,1988,12,21.54,
02OA039,2,1988,13,21.53,
02OA039,2,1988,14,,
02OA039,2,1988,15,,
02OA039,2,1988,16,21.35,
02OA039,2,1988,17,21.29,
02OA039,2,1988,18,21.1,
02OA039,2,1988,19,20.98,
02OA039,2,1988,20,21.06,
02OA039,2,1988,21,21.09,
02OA039,2,1988,22,21.12,
02OA039,2,1988,23,21.14,
02OA039,2,1988,24,21.07,
02OA039,2,1988,25,21.19,
02OA039,2,1988,26,21.08,
02OA039,2,1988,27,21.26,
02OA039,2,1988,28,21.39,
02OA039,2,1988,29,21.48,
02OA039,2,1988,30,21.42,
02OA039,2,1988,31,21.3,
02OA039,2,1988,32,21.14,
02OA039,2,1988,33,21.17,
02OA039,2,1988,34,21.38,
02OA039,2,1988,35,21.52,
02OA039,2,1988,36,21.57,
02OA039,2,1988,37,21.61,
02OA039,2,1988,38,21.58,
02OA039,2,1988,39,21.64,
02OA039,2,1988,40,21.83,
02OA039,2,1988,41,21.72,
02OA039,2,1988,42,21.59,
02OA039,2,1988,43,21.76,
02OA039,2,1988,44,21.57,
02OA039,2,1988,45,21.57,
02OA039,2,1988,46,21.66,
02OA039,2,1988,47,21.52,
02OA039,2,1988,48,21.52,
02OA039,2,1988,49,21.38,
02OA039,2,1988,50,21.26,
02OA039,2,1988,51,21.27,
02OA039,2,1988,52,21.33,
02OA039,2,1988,53,21.43,
02OA039,2,1988,54,21.4,
02OA039,2,1988,55,21.44,
02OA039,2,1988,56,21.43,
02OA039,2,1988,57,21.41,
02OA039,2,1988,58,21.46,
02OA039,2,1988,59,21.35,
02OA039,2,1988,60,21.34,
02OA039,2,1988,61,21.36,
02OA039,2,1988,62,21.52,
02OA039,2,1988,63,21.47,
02OA039,2,1988,64,21.38,
02OA039,2,1988,65,21.43,
02OA039,2,1988,66,21.33,
02OA039,2,1988,67,21.2,
02OA039,2,1988,68,21.26,
02OA039,2,1988,69,21.15,
02OA039,2,1988,70,21.2,
02OA039,2,1988,71,21.2,
02OA039,2,1988,72,21.25,
02OA039,2,1988,73,21.16,
02OA039,2,1988,74,21.15,
02OA039,2,1988,75,21.13,
02OA039,2,1988,76,21.11,
02OA039,2,1988,77,21.11,
02OA039,2,1988,78,21.15,
02OA039,2,1988,79,21.13,
02OA039,2,1988,80,21.13,
02OA039,2,1988,81,21.21,
02OA039,2,1988,82,21.24,
02OA039,2,1988,83,21.19,
02OA039,2,1988,84,21.15,
02OA039,2,1988,85,21.13,
02OA039,2,1988,86,21.21,
02OA039,2,1988,87,21.37,
02OA039,2,1988,88,21.44,
02OA039,2,1988,89,21.41,
02OA039,2,1988,90,21.4,
02OA039,2,1988,91,21.4,
02OA039,2,1988,92,21.39,
02OA039,2,1988,93,21.42,
02OA039,2,1988,94,21.45,
02OA039,2,1988,95,21.53,
02OA039,2,1988,96,21.65,
02OA039,2,1988,97,21.75,
02OA039,2,1988,98,21.69,
02OA039,2,1988,99,21.81,
02OA039,2,1988,100,21.85,
02OA039,2,1988,101,21.82,
02OA039,2,1988,102,21.79,
02OA039,2,1988,103,21.7,
02OA039,2,1988,104,21.69,
02OA039,2,1988,105,21.62,
02OA039,2,1988,106,21.64,
02OA039,2,1988,107,21.53,
02OA039,2,1988,108,21.57,
02OA039,2,1988,109,21.52,
02OA039,2,1988,110,21.63,
02OA039,2,1988,111,21.6,
02OA039,2,1988,112,21.42,
02OA039,2,1988,113,21.46,
02OA039,2,1988,114,21.39,
02OA039,2,1988,115,21.36,
02OA039,2,1988,116,21.41,
02OA039,2,1988,117,21.41,
02OA039,2,1988,118,21.41,
02OA039,2,1988,119,21.42,
02OA039,2,1988,120,21.51,
02OA039,2,1988,121,21.79,
02OA039,2,1988,122,21.87,
02OA039,2,1988,123,21.74,
02OA039,2,1988,124,21.64,
02OA039,2,1988,125,21.55,
02OA039,2,1988,126,21.34,
02OA039,2,1988,127,21.31,
02OA039,2,1988,128,21.25,
02OA039,2,1988,129,21.28,
02OA039,2,1988,130,21.35,
02OA039,2,1988,131,21.25,
02OA039,2,1988,132,21.14,
02OA039,2,1988,133,21.13,
02OA039,2,1988,134,21.1,
02OA039,2,1988,135,21.1,
02OA039,2,1988,136,21.11,
02OA039,2,1988,137,21.12,
02OA039,2,1988,138,21.21,
02OA039,2,1988,139,21.09,
02OA039,2,1988,140,21.13,
02OA039,2,1988,141,21.19,
02OA039,2,1988,142,21.15,
02OA039,2,1988,143,21.17,
02OA039,2,1988,144,21.22,
02OA039,2,1988,145,21.16,
02OA039,2,1988,146,21.08,
02OA039,2,1988,147,21.09,
02OA039,2,1988,148,21.1,
02OA039,2,1988,149,21.08,
02OA039,2,1988,150,21.19,
02OA039,2,1988,151,21.19,
02OA039,2,1988,152,21.21,
02OA039,2,1988,153,21.19,
02OA039,2,1988,154,21.2,
02OA039,2,1988,155,21.18,
02OA039,2,1988,156,21.15,
02OA039,2,1988,157,21.11,
02OA039,2,1988,158,21.08,
02OA039,2,1988,159,21.08,
02OA039,2,1988,160,21.03,
02OA039,2,1988,161,21.1,
02OA039,2,1988,162,21.02,
02OA039,2,1988,163,21.08,
02OA039,2,1988,164,20.98,
02OA039,2,1988,165,20.95,
02OA039,2,1988,166,20.98,
02OA039,2,1988,167,20.95,
02OA039,2,1988,168,20.94,
02OA039,2,1988,169,20.95,
02OA039,2,1988,170,20.94,
02OA039,2,1988,171,20.91,
02OA039,2,1988,172,20.88,
02OA039,2,1988,173,20.92,
02OA039,2,1988,174,20.92,
02OA039,2,1988,175,20.94,
02OA039,2,1988,176,20.88,
02OA039,2,1988,177,20.84,
02OA039,2,1988,178,20.95,
02OA039,2,1988,179,20.9,
02OA039,2,1988,180,20.9,
02OA039,2,1988,181,20.91,
02OA039,2,1988,182,20.89,
02OA039,2,1988,183,21,
02OA039,2,1988,184,20.97,
02OA039,2,1988,185,20.94,
02OA039,2,1988,186,20.89,
02OA039,2,1988,187,20.87,
02OA039,2,1988,188,20.92,
02OA039,2,1988,189,,
02OA039,2,1988,190,,
02OA039,2,1988,191,20.85,
02OA039,2,1988,192,20.84,
02OA039,2,1988,193,20.8,
02OA039,2,1988,194,20.81,
02OA039,2,1988,195,20.82,
02OA039,2,1988,196,20.84,
02OA039,2,1988,197,20.81,
02OA039,2,1988,198,20.8,
02OA039,2,1988,199,20.82,
02OA039,2,1988,200,20.83,
02OA039,2,1988,201,20.82,
02OA039,2,1988,202,20.86,
02OA039,2,1988,203,20.83,
02OA039,2,1988,204,20.83,
02OA039,2,1988,205,20.82,
02OA039,2,1988,206,20.86,
02OA039,2,1988,207,20.88,
02OA039,2,1988,208,20.85,
02OA039,2,1988,209,20.88,
02OA039,2,1988,210,20.92,
02OA039,2,1988,211,20.92,
02OA039,2,1988,212,20.93,
02OA039,2,1988,213,20.92,
02OA039,2,1988,214,20.89,
02OA039,2,1988,215,20.86,
02OA039,2,1988,216,20.9,
02OA039,2,1988,217,20.92,
02OA039,2,1988,218,20.95,
02OA039,2,1988,219,20.97,
02OA039,2,1988,220,20.97,
02OA039,2,1988,221,20.93,
02OA039,2,1988,222,20.9,
02OA039,2,1988,223,20.94,
02OA039,2,1988,224,21.03,
02OA039,2,1988,225,20.92,
02OA039,2,1988,226,20.87,
02OA039,2,1988,227,20.94,
02OA039,2,1988,228,20.97,
02OA039,2,1988,229,21.04,
02OA039,2,1988,230,21.01,
02OA039,2,1988,231,20.96,
02OA039,2,1988,232,20.96,
02OA039,2,1988,233,21.01,
02OA039,2,1988,234,20.99,
02OA039,2,1988,235,20.96,
02OA039,2,1988,236,20.96,
02OA039,2,1988,237,20.97,
02OA039,2,1988,238,21.05,
02OA039,2,1988,239,21.13,
02OA039,2,1988,240,21.01,
02OA039,2,1988,241,21.02,
02OA039,2,1988,242,21.06,
02OA039,2,1988,243,20.96,
02OA039,2,1988,244,20.97,
02OA039,2,1988,245,21.04,
02OA039,2,1988,246,21.08,
02OA039,2,1988,247,20.99,
02OA039,2,1988,248,21.06,
02OA039,2,1988,249,20.99,
02OA039,2,1988,250,20.98,
02OA039,2,1988,251,20.95,
02OA039,2,1988,252,20.93,
02OA039,2,1988,253,20.92,
02OA039,2,1988,254,21.02,
02OA039,2,1988,255,20.99,
02OA039,2,1988,256,20.97,
02OA039,2,1988,257,20.94,
02OA039,2,1988,258,21.01,
02OA039,2,1988,259,20.97,
02OA039,2,1988,260,20.98,
02OA039,2,1988,261,20.91,
02OA039,2,1988,262,20.99,
02OA039,2,1988,263,20.98,
02OA039,2,1988,264,20.98,
02OA039,2,1988,265,20.9,
02OA039,2,1988,266,20.94,
02OA039,2,1988,267,20.95,
02OA039,2,1988,268,20.95,
02OA039,2,1988,269,20.93,
02OA039,2,1988,270,20.9,
02OA039,2,1988,271,20.89,
02OA039,2,1988,272,20.88,
02OA039,2,1988,273,20.93,
02OA039,2,1988,274,20.91,
02OA039,2,1988,275,20.92,
02OA039,2,1988,276,20.89,
02OA039,2,1988,277,20.97,
02OA039,2,1988,278,20.91,
02OA039,2,1988,279,20.93,
02OA039,2,1988,280,21.01,
02OA039,2,1988,281,21.06,
02OA039,2,1988,282,21.05,
02OA039,2,1988,283,20.97,
02OA039,2,1988,284,21.05,
02OA039,2,1988,285,21.08,
02OA039,2,1988,286,21.11,
02OA039,2,1988,287,21.02,
02OA039,2,1988,288,21.09,
02OA039,2,1988,289,21.03,
02OA039,2,1988,290,21.04,
02OA039,2,1988,291,21.14,
02OA039,2,1988,292,21.1,
02OA039,2,1988,293,21.04,
02OA039,2,1988,294,21.08,
02OA039,2,1988,295,21.07,
02OA039,2,1988,296,21.06,
02OA039,2,1988,297,21.23,
02OA039,2,1988,298,21.28,
02OA039,2,1988,299,21.31,
02OA039,2,1988,300,21.44,
02OA039,2,1988,301,21.36,
02OA039,2,1988,302,21.42,
02OA039,2,1988,303,21.4,
02OA039,2,1988,304,21.39,
02OA039,2,1988,305,21.34,
02OA039,2,1988,306,21.24,
02OA039,2,1988,307,21.33,
02OA039,2,1988,308,21.49,
02OA039,2,1988,309,21.39,
02OA039,2,1988,310,21.36,
02OA039,2,1988,311,21.41,
02OA039,2,1988,312,21.68,
02OA039,2,1988,313,21.74,
02OA039,2,1988,314,21.64,
02OA039,2,1988,315,21.64,
02OA039,2,1988,316,21.55,
02OA039,2,1988,317,21.42,
02OA039,2,1988,318,21.49,
02OA039,2,1988,319,21.55,
02OA039,2,1988,320,21.54,
02OA039,2,1988,321,21.52,
02OA039,2,1988,322,21.53,
02OA039,2,1988,323,21.51,
02OA039,2,1988,324,21.48,
02OA039,2,1988,325,21.41,
02OA039,2,1988,326,21.51,
02OA039,2,1988,327,21.62,
02OA039,2,1988,328,21.55,
02OA039,2,1988,329,21.52,
02OA039,2,1988,330,21.52,
02OA039,2,1988,331,21.47,
02OA039,2,1988,332,21.47,
02OA039,2,1988,333,21.51,
02OA039,2,1988,334,21.54,
02OA039,2,1988,335,21.47,
02OA039,2,1988,336,21.43,
02OA039,2,1988,337,21.39,
02OA039,2,1988,338,21.37,
02OA039,2,1988,339,21.33,
02OA039,2,1988,340,21.31,
02OA039,2,1988,341,21.33,
02OA039,2,1988,342,21.31,
02OA039,2,1988,343,21.3,
02OA039,2,1988,344,21.3,
02OA039,2,1988,345,21.23,
02OA039,2,1988,346,21.22,
02OA039,2,1988,347,21.25,
02OA039,2,1988,348,21.26,
02OA039,2,1988,349,21.24,
02OA039,2,1988,350,21.25,
02OA039,2,1988,351,21.25,
02OA039,2,1988,352,21.24,
02OA039,2,1988,353,21.34,
02OA039,2,1988,354,21.32,
02OA039,2,1988,355,21.27,
02OA039,2,1988,356,21.17,
02OA039,2,1988,357,,
02OA039,2,1988,358,21.14,
02OA039,2,1988,359,21.09,
02OA039,2,1988,360,21,
02OA039,2,1988,361,21,
02OA039,2,1988,362,21.05,
02OA039,2,1988,363,21.15,
02OA039,2,1988,364,21.08,
02OA039,2,1988,365,21.13,
02OA039,2,1988,366,21.12,
02OA039,2,1989,1,21.14,
02OA039,2,1989,2,21.27,
02OA039,2,1989,3,21.22,
02OA039,2,1989,4,,
02OA039,2,1989,5,,
02OA039,2,1989,6,,
02OA039,2,1989,7,,
02OA039,2,1989,8,21.28,
02OA039,2,1989,9,21.07,
02OA039,2,1989,10,21.25,
02OA039,2,1989,11,21.26,
02OA039,2,1989,12,21.34,
02OA039,2,1989,13,21.32,
02OA039,2,1989,14,21.41,
02OA039,2,1989,15,21.14,
02OA039,2,1989,16,21.14,
02OA039,2,1989,17,21.23,
02OA039,2,1989,18,21.15,
02OA039,2,1989,19,21,
02OA039,2,1989,20,20.94,
02OA039,2,1989,21,20.87,
02OA039,2,1989,22,20.84,
02OA039,2,1989,23,20.95,
02OA039,2,1989,24,20.98,
02OA039,2,1989,25,21.05,
02OA039,2,1989,26,21.19,
02OA039,2,1989,27,21.27,
02OA039,2,1989,28,21.26,
02OA039,2,1989,29,20.92,
02OA039,2,1989,30,20.78,
02OA039,2,1989,31,20.85,
02OA039,2,1989,32,20.87,
02OA039,2,1989,33,21.16,
02OA039,2,1989,34,21.29,
02OA039,2,1989,35,21.39,
02OA039,2,1989,36,21.42,
02OA039,2,1989,37,21.33,
02OA039,2,1989,38,21.33,
02OA039,2,1989,39,21.33,
02OA039,2,1989,40,21.28,
02OA039,2,1989,41,21.31,
02OA039,2,1989,42,21.17,
02OA039,2,1989,43,21.05,
02OA039,2,1989,44,21.09,
02OA039,2,1989,45,21.05,
02OA039,2,1989,46,21.09,
02OA039,2,1989,47,21.17,
02OA039,2,1989,48,21.34,
02OA039,2,1989,49,21.38,
02OA039,2,1989,50,21.18,
02OA039,2,1989,51,21.02,
02OA039,2,1989,52,21.05,
02OA039,2,1989,53,21.05,
02OA039,2,1989,54,21.18,
02OA039,2,1989,55,21.21,
02OA039,2,1989,56,21.09,
02OA039,2,1989,57,20.85,
02OA039,2,1989,58,20.88,
02OA039,2,1989,59,21,
02OA039,2,1989,60,20.96,
02OA039,2,1989,61,21.03,
02OA039,2,1989,62,21.11,
02OA039,2,1989,63,21.06,
02OA039,2,1989,64,21.12,
02OA039,2,1989,65,21.19,
02OA039,2,1989,66,,
02OA039,2,1989,67,,
02OA039,2,1989,68,20.92,
02OA039,2,1989,69,20.83,
02OA039,2,1989,70,20.78,
02OA039,2,1989,71,20.71,
02OA039,2,1989,72,20.84,
02OA039,2,1989,73,20.75,
02OA039,2,1989,74,20.59,
02OA039,2,1989,75,20.9,
02OA039,2,1989,76,21,
02OA039,2,1989,77,21.01,
02OA039,2,1989,78,20.82,
02OA039,2,1989,79,20.77,
02OA039,2,1989,80,20.72,
02OA039,2,1989,81,20.7,
02OA039,2,1989,82,20.7,
02OA039,2,1989,83,20.71,
02OA039,2,1989,84,20.7,
02OA039,2,1989,85,20.71,
02OA039,2,1989,86,20.86,
02OA039,2,1989,87,21.12,
02OA039,2,1989,88,21.43,
02OA039,2,1989,89,21.52,
02OA039,2,1989,90,21.55,
02OA039,2,1989,91,21.34,
02OA039,2,1989,92,21.1,
02OA039,2,1989,93,21.08,
02OA039,2,1989,94,21.04,
02OA039,2,1989,95,21.16,
02OA039,2,1989,96,21.24,
02OA039,2,1989,97,21.23,
02OA039,2,1989,98,21.17,
02OA039,2,1989,99,21.15,
02OA039,2,1989,100,21.1,
02OA039,2,1989,101,20.97,
02OA039,2,1989,102,20.94,
02OA039,2,1989,103,20.91,
02OA039,2,1989,104,20.92,
02OA039,2,1989,105,20.96,
02OA039,2,1989,106,21.03,
02OA039,2,1989,107,21,
02OA039,2,1989,108,20.99,
02OA039,2,1989,109,21.03,
02OA039,2,1989,110,20.96,
02OA039,2,1989,111,20.93,
02OA039,2,1989,112,21.03,
02OA039,2,1989,113,20.99,
02OA039,2,1989,114,20.98,
02OA039,2,1989,115,20.97,
02OA039,2,1989,116,20.94,
02OA039,2,1989,117,20.92,
02OA039,2,1989,118,20.9,
02OA039,2,1989,119,20.89,
02OA039,2,1989,120,20.99,
02OA039,2,1989,121,20.98,
02OA039,2,1989,122,20.9,
02OA039,2,1989,123,21.03,
02OA039,2,1989,124,21.07,
02OA039,2,1989,125,21.14,
02OA039,2,1989,126,21.15,
02OA039,2,1989,127,21.21,
02OA039,2,1989,128,21.2,
02OA039,2,1989,129,21.17,
02OA039,2,1989,130,21.17,
02OA039,2,1989,131,21.18,
02OA039,2,1989,132,21.21,
02OA039,2,1989,133,21.24,
02OA039,2,1989,134,21.26,
02OA039,2,1989,135,21.25,
02OA039,2,1989,136,21.28,
02OA039,2,1989,137,21.24,
02OA039,2,1989,138,21.14,
02OA039,2,1989,139,21.09,
02OA039,2,1989,140,21.15,
02OA039,2,1989,141,21.27,
02OA039,2,1989,142,21.31,
02OA039,2,1989,143,21.24,
02OA039,2,1989,144,21.21,
02OA039,2,1989,145,21.23,
02OA039,2,1989,146,21.2,
02OA039,2,1989,147,21.26,
02OA039,2,1989,148,21.25,
02OA039,2,1989,149,21.21,
02OA039,2,1989,150,21.23,
02OA039,2,1989,151,21.25,
02OA039,2,1989,152,21.29,
02OA039,2,1989,153,21.3,
02OA039,2,1989,154,21.33,
02OA039,2,1989,155,21.38,
02OA039,2,1989,156,21.37,
02OA039,2,1989,157,21.37,
02OA039,2,1989,158,21.4,
02OA039,2,1989,159,21.37,
02OA039,2,1989,160,21.31,
02OA039,2,1989,161,21.35,
02OA039,2,1989,162,21.49,
02OA039,2,1989,163,21.38,
02OA039,2,1989,164,21.43,
02OA039,2,1989,165,21.42,
02OA039,2,1989,166,21.46,
02OA039,2,1989,167,21.45,
02OA039,2,1989,168,21.51,
02OA039,2,1989,169,21.61,
02OA039,2,1989,170,21.61,
02OA039,2,1989,171,21.59,
02OA039,2,1989,172,21.54,
02OA039,2,1989,173,21.46,
02OA039,2,1989,174,21.44,
02OA039,2,1989,175,21.42,
02OA039,2,1989,176,21.44,
02OA039,2,1989,177,21.39,
02OA039,2,1989,178,21.42,
02OA039,2,1989,179,21.39,
02OA039,2,1989,180,21.35,
02OA039,2,1989,181,21.3,
02OA039,2,1989,182,21.38,
02OA039,2,1989,183,21.41,
02OA039,2,1989,184,21.37,
02OA039,2,1989,185,21.35,
02OA039,2,1989,186,21.39,
02OA039,2,1989,187,21.4,
02OA039,2,1989,188,21.4,
02OA039,2,1989,189,21.37,
02OA039,2,1989,190,21.34,
02OA039,2,1989,191,21.32,
02OA039,2,1989,192,21.36,
02OA039,2,1989,193,21.4,
02OA039,2,1989,194,21.33,
02OA039,2,1989,195,21.37,
02OA039,2,1989,196,21.35,
02OA039,2,1989,197,21.28,
02OA039,2,1989,198,21.32,
02OA039,2,1989,199,21.32,
02OA039,2,1989,200,21.32,
02OA039,2,1989,201,21.26,
02OA039,2,1989,202,21.27,
02OA039,2,1989,203,21.28,
02OA039,2,1989,204,21.25,
02OA039,2,1989,205,21.23,
02OA039,2,1989,206,21.23,
02OA039,2,1989,207,21.18,
02OA039,2,1989,208,21.22,
02OA039,2,1989,209,21.25,
02OA039,2,1989,210,21.21,
02OA039,2,1989,211,21.18,
02OA039,2,1989,212,21.2,
02OA039,2,1989,213,21.19,
02OA039,2,1989,214,21.21,
02OA039,2,1989,215,21.2,
02OA039,2,1989,216,21.24,
02OA039,2,1989,217,21.22,
02OA039,2,1989,218,21.21,
02OA039,2,1989,219,21.18,
02OA039,2,1989,220,21.19,
02OA039,2,1989,221,21.17,
02OA039,2,1989,222,21.15,
02OA039,2,1989,223,21.19,
02OA039,2,1989,224,21.12,
02OA039,2,1989,225,21.16,
02OA039,2,1989,226,21.16,
02OA039,2,1989,227,21.16,
02OA039,2,1989,228,21.16,
02OA039,2,1989,229,21.16,
02OA039,2,1989,230,21.14,
02OA039,2,1989,231,21.11,
02OA039,2,1989,232,21.18,
02OA039,2,1989,233,21.2,
02OA039,2,1989,234,21.19,
02OA039,2,1989,235,21.18,
02OA039,2,1989,236,21.16,
02OA039,2,1989,237,21.14,
02OA039,2,1989,238,21.11,
02OA039,2,1989,239,21.09,
02OA039,2,1989,240,21.11,
02OA039,2,1989,241,21.11,
02OA039,2,1989,242,21.07,
02OA039,2,1989,243,21.05,
02OA039,2,1989,244,21.06,
02OA039,2,1989,245,21.06,
02OA039,2,1989,246,21.11,
02OA039,2,1989,247,21.06,
02OA039,2,1989,248,21.05,
02OA039,2,1989,249,21.09,
02OA039,2,1989,250,21.07,
02OA039,2,1989,251,21.06,
02OA039,2,1989,252,21.04,
02OA039,2,1989,253,21.03,
02OA039,2,1989,254,21.06,
02OA039,2,1989,255,21.06,
02OA039,2,1989,256,21.05,
02OA039,2,1989,257,21.06,
02OA039,2,1989,258,21.06,
02OA039,2,1989,259,21.09,
02OA039,2,1989,260,21.01,
02OA039,2,1989,261,21.04,
02OA039,2,1989,262,21.07,
02OA039,2,1989,263,21.1,
02OA039,2,1989,264,21.06,
02OA039,2,1989,265,21.08,
02OA039,2,1989,266,21.12,
02OA039,2,1989,267,21.03,
02OA039,2,1989,268,20.99,
02OA039,2,1989,269,21.06,
02OA039,2,1989,270,21.03,
02OA039,2,1989,271,21.08,
02OA039,2,1989,272,21.06,
02OA039,2,1989,273,21.03,
02OA039,2,1989,274,20.97,
02OA039,2,1989,275,21,
02OA039,2,1989,276,21.07,
02OA039,2,1989,277,20.99,
02OA039,2,1989,278,20.94,
02OA039,2,1989,279,20.97,
02OA039,2,1989,280,20.93,
02OA039,2,1989,281,20.93,
02OA039,2,1989,282,20.93,
02OA039,2,1989,283,20.94,
02OA039,2,1989,284,20.92,
02OA039,2,1989,285,21.01,
02OA039,2,1989,286,21,
02OA039,2,1989,287,20.98,
02OA039,2,1989,288,20.93,
02OA039,2,1989,289,20.95,
02OA039,2,1989,290,20.98,
02OA039,2,1989,291,20.95,
02OA039,2,1989,292,20.99,
02OA039,2,1989,293,21,
02OA039,2,1989,294,21.18,
02OA039,2,1989,295,21.13,
02OA039,2,1989,296,21.08,
02OA039,2,1989,297,21.07,
02OA039,2,1989,298,21.04,
02OA039,2,1989,299,21.02,
02OA039,2,1989,300,21.04,
02OA039,2,1989,301,21.02,
02OA039,2,1989,302,21.04,
02OA039,2,1989,303,21.03,
02OA039,2,1989,304,21.04,
02OA039,2,1989,305,21.03,
02OA039,2,1989,306,21.05,
02OA039,2,1989,307,21.03,
02OA039,2,1989,308,21.02,
02OA039,2,1989,309,21.03,
02OA039,2,1989,310,21.09,
02OA039,2,1989,311,21.08,
02OA039,2,1989,312,21.01,
02OA039,2,1989,313,21.05,
02OA039,2,1989,314,21.18,
02OA039,2,1989,315,21.18,
02OA039,2,1989,316,21.18,
02OA039,2,1989,317,21.14,
02OA039,2,1989,318,21.14,
02OA039,2,1989,319,21.26,
02OA039,2,1989,320,21.37,
02OA039,2,1989,321,21.48,
02OA039,2,1989,322,21.49,
02OA039,2,1989,323,21.46,
02OA039,2,1989,324,21.52,
02OA039,2,1989,325,21.55,
02OA039,2,1989,326,21.54,
02OA039,2,1989,327,21.5,
02OA039,2,1989,328,21.46,
02OA039,2,1989,329,21.42,
02OA039,2,1989,330,21.4,
02OA039,2,1989,331,21.46,
02OA039,2,1989,332,21.43,
02OA039,2,1989,333,21.44,
02OA039,2,1989,334,21.41,
02OA039,2,1989,335,21.41,
02OA039,2,1989,336,21.41,
02OA039,2,1989,337,21.42,
02OA039,2,1989,338,21.49,
02OA039,2,1989,339,21.47,
02OA039,2,1989,340,21.41,
02OA039,2,1989,341,21.36,
02OA039,2,1989,342,21.39,
02OA039,2,1989,343,21.44,
02OA039,2,1989,344,21.43,
02OA039,2,1989,345,21.48,
02OA039,2,1989,346,21.41,
02OA039,2,1989,347,,
02OA039,2,1989,348,,
02OA039,2,1989,349,,
02OA039,2,1989,350,,
02OA039,2,1989,351,,
02OA039,2,1989,352,,
02OA039,2,1989,353,21.69,
02OA039,2,1989,354,21.55,
02OA039,2,1989,355,21.43,
02OA039,2,1989,356,21.21,
02OA039,2,1989,357,21.17,
02OA039,2,1989,358,21.29,
02OA039,2,1989,359,21.35,
02OA039,2,1989,360,21.32,
02OA039,2,1989,361,21.25,
02OA039,2,1989,362,21.27,
02OA039,2,1989,363,21.42,
02OA039,2,1989,364,21.5,
02OA039,2,1989,365,21.51,
02OA039,2,1990,1,21.33,
02OA039,2,1990,2,21.33,
02OA039,2,1990,3,21.33,
02OA039,2,1990,4,21.17,
02OA039,2,1990,5,21.1,
02OA039,2,1990,6,21.07,
02OA039,2,1990,7,21.13,
02OA039,2,1990,8,21.2,
02OA039,2,1990,9,21.17,
02OA039,2,1990,10,21.17,
02OA039,2,1990,11,21.17,
02OA039,2,1990,12,21.16,
02OA039,2,1990,13,21.07,
02OA039,2,1990,14,21.06,
02OA039,2,1990,15,21.32,
02OA039,2,1990,16,21.54,
02OA039,2,1990,17,21.54,
02OA039,2,1990,18,21.34,
02OA039,2,1990,19,21.33,
02OA039,2,1990,20,21.47,
02OA039,2,1990,21,21.36,
02OA039,2,1990,22,21.37,
02OA039,2,1990,23,21.4,
02OA039,2,1990,24,21.37,
02OA039,2,1990,25,21.32,
02OA039,2,1990,26,21.29,
02OA039,2,1990,27,21.37,
02OA039,2,1990,28,21.35,
02OA039,2,1990,29,21.35,
02OA039,2,1990,30,21.33,
02OA039,2,1990,31,21.29,
02OA039,2,1990,32,21.28,
02OA039,2,1990,33,21.32,
02OA039,2,1990,34,21.56,
02OA039,2,1990,35,21.69,
02OA039,2,1990,36,21.75,
02OA039,2,1990,37,21.59,
02OA039,2,1990,38,21.35,
02OA039,2,1990,39,21.2,
02OA039,2,1990,40,21.14,
02OA039,2,1990,41,21.3,
02OA039,2,1990,42,21.51,
02OA039,2,1990,43,21.54,
02OA039,2,1990,44,21.41,
02OA039,2,1990,45,21.3,
02OA039,2,1990,46,21.46,
02OA039,2,1990,47,21.57,
02OA039,2,1990,48,21.53,
02OA039,2,1990,49,21.63,
02OA039,2,1990,50,21.54,
02OA039,2,1990,51,21.32,
02OA039,2,1990,52,21.43,
02OA039,2,1990,53,21.28,
02OA039,2,1990,54,21.24,
02OA039,2,1990,55,21.37,
02OA039,2,1990,56,21.49,
02OA039,2,1990,57,21.57,
02OA039,2,1990,58,21.59,
02OA039,2,1990,59,21.59,
02OA039,2,1990,60,21.54,
02OA039,2,1990,61,21.33,
02OA039,2,1990,62,21.27,
02OA039,2,1990,63,21.25,
02OA039,2,1990,64,21.33,
02OA039,2,1990,65,21.29,
02OA039,2,1990,66,21.22,
02OA039,2,1990,67,21.19,
02OA039,2,1990,68,21.15,
02OA039,2,1990,69,21.15,
02OA039,2,1990,70,21.13,
02OA039,2,1990,71,21.16,
02OA039,2,1990,72,21.22,
02OA039,2,1990,73,21.34,
02OA039,2,1990,74,21.41,
02OA039,2,1990,75,21.5,
02OA039,2,1990,76,21.68,
02OA039,2,1990,77,22.05,
02OA039,2,1990,78,21.91,
02OA039,2,1990,79,21.74,
02OA039,2,1990,80,21.78,
02OA039,2,1990,81,21.78,
02OA039,2,1990,82,21.75,
02OA039,2,1990,83,21.75,
02OA039,2,1990,84,21.78,
02OA039,2,1990,85,21.75,
02OA039,2,1990,86,21.72,
02OA039,2,1990,87,21.69,
02OA039,2,1990,88,21.61,
02OA039,2,1990,89,21.59,
02OA039,2,1990,90,21.53,
02OA039,2,1990,91,21.5,
02OA039,2,1990,92,,
02OA039,2,1990,93,,
02OA039,2,1990,94,,
02OA039,2,1990,95,,
02OA039,2,1990,96,,
02OA039,2,1990,97,,
02OA039,2,1990,98,,
02OA039,2,1990,99,,
02OA039,2,1990,100,,
02OA039,2,1990,101,,
02OA039,2,1990,102,,
02OA039,2,1990,103,,
02OA039,2,1990,104,,
02OA039,2,1990,105,,
02OA039,2,1990,106,,
02OA039,2,1990,107,,
02OA039,2,1990,108,,
02OA039,2,1990,109,,
02OA039,2,1990,110,,
02OA039,2,1990,111,,
02OA039,2,1990,112,,
02OA039,2,1990,113,,
02OA039,2,1990,114,,
02OA039,2,1990,115,,
02OA039,2,1990,116,,
02OA039,2,1990,117,,
02OA039,2,1990,118,,
02OA039,2,1990,119,,
02OA039,2,1990,120,,
02OA039,2,1990,121,21.88,
02OA039,2,1990,122,21.88,
02OA039,2,1990,123,21.81,
02OA039,2,1990,124,21.76,
02OA039,2,1990,125,21.76,
02OA039,2,1990,126,21.76,
02OA039,2,1990,127,21.7,
02OA039,2,1990,128,21.65,
02OA039,2,1990,129,21.6,
02OA039,2,1990,130,21.52,
02OA039,2,1990,131,21.54,
02OA039,2,1990,132,21.51,
02OA039,2,1990,133,21.46,
02OA039,2,1990,134,21.43,
02OA039,2,1990,135,21.47,
02OA039,2,1990,136,21.5,
02OA039,2,1990,137,21.45,
02OA039,2,1990,138,21.48,
02OA039,2,1990,139,21.55,
02OA039,2,1990,140,21.59,
02OA039,2,1990,141,21.66,
02OA039,2,1990,142,21.77,
02OA039,2,1990,143,21.76,
02OA039,2,1990,144,21.76,
02OA039,2,1990,145,21.77,
02OA039,2,1990,146,21.76,
02OA039,2,1990,147,21.73,
02OA039,2,1990,148,21.66,
02OA039,2,1990,149,21.59,
02OA039,2,1990,150,21.65,
02OA039,2,1990,151,21.64,
02OA039,2,1990,152,21.61,
02OA039,2,1990,153,21.55,
02OA039,2,1990,154,21.56,
02OA039,2,1990,155,21.55,
02OA039,2,1990,156,21.52,
02OA039,2,1990,157,21.51,
02OA039,2,1990,158,21.57,
02OA039,2,1990,159,21.55,
02OA039,2,1990,160,21.48,
02OA039,2,1990,161,21.46,
02OA039,2,1990,162,21.49,
02OA039,2,1990,163,21.53,
02OA039,2,1990,164,21.5,
02OA039,2,1990,165,21.46,
02OA039,2,1990,166,21.47,
02OA039,2,1990,167,21.44,
02OA039,2,1990,168,21.41,
02OA039,2,1990,169,21.45,
02OA039,2,1990,170,21.49,
02OA039,2,1990,171,21.41,
02OA039,2,1990,172,21.47,
02OA039,2,1990,173,21.47,
02OA039,2,1990,174,21.42,
02OA039,2,1990,175,21.42,
02OA039,2,1990,176,21.42,
02OA039,2,1990,177,21.41,
02OA039,2,1990,178,21.42,
02OA039,2,1990,179,21.41,
02OA039,2,1990,180,21.39,
02OA039,2,1990,181,21.38,
02OA039,2,1990,182,21.42,
02OA039,2,1990,183,21.42,
02OA039,2,1990,184,21.42,
02OA039,2,1990,185,21.44,
02OA039,2,1990,186,21.42,
02OA039,2,1990,187,21.44,
02OA039,2,1990,188,21.44,
02OA039,2,1990,189,21.39,
02OA039,2,1990,190,21.38,
02OA039,2,1990,191,21.35,
02OA039,2,1990,192,21.34,
02OA039,2,1990,193,21.32,
02OA039,2,1990,194,21.33,
02OA039,2,1990,195,21.32,
02OA039,2,1990,196,21.37,
02OA039,2,1990,197,21.37,
02OA039,2,1990,198,21.33,
02OA039,2,1990,199,21.31,
02OA039,2,1990,200,21.31,
02OA039,2,1990,201,21.33,
02OA039,2,1990,202,21.33,
02OA039,2,1990,203,21.28,
02OA039,2,1990,204,21.28,
02OA039,2,1990,205,21.36,
02OA039,2,1990,206,21.33,
02OA039,2,1990,207,21.3,
02OA039,2,1990,208,21.25,
02OA039,2,1990,209,21.24,
02OA039,2,1990,210,21.24,
02OA039,2,1990,211,21.23,
02OA039,2,1990,212,21.21,
02OA039,2,1990,213,21.18,
02OA039,2,1990,214,21.19,
02OA039,2,1990,215,21.17,
02OA039,2,1990,216,21.17,
02OA039,2,1990,217,21.17,
02OA039,2,1990,218,21.16,
02OA039,2,1990,219,21.27,
02OA039,2,1990,220,21.23,
02OA039,2,1990,221,21.12,
02OA039,2,1990,222,21.15,
02OA039,2,1990,223,21.15,
02OA039,2,1990,224,21.1,
02OA039,2,1990,225,21.1,
02OA039,2,1990,226,21.19,
02OA039,2,1990,227,21.21,
02OA039,2,1990,228,21.15,
02OA039,2,1990,229,21.22,
02OA039,2,1990,230,21.18,
02OA039,2,1990,231,21.21,
02OA039,2,1990,232,21.19,
02OA039,2,1990,233,21.12,
02OA039,2,1990,234,21.15,
02OA039,2,1990,235,21.19,
02OA039,2,1990,236,21.16,
02OA039,2,1990,237,21.16,
02OA039,2,1990,238,21.16,
02OA039,2,1990,239,21.13,
02OA039,2,1990,240,21.08,
02OA039,2,1990,241,21.14,
02OA039,2,1990,242,21.17,
02OA039,2,1990,243,21.09,
02OA039,2,1990,244,21.14,
02OA039,2,1990,245,21.14,
02OA039,2,1990,246,21.1,
02OA039,2,1990,247,21.09,
02OA039,2,1990,248,21.12,
02OA039,2,1990,249,21.11,
02OA039,2,1990,250,21.13,
02OA039,2,1990,251,21.1,
02OA039,2,1990,252,21.09,
02OA039,2,1990,253,21.05,
02OA039,2,1990,254,21.05,
02OA039,2,1990,255,21.04,
02OA039,2,1990,256,21.05,
02OA039,2,1990,257,21.08,
02OA039,2,1990,258,21.09,
02OA039,2,1990,259,21.03,
02OA039,2,1990,260,20.98,
02OA039,2,1990,261,20.95,
02OA039,2,1990,262,21.06,
02OA039,2,1990,263,21.03,
02OA039,2,1990,264,21.02,
02OA039,2,1990,265,21.08,
02OA039,2,1990,266,21.04,
02OA039,2,1990,267,20.98,
02OA039,2,1990,268,20.94,
02OA039,2,1990,269,20.97,
02OA039,2,1990,270,20.95,
02OA039,2,1990,271,20.99,
02OA039,2,1990,272,21.03,
02OA039,2,1990,273,21.06,
02OA039,2,1990,274,21.06,
02OA039,2,1990,275,21.03,
02OA039,2,1990,276,21.03,
02OA039,2,1990,277,21.02,
02OA039,2,1990,278,21.13,
02OA039,2,1990,279,21.07,
02OA039,2,1990,280,21,
02OA039,2,1990,281,20.99,
02OA039,2,1990,282,21.07,
02OA039,2,1990,283,21.15,
02OA039,2,1990,284,21.11,
02OA039,2,1990,285,21.24,
02OA039,2,1990,286,21.25,
02OA039,2,1990,287,21.28,
02OA039,2,1990,288,21.26,
02OA039,2,1990,289,21.27,
02OA039,2,1990,290,21.25,
02OA039,2,1990,291,21.2,
02OA039,2,1990,292,21.27,
02OA039,2,1990,293,21.28,
02OA039,2,1990,294,21.29,
02OA039,2,1990,295,21.33,
02OA039,2,1990,296,21.34,
02OA039,2,1990,297,21.34,
02OA039,2,1990,298,21.42,
02OA039,2,1990,299,21.41,
02OA039,2,1990,300,21.49,
02OA039,2,1990,301,21.43,
02OA039,2,1990,302,21.43,
02OA039,2,1990,303,21.43,
02OA039,2,1990,304,21.42,
02OA039,2,1990,304,,
02OA039,2,1990,305,,
02OA039,2,1990,306,,
02OA039,2,1990,307,,
02OA039,2,1990,308,,
02OA039,2,1990,309,,
02OA039,2,1990,310,,
02OA039,2,1990,311,,
02OA039,2,1990,312,,
02OA039,2,1990,313,,
02OA039,2,1990,314,,
02OA039,2,1990,315,,
02OA039,2,1990,316,,
02OA039,2,1990,317,,
02OA039,2,1990,318,,
02OA039,2,1990,319,,
02OA039,2,1990,320,,
02OA039,2,1990,321,,
02OA039,2,1990,322,,
02OA039,2,1990,323,,
02OA039,2,1990,324,,
02OA039,2,1990,325,,
02OA039,2,1990,326,,
02OA039,2,1990,327,,
02OA039,2,1990,328,,
02OA039,2,1990,329,,
02OA039,2,1990,330,,
02OA039,2,1990,331,,
02OA039,2,1990,332,,
02OA039,2,1990,333,,
02OA039,2,1990,335,,
02OA039,2,1990,336,,
02OA039,2,1990,337,,
02OA039,2,1990,338,21.49,
02OA039,2,1990,339,21.65,
02OA039,2,1990,340,21.61,
02OA039,2,1990,341,21.51,
02OA039,2,1990,342,21.53,
02OA039,2,1990,343,21.59,
02OA039,2,1990,344,21.59,
02OA039,2,1990,345,21.55,
02OA039,2,1990,346,21.56,
02OA039,2,1990,347,21.48,
02OA039,2,1990,348,21.54,
02OA039,2,1990,349,21.45,
02OA039,2,1990,350,21.42,
02OA039,2,1990,351,21.39,
02OA039,2,1990,352,21.24,
02OA039,2,1990,353,21.2,
02OA039,2,1990,354,21.3,
02OA039,2,1990,355,21.27,
02OA039,2,1990,356,21.28,
02OA039,2,1990,357,21.24,
02OA039,2,1990,358,21.44,
02OA039,2,1990,359,21.44,
02OA039,2,1990,360,21.31,
02OA039,2,1990,361,21.26,
02OA039,2,1990,362,21.2,
02OA039,2,1990,363,21.25,
02OA039,2,1990,364,21.2,
02OA039,2,1990,365,21.58,
02OA039,2,1991,1,21.82,
02OA039,2,1991,2,21.7,
02OA039,2,1991,3,21.44,
02OA039,2,1991,4,21.41,
02OA039,2,1991,5,21.5,
02OA039,2,1991,6,21.2,
02OA039,2,1991,7,21.17,
02OA039,2,1991,8,21.26,
02OA039,2,1991,9,21.4,
02OA039,2,1991,10,21.38,
02OA039,2,1991,11,21.62,
02OA039,2,1991,12,21.64,
02OA039,2,1991,13,21.6,
02OA039,2,1991,14,21.63,
02OA039,2,1991,15,21.53,
02OA039,2,1991,16,21.44,
02OA039,2,1991,17,21.37,
02OA039,2,1991,18,21.21,
02OA039,2,1991,19,21.26,
02OA039,2,1991,20,21.38,
02OA039,2,1991,21,21.47,
02OA039,2,1991,22,21.59,
02OA039,2,1991,23,21.77,
02OA039,2,1991,24,21.77,
02OA039,2,1991,25,21.81,
02OA039,2,1991,26,21.76,
02OA039,2,1991,27,21.76,
02OA039,2,1991,28,21.66,
02OA039,2,1991,29,21.48,
02OA039,2,1991,30,21.46,
02OA039,2,1991,31,21.43,
02OA039,2,1991,32,21.55,
02OA039,2,1991,33,21.64,
02OA039,2,1991,34,21.5,
02OA039,2,1991,35,21.39,
02OA039,2,1991,36,21.36,
02OA039,2,1991,37,21.39,
02OA039,2,1991,38,21.43,
02OA039,2,1991,39,21.43,
02OA039,2,1991,40,21.48,
02OA039,2,1991,41,21.52,
02OA039,2,1991,42,21.6,
02OA039,2,1991,43,21.73,
02OA039,2,1991,44,21.78,
02OA039,2,1991,45,21.77,
02OA039,2,1991,46,21.8,
02OA039,2,1991,47,21.73,
02OA039,2,1991,48,21.78,
02OA039,2,1991,49,21.79,
02OA039,2,1991,50,21.74,
02OA039,2,1991,51,21.69,
02OA039,2,1991,52,21.68,
02OA039,2,1991,53,21.7,
02OA039,2,1991,54,21.87,
02OA039,2,1991,55,21.94,
02OA039,2,1991,56,21.88,
02OA039,2,1991,57,21.81,
02OA039,2,1991,58,21.75,
02OA039,2,1991,59,21.77,
02OA039,2,1991,60,21.71,
02OA039,2,1991,61,21.69,
02OA039,2,1991,62,21.72,
02OA039,2,1991,63,21.87,
02OA039,2,1991,64,21.85,
02OA039,2,1991,65,21.82,
02OA039,2,1991,66,21.85,
02OA039,2,1991,67,21.84,
02OA039,2,1991,68,21.9,
02OA039,2,1991,69,21.86,
02OA039,2,1991,70,21.84,
02OA039,2,1991,71,21.75,
02OA039,2,1991,72,21.71,
02OA039,2,1991,73,21.75,
02OA039,2,1991,74,21.76,
02OA039,2,1991,75,21.83,
02OA039,2,1991,76,21.91,
02OA039,2,1991,77,,
02OA039,2,1991,78,,
02OA039,2,1991,79,,
02OA039,2,1991,80,,
02OA039,2,1991,81,,
02OA039,2,1991,82,,
02OA039,2,1991,83,,
02OA039,2,1991,84,,
02OA039,2,1991,85,,
02OA039,2,1991,86,,
02OA039,2,1991,87,,
02OA039,2,1991,88,,
02OA039,2,1991,89,,
02OA039,2,1991,90,,
02OA039,2,1991,91,,
02OA039,2,1991,92,22.01,
02OA039,2,1991,93,22,
02OA039,2,1991,94,21.98,
02OA039,2,1991,95,21.98,
02OA039,2,1991,96,21.97,
02OA039,2,1991,97,21.99,
02OA039,2,1991,98,22.05,
02OA039,2,1991,99,22.18,
02OA039,2,1991,100,22.35,
02OA039,2,1991,101,22.36,
02OA039,2,1991,102,22.16,
02OA039,2,1991,103,22.12,
02OA039,2,1991,104,22.08,
02OA039,2,1991,105,21.99,
02OA039,2,1991,106,22.11,
02OA039,2,1991,107,22.16,
02OA039,2,1991,108,22.13,
02OA039,2,1991,109,22.11,
02OA039,2,1991,110,22.06,
02OA039,2,1991,111,22.1,
02OA039,2,1991,112,22.33,
02OA039,2,1991,113,22.46,
02OA039,2,1991,114,22.23,
02OA039,2,1991,115,22.2,
02OA039,2,1991,116,22.21,
02OA039,2,1991,117,22.19,
02OA039,2,1991,118,22.21,
02OA039,2,1991,119,22.23,
02OA039,2,1991,120,22.28,
02OA039,2,1991,121,22.22,
02OA039,2,1991,122,22.2,
02OA039,2,1991,123,22.19,
02OA039,2,1991,124,22.24,
02OA039,2,1991,125,22.17,
02OA039,2,1991,126,22.15,
02OA039,2,1991,127,22.18,
02OA039,2,1991,128,22.14,
02OA039,2,1991,129,22.06,
02OA039,2,1991,130,22,
02OA039,2,1991,131,21.98,
02OA039,2,1991,132,21.95,
02OA039,2,1991,133,21.9,
02OA039,2,1991,134,,
02OA039,2,1991,135,,
02OA039,2,1991,136,,
02OA039,2,1991,137,,
02OA039,2,1991,138,,
02OA039,2,1991,139,,
02OA039,2,1991,140,,
02OA039,2,1991,141,,
02OA039,2,1991,142,,
02OA039,2,1991,143,21.58,
02OA039,2,1991,144,21.46,
02OA039,2,1991,145,21.46,
02OA039,2,1991,146,21.43,
02OA039,2,1991,147,21.4,
02OA039,2,1991,148,21.42,
02OA039,2,1991,149,21.38,
02OA039,2,1991,150,21.35,
02OA039,2,1991,151,21.35,
02OA039,2,1991,152,21.42,
02OA039,2,1991,153,21.4,
02OA039,2,1991,154,21.38,
02OA039,2,1991,155,21.37,
02OA039,2,1991,156,21.38,
02OA039,2,1991,157,21.41,
02OA039,2,1991,158,21.43,
02OA039,2,1991,159,21.4,
02OA039,2,1991,160,21.35,
02OA039,2,1991,161,21.31,
02OA039,2,1991,162,21.36,
02OA039,2,1991,163,21.33,
02OA039,2,1991,164,21.27,
02OA039,2,1991,165,21.26,
02OA039,2,1991,166,21.29,
02OA039,2,1991,167,21.33,
02OA039,2,1991,168,21.3,
02OA039,2,1991,169,,
02OA039,2,1991,170,,
02OA039,2,1991,171,,
02OA039,2,1991,172,,
02OA039,2,1991,173,,
02OA039,2,1991,174,,
02OA039,2,1991,175,,
02OA039,2,1991,176,,
02OA039,2,1991,177,,
02OA039,2,1991,178,21.23,
02OA039,2,1991,179,21.32,
02OA039,2,1991,180,21.29,
02OA039,2,1991,181,21.25,
02OA039,2,1991,182,21.25,
02OA039,2,1991,183,21.24,
02OA039,2,1991,184,21.22,
02OA039,2,1991,185,21.29,
02OA039,2,1991,186,21.27,
02OA039,2,1991,187,21.26,
02OA039,2,1991,188,21.15,
02OA039,2,1991,189,21.15,
02OA039,2,1991,190,21.17,
02OA039,2,1991,191,21.16,
02OA039,2,1991,192,21.16,
02OA039,2,1991,193,21.09,
02OA039,2,1991,194,21.17,
02OA039,2,1991,195,21.17,
02OA039,2,1991,196,21.08,
02OA039,2,1991,197,21.06,
02OA039,2,1991,198,21.07,
02OA039,2,1991,199,21.09,
02OA039,2,1991,200,21.06,
02OA039,2,1991,201,21.13,
02OA039,2,1991,202,21.11,
02OA039,2,1991,203,21.08,
02OA039,2,1991,204,21.13,
02OA039,2,1991,205,21.09,
02OA039,2,1991,206,21.05,
02OA039,2,1991,207,21.04,
02OA039,2,1991,208,21.05,
02OA039,2,1991,209,21.04,
02OA039,2,1991,210,21.02,
02OA039,2,1991,211,21,
02OA039,2,1991,212,21.02,
02OA039,2,1991,213,21.03,
02OA039,2,1991,214,21.01,
02OA039,2,1991,215,21,
02OA039,2,1991,216,20.99,
02OA039,2,1991,217,21,
02OA039,2,1991,218,20.99,
02OA039,2,1991,219,20.98,
02OA039,2,1991,220,21,
02OA039,2,1991,221,21.01,
02OA039,2,1991,222,21.05,
02OA039,2,1991,223,21.08,
02OA039,2,1991,224,21.06,
02OA039,2,1991,225,20.96,
02OA039,2,1991,226,20.98,
02OA039,2,1991,227,21.01,
02OA039,2,1991,228,21,
02OA039,2,1991,229,21.01,
02OA039,2,1991,230,21,
02OA039,2,1991,231,20.98,
02OA039,2,1991,232,21,
02OA039,2,1991,233,21.03,
02OA039,2,1991,234,21.05,
02OA039,2,1991,235,21.05,
02OA039,2,1991,236,21.03,
02OA039,2,1991,237,20.93,
02OA039,2,1991,238,21.03,
02OA039,2,1991,239,21.02,
02OA039,2,1991,240,21.02,
02OA039,2,1991,241,20.99,
02OA039,2,1991,242,21,
02OA039,2,1991,243,21.01,
02OA039,2,1991,244,21,
02OA039,2,1991,245,20.98,
02OA039,2,1991,246,20.97,
02OA039,2,1991,247,21.02,
02OA039,2,1991,248,21.06,
02OA039,2,1991,249,21,
02OA039,2,1991,250,20.97,
02OA039,2,1991,251,20.99,
02OA039,2,1991,252,20.9,
02OA039,2,1991,253,20.93,
02OA039,2,1991,254,21,
02OA039,2,1991,255,20.94,
02OA039,2,1991,256,20.95,
02OA039,2,1991,257,20.98,
02OA039,2,1991,258,20.98,
02OA039,2,1991,259,20.96,
02OA039,2,1991,260,20.96,
02OA039,2,1991,261,20.97,
02OA039,2,1991,262,20.95,
02OA039,2,1991,263,20.93,
02OA039,2,1991,264,21,
02OA039,2,1991,265,20.93,
02OA039,2,1991,266,20.89,
02OA039,2,1991,267,20.92,
02OA039,2,1991,268,20.89,
02OA039,2,1991,269,20.96,
02OA039,2,1991,270,20.96,
02OA039,2,1991,271,20.96,
02OA039,2,1991,272,20.89,
02OA039,2,1991,273,20.86,
02OA039,2,1991,274,,
02OA039,2,1991,275,,
02OA039,2,1991,276,20.88,
02OA039,2,1991,277,20.9,
02OA039,2,1991,278,20.93,
02OA039,2,1991,279,20.93,
02OA039,2,1991,280,20.79,
02OA039,2,1991,281,20.82,
02OA039,2,1991,282,20.81,
02OA039,2,1991,283,20.82,
02OA039,2,1991,284,20.89,
02OA039,2,1991,285,20.88,
02OA039,2,1991,286,20.86,
02OA039,2,1991,287,20.85,
02OA039,2,1991,288,20.82,
02OA039,2,1991,289,20.92,
02OA039,2,1991,290,20.89,
02OA039,2,1991,291,20.88,
02OA039,2,1991,292,20.91,
02OA039,2,1991,293,20.9,
02OA039,2,1991,294,20.85,
02OA039,2,1991,295,20.84,
02OA039,2,1991,296,20.84,
02OA039,2,1991,297,20.82,
02OA039,2,1991,298,20.83,
02OA039,2,1991,299,20.85,
02OA039,2,1991,300,20.83,
02OA039,2,1991,301,20.84,
02OA039,2,1991,302,20.87,
02OA039,2,1991,303,20.87,
02OA039,2,1991,304,20.89,
02OA039,2,1991,305,20.94,
02OA039,2,1991,306,20.92,
02OA039,2,1991,307,20.85,
02OA039,2,1991,308,20.81,
02OA039,2,1991,309,20.83,
02OA039,2,1991,310,20.85,
02OA039,2,1991,311,20.83,
02OA039,2,1991,312,20.77,
02OA039,2,1991,313,20.7,
02OA039,2,1991,314,20.66,
02OA039,2,1991,315,20.66,
02OA039,2,1991,316,20.65,
02OA039,2,1991,317,20.7,
02OA039,2,1991,318,20.72,
02OA039,2,1991,319,20.7,
02OA039,2,1991,320,20.71,
02OA039,2,1991,321,20.64,
02OA039,2,1991,322,20.65,
02OA039,2,1991,323,20.69,
02OA039,2,1991,324,20.77,
02OA039,2,1991,325,20.72,
02OA039,2,1991,326,20.78,
02OA039,2,1991,327,20.81,
02OA039,2,1991,328,20.77,
02OA039,2,1991,329,20.74,
02OA039,2,1991,330,20.72,
02OA039,2,1991,331,20.73,
02OA039,2,1991,332,20.82,
02OA039,2,1991,333,20.81,
02OA039,2,1991,334,20.77,
02OA039,2,1991,335,20.72,
02OA039,2,1991,336,20.72,
02OA039,2,1991,337,20.71,
02OA039,2,1991,338,20.82,
02OA039,2,1991,339,20.81,
02OA039,2,1991,340,20.71,
02OA039,2,1991,341,20.82,
02OA039,2,1991,342,20.85,
02OA039,2,1991,343,20.84,
02OA039,2,1991,344,20.81,
02OA039,2,1991,345,20.85,
02OA039,2,1991,346,20.89,
02OA039,2,1991,347,20.9,
02OA039,2,1991,348,20.91,
02OA039,2,1991,349,20.91,
02OA039,2,1991,350,20.87,
02OA039,2,1991,351,20.85,
02OA039,2,1991,352,20.96,
02OA039,2,1991,353,20.95,
02OA039,2,1991,354,20.92,
02OA039,2,1991,355,20.9,
02OA039,2,1991,356,20.84,
02OA039,2,1991,357,20.75,
02OA039,2,1991,358,20.79,
02OA039,2,1991,359,20.84,
02OA039,2,1991,360,20.88,
02OA039,2,1991,361,20.9,
02OA039,2,1991,362,20.93,
02OA039,2,1991,363,20.94,
02OA039,2,1991,364,20.96,
02OA039,2,1991,365,20.99,
02OA039,2,1992,1,20.96,
02OA039,2,1992,2,20.97,
02OA039,2,1992,3,20.88,
02OA039,2,1992,4,20.86,
02OA039,2,1992,5,20.83,
02OA039,2,1992,6,20.83,
02OA039,2,1992,7,20.82,
02OA039,2,1992,8,20.78,
02OA039,2,1992,9,20.85,
02OA039,2,1992,10,20.78,
02OA039,2,1992,11,20.88,
02OA039,2,1992,12,20.85,
02OA039,2,1992,13,20.93,
02OA039,2,1992,14,20.97,
02OA039,2,1992,15,20.82,
02OA039,2,1992,16,,
02OA039,2,1992,17,20.82,
02OA039,2,1992,18,20.91,
02OA039,2,1992,19,21.08,
02OA039,2,1992,20,21.22,
02OA039,2,1992,21,21.29,
02OA039,2,1992,22,21.31,
02OA039,2,1992,23,21.45,
02OA039,2,1992,24,21.36,
02OA039,2,1992,25,21.18,
02OA039,2,1992,26,21.16,
02OA039,2,1992,27,21.33,
02OA039,2,1992,28,21.47,
02OA039,2,1992,29,21.46,
02OA039,2,1992,30,21.25,
02OA039,2,1992,31,21.19,
02OA039,2,1992,32,21.11,
02OA039,2,1992,33,21.12,
02OA039,2,1992,34,21.32,
02OA039,2,1992,35,21.44,
02OA039,2,1992,36,21.49,
02OA039,2,1992,37,21.54,
02OA039,2,1992,38,21.64,
02OA039,2,1992,39,21.65,
02OA039,2,1992,40,21.5,
02OA039,2,1992,41,21.5,
02OA039,2,1992,42,21.5,
02OA039,2,1992,43,21.48,
02OA039,2,1992,44,21.56,
02OA039,2,1992,45,21.31,
02OA039,2,1992,46,21,
02OA039,2,1992,47,20.86,
02OA039,2,1992,48,20.91,
02OA039,2,1992,49,21.03,
02OA039,2,1992,50,20.92,
02OA039,2,1992,51,20.87,
02OA039,2,1992,52,21.08,
02OA039,2,1992,53,20.91,
02OA039,2,1992,54,20.76,
02OA039,2,1992,55,20.93,
02OA039,2,1992,56,21.16,
02OA039,2,1992,57,21.23,
02OA039,2,1992,58,21.06,
02OA039,2,1992,59,21.07,
02OA039,2,1992,60,21.13,
02OA039,2,1992,61,,
02OA039,2,1992,62,,
02OA039,2,1992,63,21.06,
02OA039,2,1992,64,21.03,
02OA039,2,1992,65,20.97,
02OA039,2,1992,66,21.01,
02OA039,2,1992,67,20.9,
02OA039,2,1992,68,20.92,
02OA039,2,1992,69,,
02OA039,2,1992,70,,
02OA039,2,1992,71,21.06,
02OA039,2,1992,72,21.18,
02OA039,2,1992,73,21.17,
02OA039,2,1992,74,21.26,
02OA039,2,1992,75,21.35,
02OA039,2,1992,76,21.3,
02OA039,2,1992,77,21.15,
02OA039,2,1992,78,21.05,
02OA039,2,1992,79,21.04,
02OA039,2,1992,80,21.03,
02OA039,2,1992,81,21.02,
02OA039,2,1992,82,20.99,
02OA039,2,1992,83,21.02,
02OA039,2,1992,84,20.99,
02OA039,2,1992,85,20.86,
02OA039,2,1992,86,20.86,
02OA039,2,1992,87,20.93,
02OA039,2,1992,88,21.17,
02OA039,2,1992,89,21.24,
02OA039,2,1992,90,21.11,
02OA039,2,1992,91,21.18,
02OA039,2,1992,92,21.23,
02OA039,2,1992,93,21.28,
02OA039,2,1992,94,21.23,
02OA039,2,1992,95,21.27,
02OA039,2,1992,96,21.3,
02OA039,2,1992,97,21.27,
02OA039,2,1992,98,21.3,
02OA039,2,1992,99,21.3,
02OA039,2,1992,100,21.39,
02OA039,2,1992,101,21.45,
02OA039,2,1992,102,21.44,
02OA039,2,1992,103,21.42,
02OA039,2,1992,104,21.35,
02OA039,2,1992,105,21.26,
02OA039,2,1992,106,21.21,
02OA039,2,1992,107,21.3,
02OA039,2,1992,108,21.31,
02OA039,2,1992,109,21.33,
02OA039,2,1992,110,21.28,
02OA039,2,1992,111,21.3,
02OA039,2,1992,112,21.37,
02OA039,2,1992,113,21.57,
02OA039,2,1992,114,21.79,
02OA039,2,1992,115,21.88,
02OA039,2,1992,116,21.92,
02OA039,2,1992,117,21.92,
02OA039,2,1992,118,21.86,
02OA039,2,1992,119,21.83,
02OA039,2,1992,120,21.79,
02OA039,2,1992,121,21.78,
02OA039,2,1992,122,21.78,
02OA039,2,1992,123,21.76,
02OA039,2,1992,124,,
02OA039,2,1992,125,21.72,
02OA039,2,1992,126,21.73,
02OA039,2,1992,127,21.71,
02OA039,2,1992,128,21.71,
02OA039,2,1992,129,21.68,
02OA039,2,1992,130,21.7,
02OA039,2,1992,131,21.79,
02OA039,2,1992,132,21.74,
02OA039,2,1992,133,21.68,
02OA039,2,1992,134,21.64,
02OA039,2,1992,135,21.61,
02OA039,2,1992,136,21.6,
02OA039,2,1992,137,21.6,
02OA039,2,1992,138,21.58,
02OA039,2,1992,139,21.55,
02OA039,2,1992,140,21.53,
02OA039,2,1992,141,21.58,
02OA039,2,1992,142,21.53,
02OA039,2,1992,143,21.48,
02OA039,2,1992,144,21.49,
02OA039,2,1992,145,21.54,
02OA039,2,1992,146,21.45,
02OA039,2,1992,147,21.42,
02OA039,2,1992,148,21.4,
02OA039,2,1992,149,21.35,
02OA039,2,1992,150,21.39,
02OA039,2,1992,151,21.39,
02OA039,2,1992,152,21.43,
02OA039,2,1992,153,21.42,
02OA039,2,1992,154,21.42,
02OA039,2,1992,155,21.47,
02OA039,2,1992,156,21.41,
02OA039,2,1992,157,21.34,
02OA039,2,1992,158,21.35,
02OA039,2,1992,159,21.34,
02OA039,2,1992,160,21.31,
02OA039,2,1992,161,21.25,
02OA039,2,1992,162,21.21,
02OA039,2,1992,163,21.14,
02OA039,2,1992,164,21.21,
02OA039,2,1992,165,21.23,
02OA039,2,1992,166,21.23,
02OA039,2,1992,167,21.26,
02OA039,2,1992,168,21.22,
02OA039,2,1992,169,21.18,
02OA039,2,1992,170,21.14,
02OA039,2,1992,171,21.23,
02OA039,2,1992,172,21.19,
02OA039,2,1992,173,21.2,
02OA039,2,1992,174,21.12,
02OA039,2,1992,175,21.18,
02OA039,2,1992,176,21.07,
02OA039,2,1992,177,21.09,
02OA039,2,1992,178,21.1,
02OA039,2,1992,179,21.12,
02OA039,2,1992,180,21.08,
02OA039,2,1992,181,21,
02OA039,2,1992,182,21.01,
02OA039,2,1992,183,21.09,
02OA039,2,1992,184,21.04,
02OA039,2,1992,185,21.07,
02OA039,2,1992,186,21.06,
02OA039,2,1992,187,21.02,
02OA039,2,1992,188,21.04,
02OA039,2,1992,189,21.01,
02OA039,2,1992,190,20.98,
02OA039,2,1992,191,21.05,
02OA039,2,1992,192,21.04,
02OA039,2,1992,193,21,
02OA039,2,1992,194,21,
02OA039,2,1992,195,21.09,
02OA039,2,1992,196,21.08,
02OA039,2,1992,197,21.04,
02OA039,2,1992,198,21.07,
02OA039,2,1992,199,21,
02OA039,2,1992,200,21.18,
02OA039,2,1992,201,21.24,
02OA039,2,1992,202,21.23,
02OA039,2,1992,203,21.17,
02OA039,2,1992,204,21.22,
02OA039,2,1992,205,21.18,
02OA039,2,1992,206,21.16,
02OA039,2,1992,207,21.19,
02OA039,2,1992,208,21.14,
02OA039,2,1992,209,21.12,
02OA039,2,1992,210,21.16,
02OA039,2,1992,211,21.12,
02OA039,2,1992,212,21.17,
02OA039,2,1992,213,21.1,
02OA039,2,1992,214,21.18,
02OA039,2,1992,215,21.22,
02OA039,2,1992,216,21.16,
02OA039,2,1992,217,21.18,
02OA039,2,1992,218,21.2,
02OA039,2,1992,219,21.27,
02OA039,2,1992,220,21.23,
02OA039,2,1992,221,21.22,
02OA039,2,1992,222,21.28,
02OA039,2,1992,223,21.3,
02OA039,2,1992,224,21.2,
02OA039,2,1992,225,21.25,
02OA039,2,1992,226,21.19,
02OA039,2,1992,227,21.19,
02OA039,2,1992,228,21.24,
02OA039,2,1992,229,21.27,
02OA039,2,1992,230,21.23,
02OA039,2,1992,231,21.23,
02OA039,2,1992,232,21.22,
02OA039,2,1992,233,21.19,
02OA039,2,1992,234,21.22,
02OA039,2,1992,235,21.23,
02OA039,2,1992,236,21.2,
02OA039,2,1992,237,21.19,
02OA039,2,1992,238,21.23,
02OA039,2,1992,239,21.23,
02OA039,2,1992,240,21.22,
02OA039,2,1992,241,21.2,
02OA039,2,1992,242,21.24,
02OA039,2,1992,243,21.24,
02OA039,2,1992,244,21.2,
02OA039,2,1992,245,21.26,
02OA039,2,1992,246,21.24,
02OA039,2,1992,247,21.28,
02OA039,2,1992,248,21.38,
02OA039,2,1992,249,21.36,
02OA039,2,1992,250,21.34,
02OA039,2,1992,251,21.37,
02OA039,2,1992,252,21.38,
02OA039,2,1992,253,21.42,
02OA039,2,1992,254,21.38,
02OA039,2,1992,255,21.34,
02OA039,2,1992,256,21.32,
02OA039,2,1992,257,21.36,
02OA039,2,1992,258,21.36,
02OA039,2,1992,259,21.38,
02OA039,2,1992,260,21.42,
02OA039,2,1992,261,21.44,
02OA039,2,1992,262,21.45,
02OA039,2,1992,263,21.43,
02OA039,2,1992,264,21.48,
02OA039,2,1992,265,21.39,
02OA039,2,1992,266,21.45,
02OA039,2,1992,267,21.48,
02OA039,2,1992,268,21.51,
02OA039,2,1992,269,21.58,
02OA039,2,1992,270,21.59,
02OA039,2,1992,271,21.42,
02OA039,2,1992,272,21.42,
02OA039,2,1992,273,21.42,
02OA039,2,1992,274,21.39,
02OA039,2,1992,275,21.37,
02OA039,2,1992,276,21.44,
02OA039,2,1992,277,21.48,
02OA039,2,1992,278,21.57,
02OA039,2,1992,279,21.54,
02OA039,2,1992,280,21.47,
02OA039,2,1992,281,21.44,
02OA039,2,1992,282,21.47,
02OA039,2,1992,283,21.5,
02OA039,2,1992,284,21.52,
02OA039,2,1992,285,21.49,
02OA039,2,1992,286,21.46,
02OA039,2,1992,287,21.41,
02OA039,2,1992,288,21.37,
02OA039,2,1992,289,21.37,
02OA039,2,1992,290,21.4,
02OA039,2,1992,291,21.34,
02OA039,2,1992,292,21.32,
02OA039,2,1992,293,21.41,
02OA039,2,1992,294,21.45,
02OA039,2,1992,295,21.5,
02OA039,2,1992,296,21.54,
02OA039,2,1992,297,21.6,
02OA039,2,1992,298,21.61,
02OA039,2,1992,299,21.66,
02OA039,2,1992,300,21.6,
02OA039,2,1992,301,21.5,
02OA039,2,1992,302,21.48,
02OA039,2,1992,303,21.5,
02OA039,2,1992,304,21.5,
02OA039,2,1992,305,21.49,
02OA039,2,1992,306,21.48,
02OA039,2,1992,307,21.45,
02OA039,2,1992,308,21.51,
02OA039,2,1992,309,21.63,
02OA039,2,1992,310,21.73,
02OA039,2,1992,311,21.69,
02OA039,2,1992,312,21.7,
02OA039,2,1992,313,21.76,
02OA039,2,1992,314,21.69,
02OA039,2,1992,315,21.62,
02OA039,2,1992,316,21.64,
02OA039,2,1992,317,21.67,
02OA039,2,1992,318,21.76,
02OA039,2,1992,319,21.71,
02OA039,2,1992,320,21.7,
02OA039,2,1992,321,21.75,
02OA039,2,1992,322,21.78,
02OA039,2,1992,323,21.78,
02OA039,2,1992,324,21.79,
02OA039,2,1992,325,21.82,
02OA039,2,1992,326,21.8,
02OA039,2,1992,327,21.82,
02OA039,2,1992,328,21.78,
02OA039,2,1992,329,21.85,
02OA039,2,1992,330,21.91,
02OA039,2,1992,331,21.91,
02OA039,2,1992,332,21.93,
02OA039,2,1992,333,21.95,
02OA039,2,1992,334,21.93,
02OA039,2,1992,335,21.89,
02OA039,2,1992,336,21.78,
02OA039,2,1992,337,21.79,
02OA039,2,1992,338,21.75,
02OA039,2,1992,339,21.72,
02OA039,2,1992,340,21.66,
02OA039,2,1992,341,21.65,
02OA039,2,1992,342,21.67,
02OA039,2,1992,343,21.62,
02OA039,2,1992,344,21.62,
02OA039,2,1992,345,21.6,
02OA039,2,1992,346,21.48,
02OA039,2,1992,347,21.45,
02OA039,2,1992,348,21.5,
02OA039,2,1992,349,21.5,
02OA039,2,1992,350,21.48,
02OA039,2,1992,351,21.55,
02OA039,2,1992,352,21.59,
02OA039,2,1992,353,21.58,
02OA039,2,1992,354,21.57,
02OA039,2,1992,355,21.59,
02OA039,2,1992,356,21.62,
02OA039,2,1992,357,21.55,
02OA039,2,1992,358,21.59,
02OA039,2,1992,359,21.6,
02OA039,2,1992,360,21.61,
02OA039,2,1992,361,21.56,
02OA039,2,1992,362,21.6,
02OA039,2,1992,363,21.74,
02OA039,2,1992,364,21.7,
02OA039,2,1992,365,21.62,
02OA039,2,1992,366,21.66,
02OA039,2,1993,1,21.69,
02OA039,2,1993,2,21.35,
02OA039,2,1993,3,21.29,
02OA039,2,1993,4,21.45,
02OA039,2,1993,5,21.39,
02OA039,2,1993,6,21.51,
02OA039,2,1993,7,21.55,
02OA039,2,1993,8,21.45,
02OA039,2,1993,9,21.38,
02OA039,2,1993,10,21.42,
02OA039,2,1993,11,21.53,
02OA039,2,1993,12,21.66,
02OA039,2,1993,13,21.75,
02OA039,2,1993,14,21.73,
02OA039,2,1993,15,21.77,
02OA039,2,1993,16,21.73,
02OA039,2,1993,17,21.57,
02OA039,2,1993,18,21.5,
02OA039,2,1993,19,21.68,
02OA039,2,1993,20,21.78,
02OA039,2,1993,21,21.8,
02OA039,2,1993,22,21.6,
02OA039,2,1993,23,21.38,
02OA039,2,1993,24,21.35,
02OA039,2,1993,25,21.34,
02OA039,2,1993,26,21.47,
02OA039,2,1993,27,21.61,
02OA039,2,1993,28,21.66,
02OA039,2,1993,29,21.7,
02OA039,2,1993,30,21.75,
02OA039,2,1993,31,21.8,
02OA039,2,1993,32,21.81,
02OA039,2,1993,33,21.85,
02OA039,2,1993,34,21.87,
02OA039,2,1993,35,21.89,
02OA039,2,1993,36,21.97,
02OA039,2,1993,37,21.99,
02OA039,2,1993,38,21.96,
02OA039,2,1993,39,21.96,
02OA039,2,1993,40,21.99,
02OA039,2,1993,41,21.9,
02OA039,2,1993,42,21.93,
02OA039,2,1993,43,22,
02OA039,2,1993,44,22.08,
02OA039,2,1993,45,21.89,
02OA039,2,1993,46,21.67,
02OA039,2,1993,47,21.46,
02OA039,2,1993,48,21.47,
02OA039,2,1993,49,21.6,
02OA039,2,1993,50,21.69,
02OA039,2,1993,51,21.55,
02OA039,2,1993,52,21.45,
02OA039,2,1993,53,21.5,
02OA039,2,1993,54,21.56,
02OA039,2,1993,55,21.39,
02OA039,2,1993,56,21.36,
02OA039,2,1993,57,21.38,
02OA039,2,1993,58,21.22,
02OA039,2,1993,59,21.25,
02OA039,2,1993,60,21.38,
02OA039,2,1993,61,21.45,
02OA039,2,1993,62,21.48,
02OA039,2,1993,63,21.62,
02OA039,2,1993,64,21.58,
02OA039,2,1993,65,21.53,
02OA039,2,1993,66,21.48,
02OA039,2,1993,67,21.5,
02OA039,2,1993,68,21.48,
02OA039,2,1993,69,21.42,
02OA039,2,1993,70,21.44,
02OA039,2,1993,71,21.52,
02OA039,2,1993,72,21.53,
02OA039,2,1993,73,21.52,
02OA039,2,1993,74,21.47,
02OA039,2,1993,75,21.51,
02OA039,2,1993,76,21.39,
02OA039,2,1993,77,21.51,
02OA039,2,1993,78,21.48,
02OA039,2,1993,79,21.44,
02OA039,2,1993,80,21.4,
02OA039,2,1993,81,21.39,
02OA039,2,1993,82,21.46,
02OA039,2,1993,83,21.41,
02OA039,2,1993,84,21.41,
02OA039,2,1993,85,21.42,
02OA039,2,1993,86,21.45,
02OA039,2,1993,87,21.51,
02OA039,2,1993,88,21.63,
02OA039,2,1993,89,21.71,
02OA039,2,1993,90,21.84,
02OA039,2,1993,91,22.05,
02OA039,2,1993,92,22.02,
02OA039,2,1993,93,21.92,
02OA039,2,1993,94,21.88,
02OA039,2,1993,95,21.96,
02OA039,2,1993,96,21.87,
02OA039,2,1993,97,21.99,
02OA039,2,1993,98,22.2,
02OA039,2,1993,99,22.28,
02OA039,2,1993,100,22.34,
02OA039,2,1993,101,22.39,
02OA039,2,1993,102,22.39,
02OA039,2,1993,103,22.37,
02OA039,2,1993,104,22.24,
02OA039,2,1993,105,22.26,
02OA039,2,1993,106,22.26,
02OA039,2,1993,107,22.3,
02OA039,2,1993,108,22.36,
02OA039,2,1993,109,22.32,
02OA039,2,1993,110,22.32,
02OA039,2,1993,111,22.4,
02OA039,2,1993,112,22.42,
02OA039,2,1993,113,22.46,
02OA039,2,1993,114,22.42,
02OA039,2,1993,115,22.4,
02OA039,2,1993,116,22.41,
02OA039,2,1993,117,22.38,
02OA039,2,1993,118,22.37,
02OA039,2,1993,119,22.35,
02OA039,2,1993,120,22.3,
02OA039,2,1993,121,,
02OA039,2,1993,122,,
02OA039,2,1993,123,22.07,
02OA039,2,1993,124,22.02,
02OA039,2,1993,125,22.05,
02OA039,2,1993,126,22.03,
02OA039,2,1993,127,22.05,
02OA039,2,1993,128,22.04,
02OA039,2,1993,129,22.01,
02OA039,2,1993,130,21.96,
02OA039,2,1993,131,21.95,
02OA039,2,1993,132,21.91,
02OA039,2,1993,133,21.91,
02OA039,2,1993,134,21.92,
02OA039,2,1993,135,21.88,
02OA039,2,1993,136,21.91,
02OA039,2,1993,137,21.83,
02OA039,2,1993,138,21.79,
02OA039,2,1993,139,21.83,
02OA039,2,1993,140,21.9,
02OA039,2,1993,141,21.91,
02OA039,2,1993,142,21.8,
02OA039,2,1993,143,21.78,
02OA039,2,1993,144,21.8,
02OA039,2,1993,145,21.94,
02OA039,2,1993,146,21.87,
02OA039,2,1993,147,21.89,
02OA039,2,1993,148,21.93,
02OA039,2,1993,149,21.85,
02OA039,2,1993,150,21.88,
02OA039,2,1993,151,21.9,
02OA039,2,1993,152,22.06,
02OA039,2,1993,153,21.98,
02OA039,2,1993,154,22,
02OA039,2,1993,155,22.06,
02OA039,2,1993,156,21.97,
02OA039,2,1993,157,21.99,
02OA039,2,1993,158,21.98,
02OA039,2,1993,159,22.03,
02OA039,2,1993,160,22.02,
02OA039,2,1993,161,21.99,
02OA039,2,1993,162,22.05,
02OA039,2,1993,163,22.04,
02OA039,2,1993,164,21.98,
02OA039,2,1993,165,21.92,
02OA039,2,1993,166,21.92,
02OA039,2,1993,167,21.95,
02OA039,2,1993,168,21.94,
02OA039,2,1993,169,21.89,
02OA039,2,1993,170,21.91,
02OA039,2,1993,171,21.92,
02OA039,2,1993,172,21.88,
02OA039,2,1993,173,22.01,
02OA039,2,1993,174,22.05,
02OA039,2,1993,175,21.97,
02OA039,2,1993,176,21.92,
02OA039,2,1993,177,21.91,
02OA039,2,1993,178,21.84,
02OA039,2,1993,179,21.81,
02OA039,2,1993,180,21.85,
02OA039,2,1993,181,21.88,
02OA039,2,1993,182,21.87,
02OA039,2,1993,183,21.82,
02OA039,2,1993,184,21.77,
02OA039,2,1993,185,21.74,
02OA039,2,1993,186,21.73,
02OA039,2,1993,187,21.71,
02OA039,2,1993,188,21.75,
02OA039,2,1993,189,21.75,
02OA039,2,1993,190,21.77,
02OA039,2,1993,191,21.66,
02OA039,2,1993,192,21.6,
02OA039,2,1993,193,21.6,
02OA039,2,1993,194,21.56,
02OA039,2,1993,195,21.57,
02OA039,2,1993,196,21.54,
02OA039,2,1993,197,21.49,
02OA039,2,1993,198,21.48,
02OA039,2,1993,199,21.5,
02OA039,2,1993,200,21.5,
02OA039,2,1993,201,21.52,
02OA039,2,1993,202,21.51,
02OA039,2,1993,203,21.46,
02OA039,2,1993,204,21.48,
02OA039,2,1993,205,21.49,
02OA039,2,1993,206,21.45,
02OA039,2,1993,207,21.46,
02OA039,2,1993,208,21.52,
02OA039,2,1993,209,21.56,
02OA039,2,1993,210,21.5,
02OA039,2,1993,211,21.49,
02OA039,2,1993,212,21.43,
02OA039,2,1993,213,21.4,
02OA039,2,1993,214,21.43,
02OA039,2,1993,215,21.41,
02OA039,2,1993,216,21.48,
02OA039,2,1993,217,21.43,
02OA039,2,1993,218,21.38,
02OA039,2,1993,219,21.45,
02OA039,2,1993,220,21.47,
02OA039,2,1993,221,21.46,
02OA039,2,1993,222,21.45,
02OA039,2,1993,223,21.48,
02OA039,2,1993,224,21.51,
02OA039,2,1993,225,21.47,
02OA039,2,1993,226,21.5,
02OA039,2,1993,227,21.53,
02OA039,2,1993,228,21.5,
02OA039,2,1993,229,21.48,
02OA039,2,1993,230,21.48,
02OA039,2,1993,231,21.48,
02OA039,2,1993,232,21.49,
02OA039,2,1993,233,21.5,
02OA039,2,1993,234,21.47,
02OA039,2,1993,235,21.46,
02OA039,2,1993,236,21.47,
02OA039,2,1993,237,21.48,
02OA039,2,1993,238,21.44,
02OA039,2,1993,239,21.42,
02OA039,2,1993,240,21.44,
02OA039,2,1993,241,21.39,
02OA039,2,1993,242,21.37,
02OA039,2,1993,243,21.34,
02OA039,2,1993,244,21.44,
02OA039,2,1993,245,21.41,
02OA039,2,1993,246,21.4,
02OA039,2,1993,247,21.4,
02OA039,2,1993,248,21.33,
02OA039,2,1993,249,21.24,
02OA039,2,1993,250,21.28,
02OA039,2,1993,251,21.28,
02OA039,2,1993,252,21.3,
02OA039,2,1993,253,21.31,
02OA039,2,1993,254,21.32,
02OA039,2,1993,255,21.3,
02OA039,2,1993,256,21.24,
02OA039,2,1993,257,21.21,
02OA039,2,1993,258,21.28,
02OA039,2,1993,259,21.32,
02OA039,2,1993,260,21.29,
02OA039,2,1993,261,21.28,
02OA039,2,1993,262,21.2,
02OA039,2,1993,263,21.22,
02OA039,2,1993,264,21.2,
02OA039,2,1993,265,21.2,
02OA039,2,1993,266,21.25,
02OA039,2,1993,267,21.27,
02OA039,2,1993,268,21.23,
02OA039,2,1993,269,21.15,
02OA039,2,1993,270,21.19,
02OA039,2,1993,271,21.18,
02OA039,2,1993,272,21.19,
02OA039,2,1993,273,21.13,
02OA039,2,1993,274,,
02OA039,2,1993,275,,
02OA039,2,1993,276,,
02OA039,2,1993,277,,
02OA039,2,1993,278,,
02OA039,2,1993,279,21.19,
02OA039,2,1993,280,21.24,
02OA039,2,1993,281,21.2,
02OA039,2,1993,282,21.16,
02OA039,2,1993,283,21.29,
02OA039,2,1993,284,21.22,
02OA039,2,1993,285,21.2,
02OA039,2,1993,286,21.18,
02OA039,2,1993,287,21.21,
02OA039,2,1993,288,21.19,
02OA039,2,1993,289,21.24,
02OA039,2,1993,290,21.22,
02OA039,2,1993,291,21.26,
02OA039,2,1993,292,21.33,
02OA039,2,1993,293,21.39,
02OA039,2,1993,294,21.47,
02OA039,2,1993,295,21.54,
02OA039,2,1993,296,21.49,
02OA039,2,1993,297,21.6,
02OA039,2,1993,298,21.54,
02OA039,2,1993,299,21.52,
02OA039,2,1993,300,21.5,
02OA039,2,1993,301,21.56,
02OA039,2,1993,302,21.59,
02OA039,2,1993,303,21.57,
02OA039,2,1993,304,21.52,
02OA039,2,1993,305,21.49,
02OA039,2,1993,306,21.46,
02OA039,2,1993,307,21.44,
02OA039,2,1993,308,21.5,
02OA039,2,1993,309,21.52,
02OA039,2,1993,310,21.59,
02OA039,2,1993,311,21.58,
02OA039,2,1993,312,21.52,
02OA039,2,1993,313,21.46,
02OA039,2,1993,314,21.46,
02OA039,2,1993,315,21.42,
02OA039,2,1993,316,21.39,
02OA039,2,1993,317,21.37,
02OA039,2,1993,318,21.34,
02OA039,2,1993,319,21.31,
02OA039,2,1993,320,21.39,
02OA039,2,1993,321,21.42,
02OA039,2,1993,322,21.33,
02OA039,2,1993,323,21.3,
02OA039,2,1993,324,21.29,
02OA039,2,1993,325,21.29,
02OA039,2,1993,326,21.28,
02OA039,2,1993,327,21.23,
02OA039,2,1993,328,21.25,
02OA039,2,1993,329,21.22,
02OA039,2,1993,330,21.21,
02OA039,2,1993,331,21.14,
02OA039,2,1993,332,21.24,
02OA039,2,1993,333,21.45,
02OA039,2,1993,334,21.38,
02OA039,2,1993,335,21.48,
02OA039,2,1993,336,21.44,
02OA039,2,1993,337,21.36,
02OA039,2,1993,338,21.43,
02OA039,2,1993,339,21.47,
02OA039,2,1993,340,21.52,
02OA039,2,1993,341,21.52,
02OA039,2,1993,342,21.54,
02OA039,2,1993,343,21.42,
02OA039,2,1993,344,21.43,
02OA039,2,1993,345,21.6,
02OA039,2,1993,346,21.49,
02OA039,2,1993,347,21.45,
02OA039,2,1993,348,21.46,
02OA039,2,1993,349,21.38,
02OA039,2,1993,350,21.26,
02OA039,2,1993,351,21.31,
02OA039,2,1993,352,21.31,
02OA039,2,1993,353,21.35,
02OA039,2,1993,354,21.37,
02OA039,2,1993,355,21.34,
02OA039,2,1993,356,21.43,
02OA039,2,1993,357,21.37,
02OA039,2,1993,358,21.38,
02OA039,2,1993,359,21.49,
02OA039,2,1993,360,21.46,
02OA039,2,1993,361,21.23,
02OA039,2,1993,362,20.97,
02OA039,2,1993,363,20.87,
02OA039,2,1993,364,20.79,
02OA039,2,1993,365,21.07,
02OA039,2,1994,1,21.07,
02OA039,2,1994,2,20.86,
02OA039,2,1994,3,21.05,
02OA039,2,1994,4,21.43,
02OA039,2,1994,5,21.34,
02OA039,2,1994,6,21.34,
02OA039,2,1994,7,21.4,
02OA039,2,1994,8,21.33,
02OA039,2,1994,9,21.31,
02OA039,2,1994,10,21.4,
02OA039,2,1994,11,21.57,
02OA039,2,1994,12,21.49,
02OA039,2,1994,13,21.58,
02OA039,2,1994,14,21.61,
02OA039,2,1994,15,21.53,
02OA039,2,1994,16,21.47,
02OA039,2,1994,17,21.59,
02OA039,2,1994,18,21.65,
02OA039,2,1994,19,21.73,
02OA039,2,1994,20,21.89,
02OA039,2,1994,21,21.94,
02OA039,2,1994,22,21.83,
02OA039,2,1994,23,21.82,
02OA039,2,1994,24,21.78,
02OA039,2,1994,25,21.75,
02OA039,2,1994,26,21.77,
02OA039,2,1994,27,21.64,
02OA039,2,1994,28,21.65,
02OA039,2,1994,29,21.32,
02OA039,2,1994,30,21.4,
02OA039,2,1994,31,21.5,
02OA039,2,1994,32,21.51,
02OA039,2,1994,33,21.62,
02OA039,2,1994,34,21.74,
02OA039,2,1994,35,21.77,
02OA039,2,1994,36,,
02OA039,2,1994,37,,
02OA039,2,1994,38,,
02OA039,2,1994,39,21.64,
02OA039,2,1994,40,21.7,
02OA039,2,1994,41,21.71,
02OA039,2,1994,42,21.74,
02OA039,2,1994,43,21.82,
02OA039,2,1994,44,21.7,
02OA039,2,1994,45,21.63,
02OA039,2,1994,46,21.75,
02OA039,2,1994,47,21.73,
02OA039,2,1994,48,21.58,
02OA039,2,1994,49,21.39,
02OA039,2,1994,50,21.36,
02OA039,2,1994,51,21.29,
02OA039,2,1994,52,21.32,
02OA039,2,1994,53,21.43,
02OA039,2,1994,54,21.62,
02OA039,2,1994,55,21.72,
02OA039,2,1994,56,21.72,
02OA039,2,1994,57,21.74,
02OA039,2,1994,58,21.81,
02OA039,2,1994,59,21.9,
02OA039,2,1994,60,,
02OA039,2,1994,61,,
02OA039,2,1994,62,,
02OA039,2,1994,63,,
02OA039,2,1994,64,,
02OA039,2,1994,65,,
02OA039,2,1994,66,,
02OA039,2,1994,67,,
02OA039,2,1994,68,21.3,
02OA039,2,1994,69,21.25,
02OA039,2,1994,70,21.3,
02OA039,2,1994,71,21.3,
02OA039,2,1994,72,21.28,
02OA039,2,1994,73,21.2,
02OA039,2,1994,74,21.26,
02OA039,2,1994,75,21.22,
02OA039,2,1994,76,21.18,
02OA039,2,1994,77,21.27,
02OA039,2,1994,78,21.28,
02OA039,2,1994,79,21.16,
02OA039,2,1994,80,21,
02OA039,2,1994,81,21.17,
02OA039,2,1994,82,21.18,
02OA039,2,1994,83,21.2,
02OA039,2,1994,84,21.33,
02OA039,2,1994,85,21.25,
02OA039,2,1994,86,21.3,
02OA039,2,1994,87,21.29,
02OA039,2,1994,88,21.29,
02OA039,2,1994,89,21.29,
02OA039,2,1994,90,21.26,
02OA039,2,1994,91,21.28,
02OA039,2,1994,92,21.3,
02OA039,2,1994,93,21.36,
02OA039,2,1994,94,21.43,
02OA039,2,1994,95,21.58,
02OA039,2,1994,96,21.59,
02OA039,2,1994,97,21.53,
02OA039,2,1994,98,21.49,
02OA039,2,1994,99,21.47,
02OA039,2,1994,100,21.48,
02OA039,2,1994,101,21.71,
02OA039,2,1994,102,21.84,
02OA039,2,1994,103,21.87,
02OA039,2,1994,104,21.98,
02OA039,2,1994,105,22.02,
02OA039,2,1994,106,22,
02OA039,2,1994,107,22.06,
02OA039,2,1994,108,21.96,
02OA039,2,1994,109,21.87,
02OA039,2,1994,110,21.91,
02OA039,2,1994,111,21.85,
02OA039,2,1994,112,21.91,
02OA039,2,1994,113,21.87,
02OA039,2,1994,114,21.79,
02OA039,2,1994,115,21.73,
02OA039,2,1994,116,21.7,
02OA039,2,1994,117,21.69,
02OA039,2,1994,118,21.71,
02OA039,2,1994,119,21.75,
02OA039,2,1994,120,21.67,
02OA039,2,1994,121,21.53,
02OA039,2,1994,122,21.62,
02OA039,2,1994,123,21.6,
02OA039,2,1994,124,21.62,
02OA039,2,1994,125,21.57,
02OA039,2,1994,126,21.55,
02OA039,2,1994,127,21.56,
02OA039,2,1994,128,21.51,
02OA039,2,1994,129,21.59,
02OA039,2,1994,130,21.6,
02OA039,2,1994,131,21.56,
02OA039,2,1994,132,21.55,
02OA039,2,1994,133,21.56,
02OA039,2,1994,134,21.53,
02OA039,2,1994,135,21.56,
02OA039,2,1994,136,21.54,
02OA039,2,1994,137,21.65,
02OA039,2,1994,138,21.65,
02OA039,2,1994,139,21.64,
02OA039,2,1994,140,21.7,
02OA039,2,1994,141,21.68,
02OA039,2,1994,142,21.65,
02OA039,2,1994,143,21.65,
02OA039,2,1994,144,21.7,
02OA039,2,1994,145,21.73,
02OA039,2,1994,146,21.66,
02OA039,2,1994,147,21.83,
02OA039,2,1994,148,21.89,
02OA039,2,1994,149,21.72,
02OA039,2,1994,150,21.74,
02OA039,2,1994,151,21.77,
02OA039,2,1994,152,21.71,
02OA039,2,1994,153,21.67,
02OA039,2,1994,154,21.7,
02OA039,2,1994,155,21.68,
02OA039,2,1994,156,21.7,
02OA039,2,1994,157,21.73,
02OA039,2,1994,158,21.76,
02OA039,2,1994,159,21.77,
02OA039,2,1994,160,21.74,
02OA039,2,1994,161,21.69,
02OA039,2,1994,162,21.6,
02OA039,2,1994,163,21.6,
02OA039,2,1994,164,21.6,
02OA039,2,1994,165,21.58,
02OA039,2,1994,166,21.54,
02OA039,2,1994,167,21.55,
02OA039,2,1994,168,21.54,
02OA039,2,1994,169,21.51,
02OA039,2,1994,170,21.47,
02OA039,2,1994,171,21.48,
02OA039,2,1994,172,21.53,
02OA039,2,1994,173,21.48,
02OA039,2,1994,174,21.47,
02OA039,2,1994,175,21.41,
02OA039,2,1994,176,21.4,
02OA039,2,1994,177,21.43,
02OA039,2,1994,178,21.39,
02OA039,2,1994,179,21.46,
02OA039,2,1994,180,21.45,
02OA039,2,1994,181,21.59,
02OA039,2,1994,182,21.61,
02OA039,2,1994,183,21.52,
02OA039,2,1994,184,21.54,
02OA039,2,1994,185,21.5,
02OA039,2,1994,186,21.53,
02OA039,2,1994,187,21.49,
02OA039,2,1994,188,21.49,
02OA039,2,1994,189,21.46,
02OA039,2,1994,190,21.46,
02OA039,2,1994,191,21.5,
02OA039,2,1994,192,21.46,
02OA039,2,1994,193,21.47,
02OA039,2,1994,194,21.47,
02OA039,2,1994,195,21.5,
02OA039,2,1994,196,21.53,
02OA039,2,1994,197,21.52,
02OA039,2,1994,198,21.48,
02OA039,2,1994,199,21.49,
02OA039,2,1994,200,21.51,
02OA039,2,1994,201,21.48,
02OA039,2,1994,202,21.48,
02OA039,2,1994,203,21.53,
02OA039,2,1994,204,21.45,
02OA039,2,1994,205,21.43,
02OA039,2,1994,206,21.46,
02OA039,2,1994,207,21.45,
02OA039,2,1994,208,21.42,
02OA039,2,1994,209,21.4,
02OA039,2,1994,210,21.44,
02OA039,2,1994,211,21.41,
02OA039,2,1994,212,21.46,
02OA039,2,1994,213,21.37,
02OA039,2,1994,214,21.39,
02OA039,2,1994,215,21.48,
02OA039,2,1994,216,21.45,
02OA039,2,1994,217,21.49,
02OA039,2,1994,218,21.52,
02OA039,2,1994,219,21.48,
02OA039,2,1994,220,21.49,
02OA039,2,1994,221,21.46,
02OA039,2,1994,222,21.37,
02OA039,2,1994,223,21.37,
02OA039,2,1994,224,21.34,
02OA039,2,1994,225,21.34,
02OA039,2,1994,226,21.36,
02OA039,2,1994,227,21.31,
02OA039,2,1994,228,21.27,
02OA039,2,1994,229,21.31,
02OA039,2,1994,230,21.22,
02OA039,2,1994,231,21.28,
02OA039,2,1994,232,21.23,
02OA039,2,1994,233,21.26,
02OA039,2,1994,234,21.3,
02OA039,2,1994,235,21.23,
02OA039,2,1994,236,21.28,
02OA039,2,1994,237,21.25,
02OA039,2,1994,238,21.23,
02OA039,2,1994,239,21.26,
02OA039,2,1994,240,21.24,
02OA039,2,1994,241,21.27,
02OA039,2,1994,242,21.11,
02OA039,2,1994,243,21.2,
02OA039,2,1994,244,21.24,
02OA039,2,1994,245,21.25,
02OA039,2,1994,246,21.33,
02OA039,2,1994,247,21.25,
02OA039,2,1994,248,21.25,
02OA039,2,1994,249,21.16,
02OA039,2,1994,250,21.18,
02OA039,2,1994,251,21.21,
02OA039,2,1994,252,21.19,
02OA039,2,1994,253,21.17,
02OA039,2,1994,254,21.16,
02OA039,2,1994,255,21.13,
02OA039,2,1994,256,21.09,
02OA039,2,1994,257,21.16,
02OA039,2,1994,258,21.23,
02OA039,2,1994,259,21.14,
02OA039,2,1994,260,21.19,
02OA039,2,1994,261,21.23,
02OA039,2,1994,262,21.24,
02OA039,2,1994,263,21.15,
02OA039,2,1994,264,21.12,
02OA039,2,1994,265,21.13,
02OA039,2,1994,266,21.19,
02OA039,2,1994,267,21.11,
02OA039,2,1994,268,21.08,
02OA039,2,1994,269,21.12,
02OA039,2,1994,270,21.2,
02OA039,2,1994,271,21.24,
02OA039,2,1994,272,21.18,
02OA039,2,1994,273,21.19,
02OA039,2,1994,274,21.19,
02OA039,2,1994,275,21.12,
02OA039,2,1994,276,21.16,
02OA039,2,1994,277,21.07,
02OA039,2,1994,278,21.07,
02OA039,2,1994,279,21.1,
02OA039,2,1994,280,21.1,
02OA039,2,1994,281,21.11,
02OA039,2,1994,282,21.15,
02OA039,2,1994,283,21.07,
02OA039,2,1994,284,21.1,
02OA039,2,1994,285,21.21,
02OA039,2,1994,286,21.17,
02OA039,2,1994,287,21.1,
02OA039,2,1994,288,21.12,
02OA039,2,1994,289,21.13,
02OA039,2,1994,290,21.17,
02OA039,2,1994,291,21.14,
02OA039,2,1994,292,21.15,
02OA039,2,1994,293,21.17,
02OA039,2,1994,294,21.13,
02OA039,2,1994,295,21.13,
02OA039,2,1994,296,21.21,
02OA039,2,1994,297,21.15,
02OA039,2,1994,298,21.1,
02OA039,2,1994,299,21.05,
02OA039,2,1994,300,21.17,
02OA039,2,1994,301,21.14,
02OA039,2,1994,302,21.05,
02OA039,2,1994,303,21.09,
02OA039,2,1994,304,21.04,
02OA039,2,1994,305,21.07,
02OA039,2,1994,306,21.24,
02OA039,2,1994,307,21.23,
02OA039,2,1994,308,21.24,
02OA039,2,1994,309,21.22,
02OA039,2,1994,310,21.18,
02OA039,2,1994,311,21.29,
02OA039,2,1994,312,21.19,
02OA039,2,1994,313,21.22,
02OA039,2,1994,314,21.29,
02OA039,2,1994,315,21.25,
02OA039,2,1994,316,21.23,
02OA039,2,1994,317,21.3,
02OA039,2,1994,318,21.32,
02OA039,2,1994,319,21.31,
02OA039,2,1994,320,21.21,
02OA039,2,1994,321,21.21,
02OA039,2,1994,322,21.23,
02OA039,2,1994,323,21.24,
02OA039,2,1994,324,21.14,
02OA039,2,1994,325,21.21,
02OA039,2,1994,326,21.27,
02OA039,2,1994,327,21.11,
02OA039,2,1994,328,21.15,
02OA039,2,1994,329,21.17,
02OA039,2,1994,330,21.19,
02OA039,2,1994,331,21.11,
02OA039,2,1994,332,21.07,
02OA039,2,1994,333,21.18,
02OA039,2,1994,334,21.1,
02OA039,2,1994,335,21.14,
02OA039,2,1994,336,21.12,
02OA039,2,1994,337,21.1,
02OA039,2,1994,338,21.13,
02OA039,2,1994,339,21.14,
02OA039,2,1994,340,21.19,
02OA039,2,1994,341,21.2,
02OA039,2,1994,342,21.24,
02OA039,2,1994,343,21.17,
02OA039,2,1994,344,21.17,
02OA039,2,1994,345,21.2,
02OA039,2,1994,346,21.28,
02OA039,2,1994,347,21.11,
02OA039,2,1994,348,21.18,
02OA039,2,1994,349,21.17,
02OA039,2,1994,350,21.15,
02OA039,2,1994,351,21.21,
02OA039,2,1994,352,21.19,
02OA039,2,1994,353,21.19,
02OA039,2,1994,354,21.17,
02OA039,2,1994,355,21.21,
02OA039,2,1994,356,21.14,
02OA039,2,1994,357,21.2,
02OA039,2,1994,358,21.17,
02OA039,2,1994,359,21.24,
02OA039,2,1994,360,21.22,
02OA039,2,1994,361,21.2,
02OA039,2,1994,362,21.13,
02OA039,2,1994,363,21.13,
02OA039,2,1994,364,21.11,
02OA039,2,1994,365,21.18,
02OA039,2,1995,1,21.29,
02OA039,2,1995,2,21.21,
02OA039,2,1995,3,21.28,
02OA039,2,1995,4,21.22,
02OA039,2,1995,5,21.3,
02OA039,2,1995,6,21.24,
02OA039,2,1995,7,21.11,
02OA039,2,1995,8,21.01,
02OA039,2,1995,9,20.96,
02OA039,2,1995,10,21.12,
02OA039,2,1995,11,21.27,
02OA039,2,1995,12,21.3,
02OA039,2,1995,13,21.27,
02OA039,2,1995,14,21.28,
02OA039,2,1995,15,21.19,
02OA039,2,1995,16,21.22,
02OA039,2,1995,17,21.4,
02OA039,2,1995,18,21.57,
02OA039,2,1995,19,21.59,
02OA039,2,1995,20,21.53,
02OA039,2,1995,21,21.43,
02OA039,2,1995,22,21.45,
02OA039,2,1995,23,21.43,
02OA039,2,1995,24,21.28,
02OA039,2,1995,25,21.25,
02OA039,2,1995,26,21.25,
02OA039,2,1995,27,21.14,
02OA039,2,1995,28,21.23,
02OA039,2,1995,29,21.36,
02OA039,2,1995,30,21.27,
02OA039,2,1995,31,21.21,
02OA039,2,1995,32,21.07,
02OA039,2,1995,33,21.12,
02OA039,2,1995,34,21.16,
02OA039,2,1995,35,21.14,
02OA039,2,1995,36,20.99,
02OA039,2,1995,37,21.02,
02OA039,2,1995,38,21.13,
02OA039,2,1995,39,21.33,
02OA039,2,1995,40,21.41,
02OA039,2,1995,41,21.35,
02OA039,2,1995,42,21.04,
02OA039,2,1995,43,21.03,
02OA039,2,1995,44,21.32,
02OA039,2,1995,45,21.36,
02OA039,2,1995,46,21.45,
02OA039,2,1995,47,21.4,
02OA039,2,1995,48,21.31,
02OA039,2,1995,49,21.25,
02OA039,2,1995,50,21.26,
02OA039,2,1995,51,21.26,
02OA039,2,1995,52,21.21,
02OA039,2,1995,53,21.29,
02OA039,2,1995,54,21.39,
02OA039,2,1995,55,21.29,
02OA039,2,1995,56,21.32,
02OA039,2,1995,57,21.53,
02OA039,2,1995,58,21.53,
02OA039,2,1995,59,21.55,
02OA039,2,1995,60,21.56,
02OA039,2,1995,61,21.44,
02OA039,2,1995,62,21.35,
02OA039,2,1995,63,21.35,
02OA039,2,1995,64,21.34,
02OA039,2,1995,65,21.37,
02OA039,2,1995,66,21.3,
02OA039,2,1995,67,21.28,
02OA039,2,1995,68,21.35,
02OA039,2,1995,69,21.46,
02OA039,2,1995,70,21.47,
02OA039,2,1995,71,21.46,
02OA039,2,1995,72,21.4,
02OA039,2,1995,73,21.38,
02OA039,2,1995,74,21.47,
02OA039,2,1995,75,21.57,
02OA039,2,1995,76,21.68,
02OA039,2,1995,77,21.85,
02OA039,2,1995,78,21.84,
02OA039,2,1995,79,21.72,
02OA039,2,1995,80,21.69,
02OA039,2,1995,81,21.71,
02OA039,2,1995,82,21.7,
02OA039,2,1995,83,21.72,
02OA039,2,1995,84,21.67,
02OA039,2,1995,85,21.6,
02OA039,2,1995,86,21.57,
02OA039,2,1995,87,21.59,
02OA039,2,1995,88,21.49,
02OA039,2,1995,89,21.51,
02OA039,2,1995,90,21.47,
02OA039,2,1995,91,21.44,
02OA039,2,1995,92,21.41,
02OA039,2,1995,93,21.42,
02OA039,2,1995,94,21.39,
02OA039,2,1995,95,21.36,
02OA039,2,1995,96,21.27,
02OA039,2,1995,97,21.29,
02OA039,2,1995,98,21.22,
02OA039,2,1995,99,21.2,
02OA039,2,1995,100,21.18,
02OA039,2,1995,101,21.07,
02OA039,2,1995,102,21.06,
02OA039,2,1995,103,21.11,
02OA039,2,1995,104,21.08,
02OA039,2,1995,105,21.03,
02OA039,2,1995,106,20.99,
02OA039,2,1995,107,21.11,
02OA039,2,1995,108,21.2,
02OA039,2,1995,109,21.09,
02OA039,2,1995,110,20.97,
02OA039,2,1995,111,20.92,
02OA039,2,1995,112,20.95,
02OA039,2,1995,113,20.94,
02OA039,2,1995,114,20.93,
02OA039,2,1995,115,20.95,
02OA039,2,1995,116,20.96,
02OA039,2,1995,117,20.88,
02OA039,2,1995,118,20.91,
02OA039,2,1995,119,20.96,
02OA039,2,1995,120,20.96,
02OA039,2,1995,121,20.94,
02OA039,2,1995,122,20.88,
02OA039,2,1995,123,20.86,
02OA039,2,1995,124,20.86,
02OA039,2,1995,125,20.9,
02OA039,2,1995,126,20.87,
02OA039,2,1995,127,20.84,
02OA039,2,1995,128,20.85,
02OA039,2,1995,129,20.8,
02OA039,2,1995,130,20.83,
02OA039,2,1995,131,20.84,
02OA039,2,1995,132,20.87,
02OA039,2,1995,133,20.95,
02OA039,2,1995,134,20.99,
02OA039,2,1995,135,20.92,
02OA039,2,1995,136,20.88,
02OA039,2,1995,137,20.89,
02OA039,2,1995,138,20.99,
02OA039,2,1995,139,20.97,
02OA039,2,1995,140,21.02,
02OA039,2,1995,141,21.04,
02OA039,2,1995,142,21.13,
02OA039,2,1995,143,21.07,
02OA039,2,1995,144,21.1,
02OA039,2,1995,145,21.16,
02OA039,2,1995,146,21.2,
02OA039,2,1995,147,21.17,
02OA039,2,1995,148,21.16,
02OA039,2,1995,149,21.25,
02OA039,2,1995,150,21.23,
02OA039,2,1995,151,21.21,
02OA039,2,1995,152,21.22,
02OA039,2,1995,153,21.22,
02OA039,2,1995,154,21.3,
02OA039,2,1995,155,21.46,
02OA039,2,1995,156,21.5,
02OA039,2,1995,157,21.43,
02OA039,2,1995,158,21.38,
02OA039,2,1995,159,21.31,
02OA039,2,1995,160,21.19,
02OA039,2,1995,161,21.18,
02OA039,2,1995,162,21.14,
02OA039,2,1995,163,21.13,
02OA039,2,1995,164,21.12,
02OA039,2,1995,165,21.03,
02OA039,2,1995,166,20.96,
02OA039,2,1995,167,20.95,
02OA039,2,1995,168,20.93,
02OA039,2,1995,169,20.91,
02OA039,2,1995,170,20.88,
02OA039,2,1995,171,20.93,
02OA039,2,1995,172,20.9,
02OA039,2,1995,173,20.95,
02OA039,2,1995,174,20.9,
02OA039,2,1995,175,20.83,
02OA039,2,1995,176,20.84,
02OA039,2,1995,177,20.82,
02OA039,2,1995,178,20.81,
02OA039,2,1995,179,20.86,
02OA039,2,1995,180,20.79,
02OA039,2,1995,181,20.83,
02OA039,2,1995,182,20.87,
02OA039,2,1995,183,20.82,
02OA039,2,1995,184,20.77,
02OA039,2,1995,185,20.78,
02OA039,2,1995,186,20.82,
02OA039,2,1995,187,20.85,
02OA039,2,1995,188,20.85,
02OA039,2,1995,189,20.81,
02OA039,2,1995,190,20.72,
02OA039,2,1995,191,20.74,
02OA039,2,1995,192,20.78,
02OA039,2,1995,193,20.73,
02OA039,2,1995,194,20.81,
02OA039,2,1995,195,20.72,
02OA039,2,1995,196,20.7,
02OA039,2,1995,197,20.74,
02OA039,2,1995,198,20.81,
02OA039,2,1995,199,20.79,
02OA039,2,1995,200,20.76,
02OA039,2,1995,201,20.82,
02OA039,2,1995,202,20.81,
02OA039,2,1995,203,20.78,
02OA039,2,1995,204,20.84,
02OA039,2,1995,205,20.97,
02OA039,2,1995,206,20.91,
02OA039,2,1995,207,20.91,
02OA039,2,1995,208,20.87,
02OA039,2,1995,209,20.88,
02OA039,2,1995,210,20.93,
02OA039,2,1995,211,20.93,
02OA039,2,1995,212,20.92,
02OA039,2,1995,213,20.92,
02OA039,2,1995,214,20.9,
02OA039,2,1995,215,20.91,
02OA039,2,1995,216,20.95,
02OA039,2,1995,217,21.01,
02OA039,2,1995,218,21.04,
02OA039,2,1995,219,21.15,
02OA039,2,1995,220,21.05,
02OA039,2,1995,221,21.01,
02OA039,2,1995,222,20.98,
02OA039,2,1995,223,20.97,
02OA039,2,1995,224,20.99,
02OA039,2,1995,225,20.87,
02OA039,2,1995,226,20.9,
02OA039,2,1995,227,20.98,
02OA039,2,1995,228,20.9,
02OA039,2,1995,229,20.94,
02OA039,2,1995,230,20.87,
02OA039,2,1995,231,20.89,
02OA039,2,1995,232,20.91,
02OA039,2,1995,233,20.95,
02OA039,2,1995,234,20.88,
02OA039,2,1995,235,20.89,
02OA039,2,1995,236,20.87,
02OA039,2,1995,237,20.84,
02OA039,2,1995,238,20.85,
02OA039,2,1995,239,20.86,
02OA039,2,1995,240,20.86,
02OA039,2,1995,241,20.85,
02OA039,2,1995,242,20.85,
02OA039,2,1995,243,20.86,
02OA039,2,1995,244,20.88,
02OA039,2,1995,245,20.8,
02OA039,2,1995,246,20.75,
02OA039,2,1995,247,20.8,
02OA039,2,1995,248,20.83,
02OA039,2,1995,249,20.92,
02OA039,2,1995,250,20.95,
02OA039,2,1995,251,20.9,
02OA039,2,1995,252,20.93,
02OA039,2,1995,253,20.87,
02OA039,2,1995,254,20.82,
02OA039,2,1995,255,20.82,
02OA039,2,1995,256,20.76,
02OA039,2,1995,257,20.85,
02OA039,2,1995,258,20.84,
02OA039,2,1995,259,20.87,
02OA039,2,1995,260,20.87,
02OA039,2,1995,261,20.87,
02OA039,2,1995,262,20.84,
02OA039,2,1995,263,20.8,
02OA039,2,1995,264,20.9,
02OA039,2,1995,265,20.94,
02OA039,2,1995,266,20.91,
02OA039,2,1995,267,20.81,
02OA039,2,1995,268,20.84,
02OA039,2,1995,269,20.85,
02OA039,2,1995,270,20.85,
02OA039,2,1995,271,20.78,
02OA039,2,1995,272,20.77,
02OA039,2,1995,273,20.8,
02OA039,2,1995,274,20.86,
02OA039,2,1995,275,20.85,
02OA039,2,1995,276,20.81,
02OA039,2,1995,277,20.8,
02OA039,2,1995,278,20.82,
02OA039,2,1995,279,20.91,
02OA039,2,1995,280,20.98,
02OA039,2,1995,281,20.91,
02OA039,2,1995,282,20.82,
02OA039,2,1995,283,20.81,
02OA039,2,1995,284,20.75,
02OA039,2,1995,285,20.76,
02OA039,2,1995,286,20.77,
02OA039,2,1995,287,20.86,
02OA039,2,1995,288,20.92,
02OA039,2,1995,289,20.83,
02OA039,2,1995,290,20.8,
02OA039,2,1995,291,20.94,
02OA039,2,1995,292,20.93,
02OA039,2,1995,293,20.92,
02OA039,2,1995,294,20.97,
02OA039,2,1995,295,21.22,
02OA039,2,1995,296,21.23,
02OA039,2,1995,297,21.23,
02OA039,2,1995,298,21.2,
02OA039,2,1995,299,21.07,
02OA039,2,1995,300,21.07,
02OA039,2,1995,301,21.1,
02OA039,2,1995,302,21.02,
02OA039,2,1995,303,21.03,
02OA039,2,1995,304,21.09,
02OA039,2,1995,305,21.05,
02OA039,2,1995,306,20.99,
02OA039,2,1995,307,21.15,
02OA039,2,1995,308,21.13,
02OA039,2,1995,309,21.03,
02OA039,2,1995,310,21.07,
02OA039,2,1995,311,21.11,
02OA039,2,1995,312,21.17,
02OA039,2,1995,313,21.21,
02OA039,2,1995,314,21.18,
02OA039,2,1995,315,21.26,
02OA039,2,1995,316,21.36,
02OA039,2,1995,317,21.3,
02OA039,2,1995,318,21.32,
02OA039,2,1995,319,21.42,
02OA039,2,1995,320,21.59,
02OA039,2,1995,321,21.51,
02OA039,2,1995,322,21.56,
02OA039,2,1995,323,21.58,
02OA039,2,1995,324,21.72,
02OA039,2,1995,325,21.57,
02OA039,2,1995,326,21.58,
02OA039,2,1995,327,21.56,
02OA039,2,1995,328,21.57,
02OA039,2,1995,329,21.57,
02OA039,2,1995,330,21.57,
02OA039,2,1995,331,21.5,
02OA039,2,1995,332,21.5,
02OA039,2,1995,333,21.54,
02OA039,2,1995,334,21.5,
02OA039,2,1995,335,21.51,
02OA039,2,1995,336,21.56,
02OA039,2,1995,337,21.47,
02OA039,2,1995,338,21.46,
02OA039,2,1995,339,21.48,
02OA039,2,1995,340,21.51,
02OA039,2,1995,341,21.52,
02OA039,2,1995,342,21.56,
02OA039,2,1995,343,21.42,
02OA039,2,1995,344,21.53,
02OA039,2,1995,345,21.56,
02OA039,2,1995,346,21.5,
02OA039,2,1995,347,21.23,
02OA039,2,1995,348,21.24,
02OA039,2,1995,349,21.22,
02OA039,2,1995,350,21.22,
02OA039,2,1995,351,21.29,
02OA039,2,1995,352,21.4,
02OA039,2,1995,353,21.49,
02OA039,2,1995,354,21.55,
02OA039,2,1995,355,21.37,
02OA039,2,1995,356,21.28,
02OA039,2,1995,357,21.3,
02OA039,2,1995,358,21.33,
02OA039,2,1995,359,21.35,
02OA039,2,1995,360,21.37,
02OA039,2,1995,361,21.39,
02OA039,2,1995,362,21.52,
02OA039,2,1995,363,21.67,
02OA039,2,1995,364,21.67,
02OA039,2,1995,365,21.64,
02OA039,2,1996,1,21.56,
02OA039,2,1996,2,21.6,
02OA039,2,1996,3,21.64,
02OA039,2,1996,4,21.76,
02OA039,2,1996,5,21.58,
02OA039,2,1996,6,21.4,
02OA039,2,1996,7,21.39,
02OA039,2,1996,8,21.36,
02OA039,2,1996,9,21.32,
02OA039,2,1996,10,21.2,
02OA039,2,1996,11,21.17,
02OA039,2,1996,12,21.16,
02OA039,2,1996,13,21.34,
02OA039,2,1996,14,21.47,
02OA039,2,1996,15,21.47,
02OA039,2,1996,16,21.49,
02OA039,2,1996,17,21.63,
02OA039,2,1996,18,21.23,
02OA039,2,1996,19,21.14,
02OA039,2,1996,20,21.46,
02OA039,2,1996,21,21.84,
02OA039,2,1996,22,21.76,
02OA039,2,1996,23,21.55,
02OA039,2,1996,24,21.42,
02OA039,2,1996,25,21.42,
02OA039,2,1996,26,21.58,
02OA039,2,1996,27,21.58,
02OA039,2,1996,28,21.36,
02OA039,2,1996,29,21.48,
02OA039,2,1996,30,21.53,
02OA039,2,1996,31,21.5,
02OA039,2,1996,32,21.58,
02OA039,2,1996,33,21.55,
02OA039,2,1996,34,21.6,
02OA039,2,1996,35,21.59,
02OA039,2,1996,36,21.59,
02OA039,2,1996,37,21.5,
02OA039,2,1996,38,21.57,
02OA039,2,1996,39,21.45,
02OA039,2,1996,40,21.31,
02OA039,2,1996,41,21.38,
02OA039,2,1996,42,21.35,
02OA039,2,1996,43,21.37,
02OA039,2,1996,44,21.47,
02OA039,2,1996,45,21.59,
02OA039,2,1996,46,21.62,
02OA039,2,1996,47,21.49,
02OA039,2,1996,48,21.45,
02OA039,2,1996,49,21.51,
02OA039,2,1996,50,21.67,
02OA039,2,1996,51,21.64,
02OA039,2,1996,52,21.5,
02OA039,2,1996,53,21.56,
02OA039,2,1996,54,21.63,
02OA039,2,1996,55,21.67,
02OA039,2,1996,56,21.72,
02OA039,2,1996,57,21.73,
02OA039,2,1996,58,21.66,
02OA039,2,1996,59,21.63,
02OA039,2,1996,60,21.61,
02OA039,2,1996,61,21.61,
02OA039,2,1996,62,21.53,
02OA039,2,1996,63,21.43,
02OA039,2,1996,64,21.49,
02OA039,2,1996,65,21.52,
02OA039,2,1996,66,21.52,
02OA039,2,1996,67,21.46,
02OA039,2,1996,68,21.55,
02OA039,2,1996,69,21.62,
02OA039,2,1996,70,21.58,
02OA039,2,1996,71,21.44,
02OA039,2,1996,72,21.37,
02OA039,2,1996,73,21.27,
02OA039,2,1996,74,21.28,
02OA039,2,1996,75,21.32,
02OA039,2,1996,76,21.4,
02OA039,2,1996,77,21.41,
02OA039,2,1996,78,21.32,
02OA039,2,1996,79,21.29,
02OA039,2,1996,80,21.35,
02OA039,2,1996,81,21.33,
02OA039,2,1996,82,21.42,
02OA039,2,1996,83,21.36,
02OA039,2,1996,84,21.35,
02OA039,2,1996,85,21.32,
02OA039,2,1996,86,21.36,
02OA039,2,1996,87,21.31,
02OA039,2,1996,88,21.37,
02OA039,2,1996,89,21.34,
02OA039,2,1996,90,21.38,
02OA039,2,1996,91,21.3,
02OA039,2,1996,92,21.33,
02OA039,2,1996,93,21.33,
02OA039,2,1996,94,21.32,
02OA039,2,1996,95,21.29,
02OA039,2,1996,96,21.31,
02OA039,2,1996,97,21.26,
02OA039,2,1996,98,21.21,
02OA039,2,1996,99,21.29,
02OA039,2,1996,100,21.31,
02OA039,2,1996,101,21.25,
02OA039,2,1996,102,21.32,
02OA039,2,1996,103,21.27,
02OA039,2,1996,104,21.25,
02OA039,2,1996,105,21.33,
02OA039,2,1996,106,21.42,
02OA039,2,1996,107,21.42,
02OA039,2,1996,108,21.6,
02OA039,2,1996,109,21.61,
02OA039,2,1996,110,21.56,
02OA039,2,1996,111,21.61,
02OA039,2,1996,112,21.83,
02OA039,2,1996,113,21.96,
02OA039,2,1996,114,22.08,
02OA039,2,1996,115,22.14,
02OA039,2,1996,116,22.05,
02OA039,2,1996,117,22.05,
02OA039,2,1996,118,22.06,
02OA039,2,1996,119,22.01,
02OA039,2,1996,120,22.02,
02OA039,2,1996,121,21.99,
02OA039,2,1996,122,22.01,
02OA039,2,1996,123,21.96,
02OA039,2,1996,124,22.03,
02OA039,2,1996,125,22.06,
02OA039,2,1996,126,22.05,
02OA039,2,1996,127,22.09,
02OA039,2,1996,128,22.1,
02OA039,2,1996,129,22.09,
02OA039,2,1996,130,22.04,
02OA039,2,1996,131,22.01,
02OA039,2,1996,132,22.02,
02OA039,2,1996,133,22.17,
02OA039,2,1996,134,22.23,
02OA039,2,1996,135,22.05,
02OA039,2,1996,136,21.9,
02OA039,2,1996,137,21.94,
02OA039,2,1996,138,21.95,
02OA039,2,1996,139,21.97,
02OA039,2,1996,140,21.95,
02OA039,2,1996,141,21.98,
02OA039,2,1996,142,21.96,
02OA039,2,1996,143,21.99,
02OA039,2,1996,144,21.99,
02OA039,2,1996,145,21.95,
02OA039,2,1996,146,21.96,
02OA039,2,1996,147,21.94,
02OA039,2,1996,148,21.91,
02OA039,2,1996,149,21.9,
02OA039,2,1996,150,21.88,
02OA039,2,1996,151,21.75,
02OA039,2,1996,152,21.76,
02OA039,2,1996,153,21.74,
02OA039,2,1996,154,21.73,
02OA039,2,1996,155,21.68,
02OA039,2,1996,156,21.68,
02OA039,2,1996,157,21.66,
02OA039,2,1996,158,21.61,
02OA039,2,1996,159,21.61,
02OA039,2,1996,160,21.62,
02OA039,2,1996,161,21.67,
02OA039,2,1996,162,21.73,
02OA039,2,1996,163,21.7,
02OA039,2,1996,164,21.73,
02OA039,2,1996,165,21.72,
02OA039,2,1996,166,21.74,
02OA039,2,1996,167,21.7,
02OA039,2,1996,168,21.69,
02OA039,2,1996,169,21.65,
02OA039,2,1996,170,21.6,
02OA039,2,1996,171,21.59,
02OA039,2,1996,172,21.57,
02OA039,2,1996,173,21.53,
02OA039,2,1996,174,21.53,
02OA039,2,1996,175,21.5,
02OA039,2,1996,176,21.53,
02OA039,2,1996,177,21.59,
02OA039,2,1996,178,21.55,
02OA039,2,1996,179,21.51,
02OA039,2,1996,180,21.48,
02OA039,2,1996,181,21.53,
02OA039,2,1996,182,21.55,
02OA039,2,1996,183,21.54,
02OA039,2,1996,184,21.51,
02OA039,2,1996,185,21.5,
02OA039,2,1996,186,21.57,
02OA039,2,1996,187,21.66,
02OA039,2,1996,188,21.72,
02OA039,2,1996,189,21.7,
02OA039,2,1996,190,21.66,
02OA039,2,1996,191,21.64,
02OA039,2,1996,192,21.62,
02OA039,2,1996,193,21.6,
02OA039,2,1996,194,21.6,
02OA039,2,1996,195,21.52,
02OA039,2,1996,196,21.5,
02OA039,2,1996,197,21.55,
02OA039,2,1996,198,21.51,
02OA039,2,1996,199,21.51,
02OA039,2,1996,200,21.55,
02OA039,2,1996,201,21.57,
02OA039,2,1996,202,21.61,
02OA039,2,1996,203,21.64,
02OA039,2,1996,204,21.59,
02OA039,2,1996,205,21.65,
02OA039,2,1996,206,21.65,
02OA039,2,1996,207,21.66,
02OA039,2,1996,208,21.68,
02OA039,2,1996,209,21.62,
02OA039,2,1996,210,21.5,
02OA039,2,1996,211,21.45,
02OA039,2,1996,212,21.5,
02OA039,2,1996,213,21.57,
02OA039,2,1996,214,21.59,
02OA039,2,1996,215,21.58,
02OA039,2,1996,216,,
02OA039,2,1996,217,,
02OA039,2,1996,218,,
02OA039,2,1996,219,,
02OA039,2,1996,220,,
02OA039,2,1996,221,,
02OA039,2,1996,222,,
02OA039,2,1996,223,,
02OA039,2,1996,224,,
02OA039,2,1996,225,,
02OA039,2,1996,226,,
02OA039,2,1996,227,,
02OA039,2,1996,228,,
02OA039,2,1996,229,,
02OA039,2,1996,230,,
02OA039,2,1996,231,,
02OA039,2,1996,232,,
02OA039,2,1996,233,,
02OA039,2,1996,234,,
02OA039,2,1996,235,,
02OA039,2,1996,236,,
02OA039,2,1996,237,,
02OA039,2,1996,238,,
02OA039,2,1996,239,,
02OA039,2,1996,240,,
02OA039,2,1996,241,,
02OA039,2,1996,242,,
02OA039,2,1996,243,,
02OA039,2,1996,244,,
02OA039,2,1996,245,,
02OA039,2,1996,246,,
02OA039,2,1996,247,,
02OA039,2,1996,248,21.26,
02OA039,2,1996,249,21.23,
02OA039,2,1996,250,21.23,
02OA039,2,1996,251,21.22,
02OA039,2,1996,252,21.3,
02OA039,2,1996,253,21.3,
02OA039,2,1996,254,21.29,
02OA039,2,1996,255,21.24,
02OA039,2,1996,256,21.28,
02OA039,2,1996,257,21.33,
02OA039,2,1996,258,21.25,
02OA039,2,1996,259,21.32,
02OA039,2,1996,260,21.33,
02OA039,2,1996,261,21.3,
02OA039,2,1996,262,21.3,
02OA039,2,1996,263,21.33,
02OA039,2,1996,264,21.29,
02OA039,2,1996,265,21.18,
02OA039,2,1996,266,21.18,
02OA039,2,1996,267,21.31,
02OA039,2,1996,268,21.38,
02OA039,2,1996,269,21.36,
02OA039,2,1996,270,21.37,
02OA039,2,1996,271,21.34,
02OA039,2,1996,272,21.44,
02OA039,2,1996,273,21.43,
02OA039,2,1996,274,21.39,
02OA039,2,1996,275,21.37,
02OA039,2,1996,276,21.41,
02OA039,2,1996,277,21.43,
02OA039,2,1996,278,21.4,
02OA039,2,1996,279,21.36,
02OA039,2,1996,280,21.38,
02OA039,2,1996,281,21.43,
02OA039,2,1996,282,21.41,
02OA039,2,1996,283,21.38,
02OA039,2,1996,284,21.4,
02OA039,2,1996,285,21.39,
02OA039,2,1996,286,21.39,
02OA039,2,1996,287,21.4,
02OA039,2,1996,288,21.42,
02OA039,2,1996,289,21.39,
02OA039,2,1996,290,21.39,
02OA039,2,1996,291,21.38,
02OA039,2,1996,292,21.23,
02OA039,2,1996,293,21.22,
02OA039,2,1996,294,21.22,
02OA039,2,1996,295,,
02OA039,2,1996,296,,
02OA039,2,1996,297,,
02OA039,2,1996,298,,
02OA039,2,1996,299,,
02OA039,2,1996,300,,
02OA039,2,1996,301,,
02OA039,2,1996,302,,
02OA039,2,1996,303,,
02OA039,2,1996,304,,
02OA039,2,1996,305,,
02OA039,2,1996,306,21.45,
02OA039,2,1996,307,21.4,
02OA039,2,1996,308,21.39,
02OA039,2,1996,309,21.42,
02OA039,2,1996,310,21.41,
02OA039,2,1996,311,21.34,
02OA039,2,1996,312,21.38,
02OA039,2,1996,313,21.42,
02OA039,2,1996,314,21.79,
02OA039,2,1996,315,22.07,
02OA039,2,1996,316,22.1,
02OA039,2,1996,317,21.95,
02OA039,2,1996,318,21.86,
02OA039,2,1996,319,21.79,
02OA039,2,1996,320,21.73,
02OA039,2,1996,321,21.7,
02OA039,2,1996,322,21.64,
02OA039,2,1996,323,21.64,
02OA039,2,1996,324,21.66,
02OA039,2,1996,325,21.68,
02OA039,2,1996,326,21.61,
02OA039,2,1996,327,21.61,
02OA039,2,1996,328,21.69,
02OA039,2,1996,329,21.65,
02OA039,2,1996,330,21.59,
02OA039,2,1996,331,21.44,
02OA039,2,1996,332,21.47,
02OA039,2,1996,333,21.58,
02OA039,2,1996,334,21.55,
02OA039,2,1996,335,21.53,
02OA039,2,1996,336,21.48,
02OA039,2,1996,337,21.61,
02OA039,2,1996,338,21.79,
02OA039,2,1996,339,21.71,
02OA039,2,1996,340,21.65,
02OA039,2,1996,341,21.61,
02OA039,2,1996,342,21.63,
02OA039,2,1996,343,21.68,
02OA039,2,1996,344,21.64,
02OA039,2,1996,345,21.64,
02OA039,2,1996,346,21.59,
02OA039,2,1996,347,21.46,
02OA039,2,1996,348,21.33,
02OA039,2,1996,349,21.57,
02OA039,2,1996,350,21.72,
02OA039,2,1996,351,21.78,
02OA039,2,1996,352,21.75,
02OA039,2,1996,353,21.78,
02OA039,2,1996,354,21.79,
02OA039,2,1996,355,21.85,
02OA039,2,1996,356,21.75,
02OA039,2,1996,357,21.69,
02OA039,2,1996,358,21.68,
02OA039,2,1996,359,21.69,
02OA039,2,1996,360,21.82,
02OA039,2,1996,361,21.75,
02OA039,2,1996,362,21.79,
02OA039,2,1996,363,21.82,
02OA039,2,1996,364,21.82,
02OA039,2,1996,365,21.85,
02OA039,2,1996,366,21.81,
02OA039,2,1997,1,21.78,
02OA039,2,1997,2,21.75,
02OA039,2,1997,3,21.79,
02OA039,2,1997,4,21.79,
02OA039,2,1997,5,21.82,
02OA039,2,1997,6,21.86,
02OA039,2,1997,7,21.92,
02OA039,2,1997,8,21.86,
02OA039,2,1997,9,21.51,
02OA039,2,1997,10,21.4,
02OA039,2,1997,11,21.35,
02OA039,2,1997,12,21.36,
02OA039,2,1997,13,21.38,
02OA039,2,1997,14,21.45,
02OA039,2,1997,15,21.45,
02OA039,2,1997,16,21.42,
02OA039,2,1997,17,21.26,
02OA039,2,1997,18,21.34,
02OA039,2,1997,19,21.39,
02OA039,2,1997,20,21.42,
02OA039,2,1997,21,21.41,
02OA039,2,1997,22,21.42,
02OA039,2,1997,23,21.32,
02OA039,2,1997,24,21.43,
02OA039,2,1997,25,21.56,
02OA039,2,1997,26,21.34,
02OA039,2,1997,27,21.4,
02OA039,2,1997,28,21.44,
02OA039,2,1997,29,21.44,
02OA039,2,1997,30,21.5,
02OA039,2,1997,31,21.54,
02OA039,2,1997,32,21.5,
02OA039,2,1997,33,21.46,
02OA039,2,1997,34,21.38,
02OA039,2,1997,35,21.46,
02OA039,2,1997,36,21.49,
02OA039,2,1997,37,21.49,
02OA039,2,1997,38,21.53,
02OA039,2,1997,39,21.67,
02OA039,2,1997,40,21.7,
02OA039,2,1997,41,21.73,
02OA039,2,1997,42,21.79,
02OA039,2,1997,43,21.77,
02OA039,2,1997,44,21.73,
02OA039,2,1997,45,21.8,
02OA039,2,1997,46,21.82,
02OA039,2,1997,47,21.82,
02OA039,2,1997,48,21.8,
02OA039,2,1997,49,21.73,
02OA039,2,1997,50,21.68,
02OA039,2,1997,51,21.77,
02OA039,2,1997,52,21.83,
02OA039,2,1997,53,21.88,
02OA039,2,1997,54,21.88,
02OA039,2,1997,55,21.87,
02OA039,2,1997,56,21.97,
02OA039,2,1997,57,21.93,
02OA039,2,1997,58,21.9,
02OA039,2,1997,59,21.92,
02OA039,2,1997,60,21.95,
02OA039,2,1997,61,21.96,
02OA039,2,1997,62,22.09,
02OA039,2,1997,63,22.14,
02OA039,2,1997,64,22.07,
02OA039,2,1997,65,21.99,
02OA039,2,1997,66,21.94,
02OA039,2,1997,67,21.94,
02OA039,2,1997,68,21.98,
02OA039,2,1997,69,21.95,
02OA039,2,1997,70,21.88,
02OA039,2,1997,71,21.9,
02OA039,2,1997,72,21.95,
02OA039,2,1997,73,22.04,
02OA039,2,1997,74,22.05,
02OA039,2,1997,75,21.96,
02OA039,2,1997,76,21.97,
02OA039,2,1997,77,21.94,
02OA039,2,1997,78,21.9,
02OA039,2,1997,79,21.86,
02OA039,2,1997,80,21.88,
02OA039,2,1997,81,21.86,
02OA039,2,1997,82,21.88,
02OA039,2,1997,83,21.89,
02OA039,2,1997,84,21.79,
02OA039,2,1997,85,21.65,
02OA039,2,1997,86,21.75,
02OA039,2,1997,87,21.87,
02OA039,2,1997,88,21.93,
02OA039,2,1997,89,22.05,
02OA039,2,1997,90,22.16,
02OA039,2,1997,91,22.14,
02OA039,2,1997,92,22,
02OA039,2,1997,93,21.91,
02OA039,2,1997,94,21.83,
02OA039,2,1997,95,21.88,
02OA039,2,1997,96,22.2,
02OA039,2,1997,97,22.32,
02OA039,2,1997,98,22.31,
02OA039,2,1997,99,22.23,
02OA039,2,1997,100,22.22,
02OA039,2,1997,101,22.25,
02OA039,2,1997,102,22.21,
02OA039,2,1997,103,22.24,
02OA039,2,1997,104,22.28,
02OA039,2,1997,105,22.26,
02OA039,2,1997,106,22.24,
02OA039,2,1997,107,22.27,
02OA039,2,1997,108,22.25,
02OA039,2,1997,109,22.3,
02OA039,2,1997,110,22.29,
02OA039,2,1997,111,22.29,
02OA039,2,1997,112,22.3,
02OA039,2,1997,113,22.26,
02OA039,2,1997,114,22.23,
02OA039,2,1997,115,22.24,
02OA039,2,1997,116,22.2,
02OA039,2,1997,117,22.25,
02OA039,2,1997,118,22.29,
02OA039,2,1997,119,,
02OA039,2,1997,120,,
02OA039,2,1997,121,22.28,
02OA039,2,1997,122,22.27,
02OA039,2,1997,123,22.23,
02OA039,2,1997,124,22.32,
02OA039,2,1997,125,22.29,
02OA039,2,1997,126,22.3,
02OA039,2,1997,127,22.29,
02OA039,2,1997,128,22.25,
02OA039,2,1997,129,22.26,
02OA039,2,1997,130,22.27,
02OA039,2,1997,131,22.27,
02OA039,2,1997,132,22.2,
02OA039,2,1997,133,22.23,
02OA039,2,1997,134,22.26,
02OA039,2,1997,135,22.23,
02OA039,2,1997,136,22.25,
02OA039,2,1997,137,22.24,
02OA039,2,1997,138,22.31,
02OA039,2,1997,139,22.32,
02OA039,2,1997,140,22.36,
02OA039,2,1997,141,22.24,
02OA039,2,1997,142,22.22,
02OA039,2,1997,143,22.21,
02OA039,2,1997,144,22.25,
02OA039,2,1997,145,22.27,
02OA039,2,1997,146,22.21,
02OA039,2,1997,147,22.15,
02OA039,2,1997,148,22.16,
02OA039,2,1997,149,22.1,
02OA039,2,1997,150,22.13,
02OA039,2,1997,151,22.15,
02OA039,2,1997,152,22.09,
02OA039,2,1997,153,22.07,
02OA039,2,1997,154,22.06,
02OA039,2,1997,155,22.06,
02OA039,2,1997,156,22.03,
02OA039,2,1997,157,22,
02OA039,2,1997,158,21.97,
02OA039,2,1997,159,21.95,
02OA039,2,1997,160,21.93,
02OA039,2,1997,161,21.91,
02OA039,2,1997,162,21.88,
02OA039,2,1997,163,21.89,
02OA039,2,1997,164,21.85,
02OA039,2,1997,165,21.81,
02OA039,2,1997,166,21.79,
02OA039,2,1997,167,21.8,
02OA039,2,1997,168,21.81,
02OA039,2,1997,169,21.8,
02OA039,2,1997,170,21.76,
02OA039,2,1997,171,21.72,
02OA039,2,1997,172,21.72,
02OA039,2,1997,173,21.83,
02OA039,2,1997,174,21.8,
02OA039,2,1997,175,21.8,
02OA039,2,1997,176,21.79,
02OA039,2,1997,177,21.77,
02OA039,2,1997,178,21.78,
02OA039,2,1997,179,21.78,
02OA039,2,1997,180,21.75,
02OA039,2,1997,181,21.75,
02OA039,2,1997,182,21.74,
02OA039,2,1997,183,21.74,
02OA039,2,1997,184,21.77,
02OA039,2,1997,185,21.78,
02OA039,2,1997,186,21.8,
02OA039,2,1997,187,21.73,
02OA039,2,1997,188,21.71,
02OA039,2,1997,189,21.69,
02OA039,2,1997,190,21.78,
02OA039,2,1997,191,21.76,
02OA039,2,1997,192,21.7,
02OA039,2,1997,193,21.64,
02OA039,2,1997,194,21.68,
02OA039,2,1997,195,21.65,
02OA039,2,1997,196,21.72,
02OA039,2,1997,197,21.78,
02OA039,2,1997,198,21.71,
02OA039,2,1997,199,21.65,
02OA039,2,1997,200,21.73,
02OA039,2,1997,201,21.71,
02OA039,2,1997,202,21.69,
02OA039,2,1997,203,21.68,
02OA039,2,1997,204,21.72,
02OA039,2,1997,205,21.61,
02OA039,2,1997,206,21.63,
02OA039,2,1997,207,21.63,
02OA039,2,1997,208,21.6,
02OA039,2,1997,209,21.62,
02OA039,2,1997,210,21.58,
02OA039,2,1997,211,21.58,
02OA039,2,1997,212,21.58,
02OA039,2,1997,213,21.56,
02OA039,2,1997,214,21.55,
02OA039,2,1997,215,21.56,
02OA039,2,1997,216,21.55,
02OA039,2,1997,217,21.54,
02OA039,2,1997,218,21.56,
02OA039,2,1997,219,21.55,
02OA039,2,1997,220,21.51,
02OA039,2,1997,221,21.47,
02OA039,2,1997,222,21.49,
02OA039,2,1997,223,21.48,
02OA039,2,1997,224,21.5,
02OA039,2,1997,225,21.48,
02OA039,2,1997,226,21.52,
02OA039,2,1997,227,21.51,
02OA039,2,1997,228,21.49,
02OA039,2,1997,229,21.47,
02OA039,2,1997,230,21.43,
02OA039,2,1997,231,21.41,
02OA039,2,1997,232,21.39,
02OA039,2,1997,233,21.42,
02OA039,2,1997,234,21.47,
02OA039,2,1997,235,21.48,
02OA039,2,1997,236,21.43,
02OA039,2,1997,237,21.42,
02OA039,2,1997,238,21.43,
02OA039,2,1997,239,21.43,
02OA039,2,1997,240,21.44,
02OA039,2,1997,241,21.43,
02OA039,2,1997,242,21.48,
02OA039,2,1997,243,21.43,
02OA039,2,1997,244,21.42,
02OA039,2,1997,245,21.4,
02OA039,2,1997,246,21.43,
02OA039,2,1997,247,21.41,
02OA039,2,1997,248,21.42,
02OA039,2,1997,249,21.4,
02OA039,2,1997,250,21.37,
02OA039,2,1997,251,21.39,
02OA039,2,1997,252,21.39,
02OA039,2,1997,253,21.4,
02OA039,2,1997,254,21.39,
02OA039,2,1997,255,21.45,
02OA039,2,1997,256,21.48,
02OA039,2,1997,257,21.37,
02OA039,2,1997,258,21.38,
02OA039,2,1997,259,21.33,
02OA039,2,1997,260,21.37,
02OA039,2,1997,261,21.4,
02OA039,2,1997,262,21.41,
02OA039,2,1997,263,21.46,
02OA039,2,1997,264,21.45,
02OA039,2,1997,265,21.38,
02OA039,2,1997,266,21.41,
02OA039,2,1997,267,21.43,
02OA039,2,1997,268,21.43,
02OA039,2,1997,269,21.44,
02OA039,2,1997,270,21.46,
02OA039,2,1997,271,21.42,
02OA039,2,1997,272,21.47,
02OA039,2,1997,273,21.5,
02OA039,2,1997,274,21.46,
02OA039,2,1997,275,21.44,
02OA039,2,1997,276,21.46,
02OA039,2,1997,277,21.47,
02OA039,2,1997,278,21.47,
02OA039,2,1997,279,21.47,
02OA039,2,1997,280,21.43,
02OA039,2,1997,281,21.44,
02OA039,2,1997,282,21.41,
02OA039,2,1997,283,21.47,
02OA039,2,1997,284,21.36,
02OA039,2,1997,285,21.41,
02OA039,2,1997,286,21.42,
02OA039,2,1997,287,21.41,
02OA039,2,1997,288,21.43,
02OA039,2,1997,289,21.36,
02OA039,2,1997,290,21.38,
02OA039,2,1997,291,21.31,
02OA039,2,1997,292,21.33,
02OA039,2,1997,293,21.39,
02OA039,2,1997,294,21.4,
02OA039,2,1997,295,21.34,
02OA039,2,1997,296,21.38,
02OA039,2,1997,297,21.39,
02OA039,2,1997,298,21.37,
02OA039,2,1997,299,21.23,
02OA039,2,1997,300,21.26,
02OA039,2,1997,301,21.42,
02OA039,2,1997,302,21.41,
02OA039,2,1997,303,21.43,
02OA039,2,1997,304,21.36,
02OA039,2,1997,305,21.32,
02OA039,2,1997,306,21.27,
02OA039,2,1997,307,21.3,
02OA039,2,1997,308,21.46,
02OA039,2,1997,309,21.55,
02OA039,2,1997,310,21.51,
02OA039,2,1997,311,21.46,
02OA039,2,1997,312,21.5,
02OA039,2,1997,313,21.45,
02OA039,2,1997,314,21.49,
02OA039,2,1997,315,21.5,
02OA039,2,1997,316,21.44,
02OA039,2,1997,317,21.42,
02OA039,2,1997,318,21.37,
02OA039,2,1997,319,21.21,
02OA039,2,1997,320,21.39,
02OA039,2,1997,321,21.43,
02OA039,2,1997,322,21.37,
02OA039,2,1997,323,21.42,
02OA039,2,1997,324,21.43,
02OA039,2,1997,325,21.39,
02OA039,2,1997,326,21.28,
02OA039,2,1997,327,21.17,
02OA039,2,1997,328,21.34,
02OA039,2,1997,329,21.4,
02OA039,2,1997,330,21.39,
02OA039,2,1997,331,21.41,
02OA039,2,1997,332,21.49,
02OA039,2,1997,333,21.4,
02OA039,2,1997,334,21.38,
02OA039,2,1997,335,21.39,
02OA039,2,1997,336,21.39,
02OA039,2,1997,337,21.4,
02OA039,2,1997,338,21.32,
02OA039,2,1997,339,21.31,
02OA039,2,1997,340,21.45,
02OA039,2,1997,341,21.41,
02OA039,2,1997,342,21.43,
02OA039,2,1997,343,21.41,
02OA039,2,1997,344,21.34,
02OA039,2,1997,345,21.15,
02OA039,2,1997,346,21.23,
02OA039,2,1997,347,21.34,
02OA039,2,1997,348,21.38,
02OA039,2,1997,349,21.37,
02OA039,2,1997,350,21.31,
02OA039,2,1997,351,21.43,
02OA039,2,1997,352,21.44,
02OA039,2,1997,353,21.34,
02OA039,2,1997,354,21.36,
02OA039,2,1997,355,21.36,
02OA039,2,1997,356,21.3,
02OA039,2,1997,357,21.3,
02OA039,2,1997,358,21.34,
02OA039,2,1997,359,21.28,
02OA039,2,1997,360,21.38,
02OA039,2,1997,361,21.33,
02OA039,2,1997,362,21.32,
02OA039,2,1997,363,21.37,
02OA039,2,1997,364,21.41,
02OA039,2,1997,365,21.34,
02OA039,2,1998,1,21.4,
02OA039,2,1998,2,21.4,
02OA039,2,1998,3,21.4,
02OA039,2,1998,4,21.41,
02OA039,2,1998,5,21.53,
02OA039,2,1998,6,21.66,
02OA039,2,1998,7,21.66,
02OA039,2,1998,8,21.42,
02OA039,2,1998,9,21.03,
02OA039,2,1998,10,20.87,
02OA039,2,1998,11,20.95,
02OA039,2,1998,12,21.33,
02OA039,2,1998,13,21.39,
02OA039,2,1998,14,21.31,
02OA039,2,1998,15,21.27,
02OA039,2,1998,16,21.38,
02OA039,2,1998,17,21.52,
02OA039,2,1998,18,21.58,
02OA039,2,1998,19,21.51,
02OA039,2,1998,20,21.31,
02OA039,2,1998,21,21.19,
02OA039,2,1998,22,21.36,
02OA039,2,1998,23,21.5,
02OA039,2,1998,24,21.5,
02OA039,2,1998,25,21.56,
02OA039,2,1998,26,21.59,
02OA039,2,1998,27,21.61,
02OA039,2,1998,28,21.6,
02OA039,2,1998,29,21.46,
02OA039,2,1998,30,21.31,
02OA039,2,1998,31,21.11,
02OA039,2,1998,32,20.98,
02OA039,2,1998,33,21.09,
02OA039,2,1998,34,21.04,
02OA039,2,1998,35,21.14,
02OA039,2,1998,36,21.34,
02OA039,2,1998,37,21.4,
02OA039,2,1998,38,21.37,
02OA039,2,1998,39,21.35,
02OA039,2,1998,40,21.32,
02OA039,2,1998,41,21.29,
02OA039,2,1998,42,21.3,
02OA039,2,1998,43,21.31,
02OA039,2,1998,44,21.32,
02OA039,2,1998,45,21.55,
02OA039,2,1998,46,21.71,
02OA039,2,1998,47,21.78,
02OA039,2,1998,48,21.71,
02OA039,2,1998,49,21.7,
02OA039,2,1998,50,21.69,
02OA039,2,1998,51,21.72,
02OA039,2,1998,52,21.74,
02OA039,2,1998,53,21.79,
02OA039,2,1998,54,21.78,
02OA039,2,1998,55,21.8,
02OA039,2,1998,56,21.8,
02OA039,2,1998,57,21.74,
02OA039,2,1998,58,21.73,
02OA039,2,1998,59,21.71,
02OA039,2,1998,60,21.76,
02OA039,2,1998,61,21.82,
02OA039,2,1998,62,21.89,
02OA039,2,1998,63,21.87,
02OA039,2,1998,64,21.85,
02OA039,2,1998,65,22,
02OA039,2,1998,66,21.99,
02OA039,2,1998,67,22.01,
02OA039,2,1998,68,22.02,
02OA039,2,1998,69,22.14,
02OA039,2,1998,70,22.26,
02OA039,2,1998,71,22.27,
02OA039,2,1998,72,22.16,
02OA039,2,1998,73,22.08,
02OA039,2,1998,74,22.02,
02OA039,2,1998,75,22,
02OA039,2,1998,76,21.97,
02OA039,2,1998,77,21.92,
02OA039,2,1998,78,21.93,
02OA039,2,1998,79,21.95,
02OA039,2,1998,80,21.96,
02OA039,2,1998,81,21.98,
02OA039,2,1998,82,21.97,
02OA039,2,1998,83,21.94,
02OA039,2,1998,84,21.92,
02OA039,2,1998,85,21.93,
02OA039,2,1998,86,21.96,
02OA039,2,1998,87,22.24,
02OA039,2,1998,88,22.33,
02OA039,2,1998,89,22.39,
02OA039,2,1998,90,22.34,
02OA039,2,1998,91,22.15,
02OA039,2,1998,92,22.13,
02OA039,2,1998,93,22.01,
02OA039,2,1998,94,21.99,
02OA039,2,1998,95,21.83,
02OA039,2,1998,96,21.82,
02OA039,2,1998,97,21.88,
02OA039,2,1998,98,21.97,
02OA039,2,1998,99,22.14,
02OA039,2,1998,100,22.26,
02OA039,2,1998,101,22.26,
02OA039,2,1998,102,22.3,
02OA039,2,1998,103,22.31,
02OA039,2,1998,104,22.3,
02OA039,2,1998,105,22.3,
02OA039,2,1998,106,22.28,
02OA039,2,1998,107,22.29,
02OA039,2,1998,108,22.26,
02OA039,2,1998,109,22.26,
02OA039,2,1998,110,22.3,
02OA039,2,1998,111,22.32,
02OA039,2,1998,112,22.32,
02OA039,2,1998,113,22.33,
02OA039,2,1998,114,22.28,
02OA039,2,1998,115,22.29,
02OA039,2,1998,116,22.2,
02OA039,2,1998,117,22.19,
02OA039,2,1998,118,22.19,
02OA039,2,1998,119,22.13,
02OA039,2,1998,120,22.12,
02OA039,2,1998,121,22.06,
02OA039,2,1998,122,22.01,
02OA039,2,1998,123,22,
02OA039,2,1998,124,21.97,
02OA039,2,1998,125,21.95,
02OA039,2,1998,126,21.94,
02OA039,2,1998,127,21.94,
02OA039,2,1998,128,21.97,
02OA039,2,1998,129,21.97,
02OA039,2,1998,130,21.93,
02OA039,2,1998,131,21.88,
02OA039,2,1998,132,21.88,
02OA039,2,1998,133,21.88,
02OA039,2,1998,134,21.86,
02OA039,2,1998,135,21.83,
02OA039,2,1998,136,21.83,
02OA039,2,1998,137,21.81,
02OA039,2,1998,138,21.77,
02OA039,2,1998,139,21.77,
02OA039,2,1998,140,21.73,
02OA039,2,1998,141,21.77,
02OA039,2,1998,142,21.75,
02OA039,2,1998,143,21.7,
02OA039,2,1998,144,21.65,
02OA039,2,1998,145,21.66,
02OA039,2,1998,146,21.68,
02OA039,2,1998,147,21.66,
02OA039,2,1998,148,21.65,
02OA039,2,1998,149,,
02OA039,2,1998,150,,
02OA039,2,1998,151,,
02OA039,2,1998,152,21.67,
02OA039,2,1998,153,21.64,
02OA039,2,1998,154,21.61,
02OA039,2,1998,155,21.62,
02OA039,2,1998,156,21.59,
02OA039,2,1998,157,21.55,
02OA039,2,1998,158,21.57,
02OA039,2,1998,159,21.58,
02OA039,2,1998,160,21.57,
02OA039,2,1998,161,21.54,
02OA039,2,1998,162,21.54,
02OA039,2,1998,163,21.54,
02OA039,2,1998,164,21.51,
02OA039,2,1998,165,21.53,
02OA039,2,1998,166,21.57,
02OA039,2,1998,167,21.61,
02OA039,2,1998,168,21.63,
02OA039,2,1998,169,21.66,
02OA039,2,1998,170,21.68,
02OA039,2,1998,171,21.64,
02OA039,2,1998,172,21.64,
02OA039,2,1998,173,21.65,
02OA039,2,1998,174,21.63,
02OA039,2,1998,175,21.63,
02OA039,2,1998,176,21.56,
02OA039,2,1998,177,21.6,
02OA039,2,1998,178,21.7,
02OA039,2,1998,179,21.76,
02OA039,2,1998,180,21.76,
02OA039,2,1998,181,21.71,
02OA039,2,1998,182,21.75,
02OA039,2,1998,183,21.84,
02OA039,2,1998,184,21.84,
02OA039,2,1998,185,21.82,
02OA039,2,1998,186,21.79,
02OA039,2,1998,187,21.74,
02OA039,2,1998,188,21.72,
02OA039,2,1998,189,21.69,
02OA039,2,1998,190,21.66,
02OA039,2,1998,191,21.78,
02OA039,2,1998,192,21.73,
02OA039,2,1998,193,21.65,
02OA039,2,1998,194,21.68,
02OA039,2,1998,195,21.64,
02OA039,2,1998,196,21.62,
02OA039,2,1998,197,21.62,
02OA039,2,1998,198,21.62,
02OA039,2,1998,199,21.64,
02OA039,2,1998,200,21.55,
02OA039,2,1998,201,21.57,
02OA039,2,1998,202,21.55,
02OA039,2,1998,203,21.6,
02OA039,2,1998,204,21.54,
02OA039,2,1998,205,21.55,
02OA039,2,1998,206,21.53,
02OA039,2,1998,207,21.52,
02OA039,2,1998,208,21.53,
02OA039,2,1998,209,21.51,
02OA039,2,1998,210,21.51,
02OA039,2,1998,211,21.49,
02OA039,2,1998,212,21.53,
02OA039,2,1998,213,,
02OA039,2,1998,214,21.47,
02OA039,2,1998,215,21.44,
02OA039,2,1998,216,21.46,
02OA039,2,1998,217,21.49,
02OA039,2,1998,218,21.45,
02OA039,2,1998,219,21.49,
02OA039,2,1998,220,21.5,
02OA039,2,1998,221,21.45,
02OA039,2,1998,222,21.44,
02OA039,2,1998,223,21.45,
02OA039,2,1998,224,21.46,
02OA039,2,1998,225,21.47,
02OA039,2,1998,226,21.46,
02OA039,2,1998,227,21.44,
02OA039,2,1998,228,21.42,
02OA039,2,1998,229,21.39,
02OA039,2,1998,230,21.41,
02OA039,2,1998,231,21.4,
02OA039,2,1998,232,21.35,
02OA039,2,1998,233,21.32,
02OA039,2,1998,234,21.37,
02OA039,2,1998,235,21.31,
02OA039,2,1998,236,21.26,
02OA039,2,1998,237,21.3,
02OA039,2,1998,238,21.38,
02OA039,2,1998,239,21.34,
02OA039,2,1998,240,21.36,
02OA039,2,1998,241,21.39,
02OA039,2,1998,242,21.38,
02OA039,2,1998,243,21.37,
02OA039,2,1998,244,21.34,
02OA039,2,1998,245,21.36,
02OA039,2,1998,246,21.36,
02OA039,2,1998,247,21.37,
02OA039,2,1998,248,21.33,
02OA039,2,1998,249,21.29,
02OA039,2,1998,250,21.3,
02OA039,2,1998,251,21.29,
02OA039,2,1998,252,21.32,
02OA039,2,1998,253,21.32,
02OA039,2,1998,254,21.38,
02OA039,2,1998,255,21.36,
02OA039,2,1998,256,21.28,
02OA039,2,1998,257,21.25,
02OA039,2,1998,258,21.25,
02OA039,2,1998,259,21.29,
02OA039,2,1998,260,21.24,
02OA039,2,1998,261,21.2,
02OA039,2,1998,262,21.24,
02OA039,2,1998,263,21.17,
02OA039,2,1998,264,21.16,
02OA039,2,1998,265,21.23,
02OA039,2,1998,266,21.25,
02OA039,2,1998,267,21.27,
02OA039,2,1998,268,21.24,
02OA039,2,1998,269,21.17,
02OA039,2,1998,270,21.27,
02OA039,2,1998,271,21.33,
02OA039,2,1998,272,21.3,
02OA039,2,1998,273,21.34,
02OA039,2,1998,274,21.29,
02OA039,2,1998,275,21.3,
02OA039,2,1998,276,21.18,
02OA039,2,1998,277,21.2,
02OA039,2,1998,278,21.21,
02OA039,2,1998,279,21.19,
02OA039,2,1998,280,21.07,
02OA039,2,1998,281,21.15,
02OA039,2,1998,282,21.19,
02OA039,2,1998,283,21.14,
02OA039,2,1998,284,21.1,
02OA039,2,1998,285,21.01,
02OA039,2,1998,286,21.13,
02OA039,2,1998,287,21.12,
02OA039,2,1998,288,21.14,
02OA039,2,1998,289,21.16,
02OA039,2,1998,290,21.12,
02OA039,2,1998,291,21.14,
02OA039,2,1998,292,21.1,
02OA039,2,1998,293,21.14,
02OA039,2,1998,294,21.02,
02OA039,2,1998,295,21.07,
02OA039,2,1998,296,21.05,
02OA039,2,1998,297,21,
02OA039,2,1998,298,20.95,
02OA039,2,1998,299,20.89,
02OA039,2,1998,300,20.96,
02OA039,2,1998,301,20.96,
02OA039,2,1998,302,20.97,
02OA039,2,1998,303,20.96,
02OA039,2,1998,304,20.9,
02OA039,2,1998,305,20.88,
02OA039,2,1998,306,20.87,
02OA039,2,1998,307,20.77,
02OA039,2,1998,308,20.8,
02OA039,2,1998,309,20.84,
02OA039,2,1998,310,20.82,
02OA039,2,1998,311,20.73,
02OA039,2,1998,312,20.72,
02OA039,2,1998,313,20.73,
02OA039,2,1998,314,20.8,
02OA039,2,1998,315,20.87,
02OA039,2,1998,316,20.88,
02OA039,2,1998,317,20.82,
02OA039,2,1998,318,20.81,
02OA039,2,1998,319,20.85,
02OA039,2,1998,320,20.85,
02OA039,2,1998,321,20.84,
02OA039,2,1998,322,20.76,
02OA039,2,1998,323,20.67,
02OA039,2,1998,324,20.75,
02OA039,2,1998,325,20.81,
02OA039,2,1998,326,20.75,
02OA039,2,1998,327,20.73,
02OA039,2,1998,328,20.8,
02OA039,2,1998,329,20.76,
02OA039,2,1998,330,20.84,
02OA039,2,1998,331,20.9,
02OA039,2,1998,332,20.86,
02OA039,2,1998,333,20.78,
02OA039,2,1998,334,20.71,
02OA039,2,1998,335,20.74,
02OA039,2,1998,336,20.72,
02OA039,2,1998,337,20.73,
02OA039,2,1998,338,20.79,
02OA039,2,1998,339,20.71,
02OA039,2,1998,340,20.74,
02OA039,2,1998,341,20.74,
02OA039,2,1998,342,20.69,
02OA039,2,1998,343,20.7,
02OA039,2,1998,344,20.74,
02OA039,2,1998,345,20.7,
02OA039,2,1998,346,20.7,
02OA039,2,1998,347,20.84,
02OA039,2,1998,348,20.85,
02OA039,2,1998,349,20.75,
02OA039,2,1998,350,20.74,
02OA039,2,1998,351,20.81,
02OA039,2,1998,352,20.85,
02OA039,2,1998,353,20.74,
02OA039,2,1998,354,20.68,
02OA039,2,1998,355,20.72,
02OA039,2,1998,356,20.81,
02OA039,2,1998,357,20.75,
02OA039,2,1998,358,20.72,
02OA039,2,1998,359,20.75,
02OA039,2,1998,360,20.87,
02OA039,2,1998,361,20.91,
02OA039,2,1998,362,20.83,
02OA039,2,1998,363,20.8,
02OA039,2,1998,364,20.69,
02OA039,2,1998,365,20.67,
02OA039,2,1999,1,20.68,
02OA039,2,1999,2,20.71,
02OA039,2,1999,3,20.86,
02OA039,2,1999,4,20.89,
02OA039,2,1999,5,20.96,
02OA039,2,1999,6,21.02,
02OA039,2,1999,7,21.01,
02OA039,2,1999,8,21.1,
02OA039,2,1999,9,21.01,
02OA039,2,1999,10,20.96,
02OA039,2,1999,11,21.04,
02OA039,2,1999,12,21.25,
02OA039,2,1999,13,21.21,
02OA039,2,1999,14,21.36,
02OA039,2,1999,15,21.41,
02OA039,2,1999,16,21.22,
02OA039,2,1999,17,21.07,
02OA039,2,1999,18,20.9,
02OA039,2,1999,19,20.75,
02OA039,2,1999,20,20.67,
02OA039,2,1999,21,20.76,
02OA039,2,1999,22,20.89,
02OA039,2,1999,23,20.94,
02OA039,2,1999,24,20.81,
02OA039,2,1999,25,20.94,
02OA039,2,1999,26,21.26,
02OA039,2,1999,27,21.26,
02OA039,2,1999,28,21.3,
02OA039,2,1999,29,21.49,
02OA039,2,1999,30,21.45,
02OA039,2,1999,31,21.46,
02OA039,2,1999,32,21.37,
02OA039,2,1999,33,21.27,
02OA039,2,1999,34,21.14,
02OA039,2,1999,35,21.08,
02OA039,2,1999,36,21.11,
02OA039,2,1999,37,21.21,
02OA039,2,1999,38,21.29,
02OA039,2,1999,39,21.25,
02OA039,2,1999,40,21.28,
02OA039,2,1999,41,21.11,
02OA039,2,1999,42,21.14,
02OA039,2,1999,43,21.09,
02OA039,2,1999,44,21.08,
02OA039,2,1999,45,21.21,
02OA039,2,1999,46,21.23,
02OA039,2,1999,47,21.13,
02OA039,2,1999,48,21.08,
02OA039,2,1999,49,21.06,
02OA039,2,1999,50,21.07,
02OA039,2,1999,51,21.06,
02OA039,2,1999,52,21.17,
02OA039,2,1999,53,21.27,
02OA039,2,1999,54,21.18,
02OA039,2,1999,55,21.06,
02OA039,2,1999,56,21.17,
02OA039,2,1999,57,21.07,
02OA039,2,1999,58,21.06,
02OA039,2,1999,59,21.07,
02OA039,2,1999,60,21.05,
02OA039,2,1999,61,21.02,
02OA039,2,1999,62,21.08,
02OA039,2,1999,63,21.05,
02OA039,2,1999,64,21.06,
02OA039,2,1999,65,21.24,
02OA039,2,1999,66,21.32,
02OA039,2,1999,67,21.24,
02OA039,2,1999,68,21.14,
02OA039,2,1999,69,21.12,
02OA039,2,1999,70,21.11,
02OA039,2,1999,71,21.04,
02OA039,2,1999,72,21.07,
02OA039,2,1999,73,21.09,
02OA039,2,1999,74,21.12,
02OA039,2,1999,75,21.05,
02OA039,2,1999,76,21.04,
02OA039,2,1999,77,21.07,
02OA039,2,1999,78,21.15,
02OA039,2,1999,79,21.13,
02OA039,2,1999,80,21.09,
02OA039,2,1999,81,21.2,
02OA039,2,1999,82,21.28,
02OA039,2,1999,83,21.16,
02OA039,2,1999,84,21.16,
02OA039,2,1999,85,21.08,
02OA039,2,1999,86,21.17,
02OA039,2,1999,87,21.09,
02OA039,2,1999,88,21.19,
02OA039,2,1999,89,21.26,
02OA039,2,1999,90,21.36,
02OA039,2,1999,91,21.46,
02OA039,2,1999,92,21.41,
02OA039,2,1999,93,21.55,
02OA039,2,1999,94,21.6,
02OA039,2,1999,95,21.6,
02OA039,2,1999,96,21.62,
02OA039,2,1999,97,21.69,
02OA039,2,1999,98,21.73,
02OA039,2,1999,99,21.77,
02OA039,2,1999,100,21.77,
02OA039,2,1999,101,21.72,
02OA039,2,1999,102,21.62,
02OA039,2,1999,103,21.56,
02OA039,2,1999,104,21.49,
02OA039,2,1999,105,21.48,
02OA039,2,1999,106,21.45,
02OA039,2,1999,107,21.5,
02OA039,2,1999,108,21.44,
02OA039,2,1999,109,21.36,
02OA039,2,1999,110,21.29,
02OA039,2,1999,111,21.3,
02OA039,2,1999,112,21.28,
02OA039,2,1999,113,21.22,
02OA039,2,1999,114,21.22,
02OA039,2,1999,115,21.18,
02OA039,2,1999,116,21.07,
02OA039,2,1999,117,21.03,
02OA039,2,1999,118,21,
02OA039,2,1999,119,20.99,
02OA039,2,1999,120,20.98,
02OA039,2,1999,121,20.9,
02OA039,2,1999,122,20.84,
02OA039,2,1999,123,20.84,
02OA039,2,1999,124,20.83,
02OA039,2,1999,125,20.84,
02OA039,2,1999,126,20.83,
02OA039,2,1999,127,20.79,
02OA039,2,1999,128,20.76,
02OA039,2,1999,129,20.77,
02OA039,2,1999,130,20.74,
02OA039,2,1999,131,20.75,
02OA039,2,1999,132,20.78,
02OA039,2,1999,133,20.72,
02OA039,2,1999,134,20.75,
02OA039,2,1999,135,20.78,
02OA039,2,1999,136,20.74,
02OA039,2,1999,137,20.72,
02OA039,2,1999,138,20.73,
02OA039,2,1999,139,20.71,
02OA039,2,1999,140,20.76,
02OA039,2,1999,141,20.64,
02OA039,2,1999,142,20.67,
02OA039,2,1999,143,20.68,
02OA039,2,1999,144,20.66,
02OA039,2,1999,145,20.7,
02OA039,2,1999,146,20.68,
02OA039,2,1999,147,20.61,
02OA039,2,1999,148,20.63,
02OA039,2,1999,149,20.67,
02OA039,2,1999,150,20.68,
02OA039,2,1999,151,20.7,
02OA039,2,1999,152,20.69,
02OA039,2,1999,153,20.75,
02OA039,2,1999,154,20.76,
02OA039,2,1999,155,20.74,
02OA039,2,1999,156,20.69,
02OA039,2,1999,157,20.68,
02OA039,2,1999,158,20.77,
02OA039,2,1999,159,20.82,
02OA039,2,1999,160,20.72,
02OA039,2,1999,161,20.73,
02OA039,2,1999,162,20.68,
02OA039,2,1999,163,20.68,
02OA039,2,1999,164,20.67,
02OA039,2,1999,165,20.69,
02OA039,2,1999,166,20.65,
02OA039,2,1999,167,20.66,
02OA039,2,1999,168,20.64,
02OA039,2,1999,169,20.7,
02OA039,2,1999,170,20.67,
02OA039,2,1999,171,20.72,
02OA039,2,1999,172,20.78,
02OA039,2,1999,173,20.75,
02OA039,2,1999,174,20.71,
02OA039,2,1999,175,20.78,
02OA039,2,1999,176,20.75,
02OA039,2,1999,177,20.73,
02OA039,2,1999,178,20.71,
02OA039,2,1999,179,20.72,
02OA039,2,1999,180,20.76,
02OA039,2,1999,181,20.73,
02OA039,2,1999,182,20.73,
02OA039,2,1999,183,20.79,
02OA039,2,1999,184,20.76,
02OA039,2,1999,185,20.7,
02OA039,2,1999,186,20.74,
02OA039,2,1999,187,20.78,
02OA039,2,1999,188,20.79,
02OA039,2,1999,189,20.74,
02OA039,2,1999,190,20.75,
02OA039,2,1999,191,20.78,
02OA039,2,1999,192,20.83,
02OA039,2,1999,193,20.76,
02OA039,2,1999,194,20.77,
02OA039,2,1999,195,20.75,
02OA039,2,1999,196,20.74,
02OA039,2,1999,197,20.73,
02OA039,2,1999,198,20.7,
02OA039,2,1999,199,20.72,
02OA039,2,1999,200,20.68,
02OA039,2,1999,201,20.71,
02OA039,2,1999,202,20.65,
02OA039,2,1999,203,20.68,
02OA039,2,1999,204,20.68,
02OA039,2,1999,205,20.65,
02OA039,2,1999,206,20.66,
02OA039,2,1999,207,20.68,
02OA039,2,1999,208,20.7,
02OA039,2,1999,209,20.69,
02OA039,2,1999,210,20.65,
02OA039,2,1999,211,20.66,
02OA039,2,1999,212,20.67,
02OA039,2,1999,213,20.66,
02OA039,2,1999,214,20.64,
02OA039,2,1999,215,20.64,
02OA039,2,1999,216,20.62,
02OA039,2,1999,217,20.63,
02OA039,2,1999,218,20.63,
02OA039,2,1999,219,20.62,
02OA039,2,1999,220,20.62,
02OA039,2,1999,221,20.62,
02OA039,2,1999,222,20.62,
02OA039,2,1999,223,20.64,
02OA039,2,1999,224,20.65,
02OA039,2,1999,225,20.61,
02OA039,2,1999,226,20.67,
02OA039,2,1999,227,20.63,
02OA039,2,1999,228,20.61,
02OA039,2,1999,229,20.65,
02OA039,2,1999,230,20.66,
02OA039,2,1999,231,20.66,
02OA039,2,1999,232,20.62,
02OA039,2,1999,233,20.65,
02OA039,2,1999,234,20.63,
02OA039,2,1999,235,20.65,
02OA039,2,1999,236,20.64,
02OA039,2,1999,237,20.64,
02OA039,2,1999,238,20.63,
02OA039,2,1999,239,20.59,
02OA039,2,1999,240,20.67,
02OA039,2,1999,241,20.58,
02OA039,2,1999,242,20.58,
02OA039,2,1999,243,20.65,
02OA039,2,1999,244,20.61,
02OA039,2,1999,245,20.6,
02OA039,2,1999,246,20.64,
02OA039,2,1999,247,20.61,
02OA039,2,1999,248,20.59,
02OA039,2,1999,249,20.67,
02OA039,2,1999,250,20.65,
02OA039,2,1999,251,20.64,
02OA039,2,1999,252,20.63,
02OA039,2,1999,253,20.66,
02OA039,2,1999,254,20.68,
02OA039,2,1999,255,20.65,
02OA039,2,1999,256,20.65,
02OA039,2,1999,257,20.67,
02OA039,2,1999,258,20.65,
02OA039,2,1999,259,20.58,
02OA039,2,1999,260,20.71,
02OA039,2,1999,261,20.7,
02OA039,2,1999,262,20.63,
02OA039,2,1999,263,20.67,
02OA039,2,1999,264,20.67,
02OA039,2,1999,265,20.63,
02OA039,2,1999,266,20.59,
02OA039,2,1999,267,20.63,
02OA039,2,1999,268,20.69,
02OA039,2,1999,269,20.64,
02OA039,2,1999,270,20.66,
02OA039,2,1999,271,20.68,
02OA039,2,1999,272,20.66,
02OA039,2,1999,273,20.74,
02OA039,2,1999,274,20.59,
02OA039,2,1999,275,20.54,
02OA039,2,1999,276,20.65,
02OA039,2,1999,277,20.65,
02OA039,2,1999,278,20.69,
02OA039,2,1999,279,20.72,
02OA039,2,1999,280,20.66,
02OA039,2,1999,281,20.65,
02OA039,2,1999,282,20.69,
02OA039,2,1999,283,20.68,
02OA039,2,1999,284,20.65,
02OA039,2,1999,285,20.66,
02OA039,2,1999,286,20.66,
02OA039,2,1999,287,20.73,
02OA039,2,1999,288,20.82,
02OA039,2,1999,289,20.88,
02OA039,2,1999,290,20.9,
02OA039,2,1999,291,20.85,
02OA039,2,1999,292,20.81,
02OA039,2,1999,293,20.78,
02OA039,2,1999,294,20.8,
02OA039,2,1999,295,20.8,
02OA039,2,1999,296,20.82,
02OA039,2,1999,297,20.89,
02OA039,2,1999,298,20.92,
02OA039,2,1999,299,20.89,
02OA039,2,1999,300,20.94,
02OA039,2,1999,301,20.89,
02OA039,2,1999,302,20.85,
02OA039,2,1999,303,20.89,
02OA039,2,1999,304,20.89,
02OA039,2,1999,305,20.83,
02OA039,2,1999,306,20.84,
02OA039,2,1999,307,20.86,
02OA039,2,1999,308,20.86,
02OA039,2,1999,309,20.83,
02OA039,2,1999,310,20.88,
02OA039,2,1999,311,20.94,
02OA039,2,1999,312,20.92,
02OA039,2,1999,313,20.9,
02OA039,2,1999,314,20.87,
02OA039,2,1999,315,20.85,
02OA039,2,1999,316,20.83,
02OA039,2,1999,317,20.83,
02OA039,2,1999,318,20.85,
02OA039,2,1999,319,20.81,
02OA039,2,1999,320,20.82,
02OA039,2,1999,321,20.77,
02OA039,2,1999,322,20.8,
02OA039,2,1999,323,20.83,
02OA039,2,1999,324,20.78,
02OA039,2,1999,325,20.78,
02OA039,2,1999,326,20.77,
02OA039,2,1999,327,20.76,
02OA039,2,1999,328,20.73,
02OA039,2,1999,329,20.74,
02OA039,2,1999,330,20.77,
02OA039,2,1999,331,20.83,
02OA039,2,1999,332,21,
02OA039,2,1999,333,21.04,
02OA039,2,1999,334,21,
02OA039,2,1999,335,20.98,
02OA039,2,1999,336,20.9,
02OA039,2,1999,337,20.82,
02OA039,2,1999,338,20.83,
02OA039,2,1999,339,20.88,
02OA039,2,1999,340,20.87,
02OA039,2,1999,341,20.92,
02OA039,2,1999,342,20.97,
02OA039,2,1999,343,20.95,
02OA039,2,1999,344,21.01,
02OA039,2,1999,345,21.1,
02OA039,2,1999,346,21.01,
02OA039,2,1999,347,21.05,
02OA039,2,1999,348,21.01,
02OA039,2,1999,349,20.98,
02OA039,2,1999,350,21.03,
02OA039,2,1999,351,20.96,
02OA039,2,1999,352,20.98,
02OA039,2,1999,353,20.91,
02OA039,2,1999,354,20.91,
02OA039,2,1999,355,20.89,
02OA039,2,1999,356,20.88,
02OA039,2,1999,357,20.86,
02OA039,2,1999,358,20.81,
02OA039,2,1999,359,20.82,
02OA039,2,1999,360,20.82,
02OA039,2,1999,361,20.79,
02OA039,2,1999,362,20.85,
02OA039,2,1999,363,20.92,
02OA039,2,1999,364,20.99,
02OA039,2,1999,365,21.13,
02OA039,2,2000,1,20.97,
02OA039,2,2000,2,20.84,
02OA039,2,2000,3,20.81,
02OA039,2,2000,4,20.8,
02OA039,2,2000,5,20.79,
02OA039,2,2000,6,20.91,
02OA039,2,2000,7,20.9,
02OA039,2,2000,8,20.9,
02OA039,2,2000,9,20.84,
02OA039,2,2000,10,20.8,
02OA039,2,2000,11,20.89,
02OA039,2,2000,12,20.99,
02OA039,2,2000,13,20.93,
02OA039,2,2000,14,20.95,
02OA039,2,2000,15,21.11,
02OA039,2,2000,16,21.1,
02OA039,2,2000,17,21.03,
02OA039,2,2000,18,21.24,
02OA039,2,2000,19,21.42,
02OA039,2,2000,20,21.51,
02OA039,2,2000,21,21.45,
02OA039,2,2000,22,21.32,
02OA039,2,2000,23,21.35,
02OA039,2,2000,24,21.36,
02OA039,2,2000,25,21.34,
02OA039,2,2000,26,21.26,
02OA039,2,2000,27,21.26,
02OA039,2,2000,28,21.3,
02OA039,2,2000,29,21.41,
02OA039,2,2000,30,21.35,
02OA039,2,2000,31,21.15,
02OA039,2,2000,32,20.95,
02OA039,2,2000,33,20.83,
02OA039,2,2000,34,21.02,
02OA039,2,2000,35,21.05,
02OA039,2,2000,36,21.01,
02OA039,2,2000,37,21.02,
02OA039,2,2000,38,21.21,
02OA039,2,2000,39,21.43,
02OA039,2,2000,40,21.43,
02OA039,2,2000,41,21.33,
02OA039,2,2000,42,21.24,
02OA039,2,2000,43,21.15,
02OA039,2,2000,44,20.96,
02OA039,2,2000,45,20.92,
02OA039,2,2000,46,21.09,
02OA039,2,2000,47,20.92,
02OA039,2,2000,48,21.01,
02OA039,2,2000,49,21.14,
02OA039,2,2000,50,21.03,
02OA039,2,2000,51,20.87,
02OA039,2,2000,52,20.86,
02OA039,2,2000,53,20.87,
02OA039,2,2000,54,20.84,
02OA039,2,2000,55,20.81,
02OA039,2,2000,56,20.79,
02OA039,2,2000,57,20.74,
02OA039,2,2000,58,20.74,
02OA039,2,2000,59,20.93,
02OA039,2,2000,60,21.39,
02OA039,2,2000,61,21.37,
02OA039,2,2000,62,21.26,
02OA039,2,2000,63,21.13,
02OA039,2,2000,64,20.97,
02OA039,2,2000,65,20.83,
02OA039,2,2000,66,20.84,
02OA039,2,2000,67,20.85,
02OA039,2,2000,68,20.82,
02OA039,2,2000,69,20.86,
02OA039,2,2000,70,20.96,
02OA039,2,2000,71,20.94,
02OA039,2,2000,72,20.77,
02OA039,2,2000,73,20.82,
02OA039,2,2000,74,20.89,
02OA039,2,2000,75,20.84,
02OA039,2,2000,76,20.92,
02OA039,2,2000,77,21.03,
02OA039,2,2000,78,20.89,
02OA039,2,2000,79,20.73,
02OA039,2,2000,80,20.71,
02OA039,2,2000,81,20.84,
02OA039,2,2000,82,20.92,
02OA039,2,2000,83,20.82,
02OA039,2,2000,84,20.8,
02OA039,2,2000,85,20.83,
02OA039,2,2000,86,20.85,
02OA039,2,2000,87,20.78,
02OA039,2,2000,88,20.81,
02OA039,2,2000,89,20.98,
02OA039,2,2000,90,21.13,
02OA039,2,2000,91,21.19,
02OA039,2,2000,92,21.16,
02OA039,2,2000,93,21.11,
02OA039,2,2000,94,21.02,
02OA039,2,2000,95,21.05,
02OA039,2,2000,96,21.21,
02OA039,2,2000,97,21.19,
02OA039,2,2000,98,21.27,
02OA039,2,2000,99,21.34,
02OA039,2,2000,100,21.52,
02OA039,2,2000,101,21.61,
02OA039,2,2000,102,21.43,
02OA039,2,2000,103,21.32,
02OA039,2,2000,104,21.22,
02OA039,2,2000,105,21.08,
02OA039,2,2000,106,21.12,
02OA039,2,2000,107,21.36,
02OA039,2,2000,108,21.29,
02OA039,2,2000,109,21.19,
02OA039,2,2000,110,21.09,
02OA039,2,2000,111,20.95,
02OA039,2,2000,112,20.91,
02OA039,2,2000,113,21.03,
02OA039,2,2000,114,21.16,
02OA039,2,2000,115,21.19,
02OA039,2,2000,116,21.18,
02OA039,2,2000,117,21.04,
02OA039,2,2000,118,20.99,
02OA039,2,2000,119,20.91,
02OA039,2,2000,120,20.9,
02OA039,2,2000,121,20.93,
02OA039,2,2000,122,20.91,
02OA039,2,2000,123,20.92,
02OA039,2,2000,124,20.84,
02OA039,2,2000,125,20.77,
02OA039,2,2000,126,20.81,
02OA039,2,2000,127,20.83,
02OA039,2,2000,128,20.9,
02OA039,2,2000,129,20.89,
02OA039,2,2000,130,20.93,
02OA039,2,2000,131,21.21,
02OA039,2,2000,132,21.54,
02OA039,2,2000,133,21.66,
02OA039,2,2000,134,21.72,
02OA039,2,2000,135,21.67,
02OA039,2,2000,136,21.57,
02OA039,2,2000,137,21.4,
02OA039,2,2000,138,21.33,
02OA039,2,2000,139,21.4,
02OA039,2,2000,140,21.52,
02OA039,2,2000,141,21.49,
02OA039,2,2000,142,21.57,
02OA039,2,2000,143,21.5,
02OA039,2,2000,144,21.44,
02OA039,2,2000,145,21.42,
02OA039,2,2000,146,21.43,
02OA039,2,2000,147,21.37,
02OA039,2,2000,148,21.39,
02OA039,2,2000,149,21.4,
02OA039,2,2000,150,21.35,
02OA039,2,2000,151,21.36,
02OA039,2,2000,152,21.34,
02OA039,2,2000,153,21.25,
02OA039,2,2000,154,21.24,
02OA039,2,2000,155,21.29,
02OA039,2,2000,156,21.24,
02OA039,2,2000,157,21.19,
02OA039,2,2000,158,21.21,
02OA039,2,2000,159,21.21,
02OA039,2,2000,160,21.14,
02OA039,2,2000,161,21.19,
02OA039,2,2000,162,21.16,
02OA039,2,2000,163,21.14,
02OA039,2,2000,164,21.21,
02OA039,2,2000,165,21.18,
02OA039,2,2000,166,21.17,
02OA039,2,2000,167,21.17,
02OA039,2,2000,168,21.16,
02OA039,2,2000,169,21.25,
02OA039,2,2000,170,21.23,
02OA039,2,2000,171,21.23,
02OA039,2,2000,172,21.25,
02OA039,2,2000,173,21.24,
02OA039,2,2000,174,21.33,
02OA039,2,2000,175,21.26,
02OA039,2,2000,176,21.3,
02OA039,2,2000,177,21.33,
02OA039,2,2000,178,21.39,
02OA039,2,2000,179,21.46,
02OA039,2,2000,180,21.48,
02OA039,2,2000,181,21.43,
02OA039,2,2000,182,21.44,
02OA039,2,2000,183,21.47,
02OA039,2,2000,184,21.49,
02OA039,2,2000,185,21.48,
02OA039,2,2000,186,21.5,
02OA039,2,2000,187,21.48,
02OA039,2,2000,188,21.52,
02OA039,2,2000,189,21.43,
02OA039,2,2000,190,21.48,
02OA039,2,2000,191,21.46,
02OA039,2,2000,192,21.38,
02OA039,2,2000,193,21.47,
02OA039,2,2000,194,21.51,
02OA039,2,2000,195,21.43,
02OA039,2,2000,196,21.45,
02OA039,2,2000,197,21.43,
02OA039,2,2000,198,21.41,
02OA039,2,2000,199,21.43,
02OA039,2,2000,200,21.45,
02OA039,2,2000,201,21.43,
02OA039,2,2000,202,21.41,
02OA039,2,2000,203,21.38,
02OA039,2,2000,204,21.41,
02OA039,2,2000,205,21.44,
02OA039,2,2000,206,21.38,
02OA039,2,2000,207,21.38,
02OA039,2,2000,208,21.4,
02OA039,2,2000,209,21.4,
02OA039,2,2000,210,21.42,
02OA039,2,2000,211,21.37,
02OA039,2,2000,212,21.34,
02OA039,2,2000,213,21.34,
02OA039,2,2000,214,21.33,
02OA039,2,2000,215,21.4,
02OA039,2,2000,216,21.41,
02OA039,2,2000,217,21.4,
02OA039,2,2000,218,21.39,
02OA039,2,2000,219,21.33,
02OA039,2,2000,220,21.33,
02OA039,2,2000,221,21.36,
02OA039,2,2000,222,21.36,
02OA039,2,2000,223,21.36,
02OA039,2,2000,224,21.37,
02OA039,2,2000,225,21.37,
02OA039,2,2000,226,21.34,
02OA039,2,2000,227,21.27,
02OA039,2,2000,228,21.37,
02OA039,2,2000,229,21.38,
02OA039,2,2000,230,21.34,
02OA039,2,2000,231,21.34,
02OA039,2,2000,232,21.32,
02OA039,2,2000,233,21.29,
02OA039,2,2000,234,21.27,
02OA039,2,2000,235,21.26,
02OA039,2,2000,236,21.27,
02OA039,2,2000,237,21.3,
02OA039,2,2000,238,21.29,
02OA039,2,2000,239,21.3,
02OA039,2,2000,240,21.27,
02OA039,2,2000,241,21.3,
02OA039,2,2000,242,21.26,
02OA039,2,2000,243,21.31,
02OA039,2,2000,244,21.32,
02OA039,2,2000,245,21.27,
02OA039,2,2000,246,21.21,
02OA039,2,2000,247,21.25,
02OA039,2,2000,248,21.25,
02OA039,2,2000,249,21.21,
02OA039,2,2000,250,21.21,
02OA039,2,2000,251,21.2,
02OA039,2,2000,252,21.2,
02OA039,2,2000,253,21.18,
02OA039,2,2000,254,21.12,
02OA039,2,2000,255,21.12,
02OA039,2,2000,256,21.18,
02OA039,2,2000,257,21.15,
02OA039,2,2000,258,21.15,
02OA039,2,2000,259,21.16,
02OA039,2,2000,260,21.17,
02OA039,2,2000,261,21.12,
02OA039,2,2000,262,21.13,
02OA039,2,2000,263,21.09,
02OA039,2,2000,264,21.14,
02OA039,2,2000,265,21.19,
02OA039,2,2000,266,21.12,
02OA039,2,2000,267,21.07,
02OA039,2,2000,268,21.1,
02OA039,2,2000,269,21.08,
02OA039,2,2000,270,21.08,
02OA039,2,2000,271,21.07,
02OA039,2,2000,272,21.05,
02OA039,2,2000,273,21.04,
02OA039,2,2000,274,21,
02OA039,2,2000,275,21.02,
02OA039,2,2000,276,20.98,
02OA039,2,2000,277,20.95,
02OA039,2,2000,278,20.98,
02OA039,2,2000,279,20.94,
02OA039,2,2000,280,20.95,
02OA039,2,2000,281,20.98,
02OA039,2,2000,282,20.95,
02OA039,2,2000,283,20.94,
02OA039,2,2000,284,20.92,
02OA039,2,2000,285,20.92,
02OA039,2,2000,286,20.86,
02OA039,2,2000,287,20.85,
02OA039,2,2000,288,20.85,
02OA039,2,2000,289,20.81,
02OA039,2,2000,290,20.77,
02OA039,2,2000,291,20.82,
02OA039,2,2000,292,20.84,
02OA039,2,2000,293,20.85,
02OA039,2,2000,294,20.82,
02OA039,2,2000,295,20.88,
02OA039,2,2000,296,20.78,
02OA039,2,2000,297,20.78,
02OA039,2,2000,298,20.79,
02OA039,2,2000,299,20.8,
02OA039,2,2000,300,20.84,
02OA039,2,2000,301,20.77,
02OA039,2,2000,302,20.79,
02OA039,2,2000,303,20.76,
02OA039,2,2000,304,20.7,
02OA039,2,2000,305,20.72,
02OA039,2,2000,306,20.81,
02OA039,2,2000,307,20.74,
02OA039,2,2000,308,20.72,
02OA039,2,2000,309,20.71,
02OA039,2,2000,310,20.7,
02OA039,2,2000,311,20.63,
02OA039,2,2000,312,20.59,
02OA039,2,2000,313,20.66,
02OA039,2,2000,314,20.81,
02OA039,2,2000,315,20.82,
02OA039,2,2000,316,20.7,
02OA039,2,2000,317,20.64,
02OA039,2,2000,318,20.63,
02OA039,2,2000,319,20.76,
02OA039,2,2000,320,20.71,
02OA039,2,2000,321,20.67,
02OA039,2,2000,322,20.62,
02OA039,2,2000,323,20.62,
02OA039,2,2000,324,20.66,
02OA039,2,2000,325,20.68,
02OA039,2,2000,326,20.71,
02OA039,2,2000,327,20.65,
02OA039,2,2000,328,20.63,
02OA039,2,2000,329,20.67,
02OA039,2,2000,330,20.62,
02OA039,2,2000,331,20.62,
02OA039,2,2000,332,20.8,
02OA039,2,2000,333,20.84,
02OA039,2,2000,334,20.9,
02OA039,2,2000,335,20.88,
02OA039,2,2000,336,20.84,
02OA039,2,2000,337,20.8,
02OA039,2,2000,338,20.77,
02OA039,2,2000,339,20.68,
02OA039,2,2000,340,20.73,
02OA039,2,2000,341,20.8,
02OA039,2,2000,342,20.68,
02OA039,2,2000,343,20.64,
02OA039,2,2000,344,20.71,
02OA039,2,2000,345,20.62,
02OA039,2,2000,346,20.62,
02OA039,2,2000,347,20.69,
02OA039,2,2000,348,20.75,
02OA039,2,2000,349,20.74,
02OA039,2,2000,350,20.82,
02OA039,2,2000,351,20.73,
02OA039,2,2000,352,20.68,
02OA039,2,2000,353,20.7,
02OA039,2,2000,354,20.83,
02OA039,2,2000,355,20.81,
02OA039,2,2000,356,20.89,
02OA039,2,2000,357,20.9,
02OA039,2,2000,358,20.81,
02OA039,2,2000,359,20.89,
02OA039,2,2000,360,20.8,
02OA039,2,2000,361,20.82,
02OA039,2,2000,362,20.95,
02OA039,2,2000,363,21.08,
02OA039,2,2000,364,21.1,
02OA039,2,2000,365,21.2,
02OA039,2,2000,366,21.17,
02OA039,2,2001,1,21.12,
02OA039,2,2001,2,21.14,
02OA039,2,2001,3,21.26,
02OA039,2,2001,4,21.11,
02OA039,2,2001,5,21.11,
02OA039,2,2001,6,21.13,
02OA039,2,2001,7,21.05,
02OA039,2,2001,8,20.81,
02OA039,2,2001,9,20.71,
02OA039,2,2001,10,20.79,
02OA039,2,2001,11,20.89,
02OA039,2,2001,12,20.99,
02OA039,2,2001,13,20.97,
02OA039,2,2001,14,20.85,
02OA039,2,2001,15,20.89,
02OA039,2,2001,16,20.93,
02OA039,2,2001,17,20.9,
02OA039,2,2001,18,20.89,
02OA039,2,2001,19,20.86,
02OA039,2,2001,20,20.92,
02OA039,2,2001,21,20.94,
02OA039,2,2001,22,20.88,
02OA039,2,2001,23,20.82,
02OA039,2,2001,24,20.71,
02OA039,2,2001,25,20.65,
02OA039,2,2001,26,20.72,
02OA039,2,2001,27,20.71,
02OA039,2,2001,28,20.7,
02OA039,2,2001,29,20.76,
02OA039,2,2001,30,20.8,
02OA039,2,2001,31,20.85,
02OA039,2,2001,32,20.8,
02OA039,2,2001,33,20.78,
02OA039,2,2001,34,20.65,
02OA039,2,2001,35,20.66,
02OA039,2,2001,36,20.81,
02OA039,2,2001,37,20.92,
02OA039,2,2001,38,,
02OA039,2,2001,39,20.77,
02OA039,2,2001,40,20.87,
02OA039,2,2001,41,20.69,
02OA039,2,2001,42,20.56,
02OA039,2,2001,43,20.86,
02OA039,2,2001,44,21.14,
02OA039,2,2001,45,21.07,
02OA039,2,2001,46,20.99,
02OA039,2,2001,47,20.88,
02OA039,2,2001,48,20.74,
02OA039,2,2001,49,20.85,
02OA039,2,2001,50,21.12,
02OA039,2,2001,51,21.1,
02OA039,2,2001,52,20.95,
02OA039,2,2001,53,21.06,
02OA039,2,2001,54,21.15,
02OA039,2,2001,55,20.99,
02OA039,2,2001,56,20.82,
02OA039,2,2001,57,20.86,
02OA039,2,2001,58,21.01,
02OA039,2,2001,59,21,
02OA039,2,2001,60,21.05,
02OA039,2,2001,61,21,
02OA039,2,2001,62,20.96,
02OA039,2,2001,63,20.86,
02OA039,2,2001,64,21.02,
02OA039,2,2001,65,21.05,
02OA039,2,2001,66,21,
02OA039,2,2001,67,20.84,
02OA039,2,2001,68,20.89,
02OA039,2,2001,69,20.87,
02OA039,2,2001,70,20.87,
02OA039,2,2001,71,20.93,
02OA039,2,2001,72,20.97,
02OA039,2,2001,73,20.86,
02OA039,2,2001,74,20.86,
02OA039,2,2001,75,20.87,
02OA039,2,2001,76,20.88,
02OA039,2,2001,77,20.91,
02OA039,2,2001,78,20.79,
02OA039,2,2001,79,20.74,
02OA039,2,2001,80,20.76,
02OA039,2,2001,81,20.82,
02OA039,2,2001,82,20.94,
02OA039,2,2001,83,20.93,
02OA039,2,2001,84,20.79,
02OA039,2,2001,85,20.8,
02OA039,2,2001,86,20.82,
02OA039,2,2001,87,20.77,
02OA039,2,2001,88,20.76,
02OA039,2,2001,89,20.75,
02OA039,2,2001,90,20.77,
02OA039,2,2001,91,20.72,
02OA039,2,2001,92,20.79,
02OA039,2,2001,93,20.75,
02OA039,2,2001,94,20.77,
02OA039,2,2001,95,20.84,
02OA039,2,2001,96,20.89,
02OA039,2,2001,97,20.93,
02OA039,2,2001,98,21.01,
02OA039,2,2001,99,21.2,
02OA039,2,2001,100,21.52,
02OA039,2,2001,101,21.81,
02OA039,2,2001,102,21.94,
02OA039,2,2001,103,22.06,
02OA039,2,2001,104,21.95,
02OA039,2,2001,105,21.92,
02OA039,2,2001,106,21.79,
02OA039,2,2001,107,21.66,
02OA039,2,2001,108,21.58,
02OA039,2,2001,109,21.57,
02OA039,2,2001,110,21.44,
02OA039,2,2001,111,21.39,
02OA039,2,2001,112,21.46,
02OA039,2,2001,113,21.33,
02OA039,2,2001,114,21.36,
02OA039,2,2001,115,21.35,
02OA039,2,2001,116,21.33,
02OA039,2,2001,117,21.32,
02OA039,2,2001,118,21.33,
02OA039,2,2001,119,21.34,
02OA039,2,2001,120,21.35,
02OA039,2,2001,121,21.33,
02OA039,2,2001,122,21.27,
02OA039,2,2001,123,21.32,
02OA039,2,2001,124,21.28,
02OA039,2,2001,125,21.23,
02OA039,2,2001,126,21.19,
02OA039,2,2001,127,21.13,
02OA039,2,2001,128,21.08,
02OA039,2,2001,129,21.05,
02OA039,2,2001,130,21,
02OA039,2,2001,131,20.97,
02OA039,2,2001,132,20.92,
02OA039,2,2001,133,20.87,
02OA039,2,2001,134,20.87,
02OA039,2,2001,135,20.89,
02OA039,2,2001,136,20.9,
02OA039,2,2001,137,20.88,
02OA039,2,2001,138,20.86,
02OA039,2,2001,139,20.84,
02OA039,2,2001,140,20.83,
02OA039,2,2001,141,20.74,
02OA039,2,2001,142,20.77,
02OA039,2,2001,143,20.78,
02OA039,2,2001,144,20.83,
02OA039,2,2001,145,20.83,
02OA039,2,2001,146,20.82,
02OA039,2,2001,147,20.82,
02OA039,2,2001,148,20.82,
02OA039,2,2001,149,20.9,
02OA039,2,2001,150,20.94,
02OA039,2,2001,151,20.87,
02OA039,2,2001,152,20.82,
02OA039,2,2001,153,20.88,
02OA039,2,2001,154,20.88,
02OA039,2,2001,155,20.88,
02OA039,2,2001,156,20.91,
02OA039,2,2001,157,20.89,
02OA039,2,2001,158,20.87,
02OA039,2,2001,159,20.85,
02OA039,2,2001,160,20.78,
02OA039,2,2001,161,20.75,
02OA039,2,2001,162,20.76,
02OA039,2,2001,163,20.71,
02OA039,2,2001,164,20.68,
02OA039,2,2001,165,20.67,
02OA039,2,2001,166,20.65,
02OA039,2,2001,167,20.66,
02OA039,2,2001,168,20.63,
02OA039,2,2001,169,20.61,
02OA039,2,2001,170,20.6,
02OA039,2,2001,171,20.55,
02OA039,2,2001,172,20.53,
02OA039,2,2001,173,20.6,
02OA039,2,2001,174,20.66,
02OA039,2,2001,175,20.64,
02OA039,2,2001,176,20.71,
02OA039,2,2001,177,20.71,
02OA039,2,2001,178,20.63,
02OA039,2,2001,179,20.62,
02OA039,2,2001,180,20.69,
02OA039,2,2001,181,20.71,
02OA039,2,2001,182,20.74,
02OA039,2,2001,183,20.68,
02OA039,2,2001,184,20.66,
02OA039,2,2001,185,20.68,
02OA039,2,2001,186,20.7,
02OA039,2,2001,187,20.66,
02OA039,2,2001,188,20.6,
02OA039,2,2001,189,20.63,
02OA039,2,2001,190,20.68,
02OA039,2,2001,191,20.67,
02OA039,2,2001,192,20.66,
02OA039,2,2001,193,20.69,
02OA039,2,2001,194,20.69,
02OA039,2,2001,195,20.63,
02OA039,2,2001,196,20.66,
02OA039,2,2001,197,20.67,
02OA039,2,2001,198,20.67,
02OA039,2,2001,199,20.66,
02OA039,2,2001,200,20.64,
02OA039,2,2001,201,20.63,
02OA039,2,2001,202,20.64,
02OA039,2,2001,203,20.61,
02OA039,2,2001,204,20.58,
02OA039,2,2001,205,20.66,
02OA039,2,2001,206,20.73,
02OA039,2,2001,207,20.64,
02OA039,2,2001,208,20.6,
02OA039,2,2001,209,20.58,
02OA039,2,2001,210,20.62,
02OA039,2,2001,211,20.65,
02OA039,2,2001,212,20.65,
02OA039,2,2001,213,20.64,
02OA039,2,2001,214,20.77,
02OA039,2,2001,215,20.64,
02OA039,2,2001,216,20.64,
02OA039,2,2001,217,20.61,
02OA039,2,2001,218,20.61,
02OA039,2,2001,219,20.66,
02OA039,2,2001,220,20.74,
02OA039,2,2001,221,20.78,
02OA039,2,2001,222,20.69,
02OA039,2,2001,223,20.64,
02OA039,2,2001,224,20.63,
02OA039,2,2001,225,20.61,
02OA039,2,2001,226,20.61,
02OA039,2,2001,227,20.58,
02OA039,2,2001,228,20.65,
02OA039,2,2001,229,20.66,
02OA039,2,2001,230,20.62,
02OA039,2,2001,231,20.62,
02OA039,2,2001,232,20.71,
02OA039,2,2001,233,20.67,
02OA039,2,2001,234,20.68,
02OA039,2,2001,235,20.68,
02OA039,2,2001,236,20.64,
02OA039,2,2001,237,20.63,
02OA039,2,2001,238,20.66,
02OA039,2,2001,239,20.64,
02OA039,2,2001,240,20.63,
02OA039,2,2001,241,20.61,
02OA039,2,2001,242,20.62,
02OA039,2,2001,243,20.66,
02OA039,2,2001,244,20.66,
02OA039,2,2001,245,20.65,
02OA039,2,2001,246,20.73,
02OA039,2,2001,247,20.71,
02OA039,2,2001,248,20.69,
02OA039,2,2001,249,20.68,
02OA039,2,2001,250,20.64,
02OA039,2,2001,251,20.61,
02OA039,2,2001,252,20.61,
02OA039,2,2001,253,20.6,
02OA039,2,2001,254,20.6,
02OA039,2,2001,255,20.53,
02OA039,2,2001,256,20.63,
02OA039,2,2001,257,20.67,
02OA039,2,2001,258,20.61,
02OA039,2,2001,259,20.64,
02OA039,2,2001,260,20.68,
02OA039,2,2001,261,20.64,
02OA039,2,2001,262,20.62,
02OA039,2,2001,263,20.71,
02OA039,2,2001,264,20.78,
02OA039,2,2001,265,20.71,
02OA039,2,2001,266,20.67,
02OA039,2,2001,267,20.67,
02OA039,2,2001,268,20.68,
02OA039,2,2001,269,20.64,
02OA039,2,2001,270,20.62,
02OA039,2,2001,271,20.63,
02OA039,2,2001,272,20.63,
02OA039,2,2001,273,20.6,
02OA039,2,2001,274,20.62,
02OA039,2,2001,275,20.63,
02OA039,2,2001,276,20.59,
02OA039,2,2001,277,20.62,
02OA039,2,2001,278,20.62,
02OA039,2,2001,279,20.64,
02OA039,2,2001,280,20.67,
02OA039,2,2001,281,20.62,
02OA039,2,2001,282,20.6,
02OA039,2,2001,283,20.64,
02OA039,2,2001,284,20.64,
02OA039,2,2001,285,20.67,
02OA039,2,2001,286,20.69,
02OA039,2,2001,287,20.75,
02OA039,2,2001,288,20.68,
02OA039,2,2001,289,20.6,
02OA039,2,2001,290,20.61,
02OA039,2,2001,291,20.65,
02OA039,2,2001,292,20.59,
02OA039,2,2001,293,20.64,
02OA039,2,2001,294,20.71,
02OA039,2,2001,295,20.76,
02OA039,2,2001,296,20.78,
02OA039,2,2001,297,20.82,
02OA039,2,2001,298,20.83,
02OA039,2,2001,299,20.84,
02OA039,2,2001,300,20.84,
02OA039,2,2001,301,20.88,
02OA039,2,2001,302,20.86,
02OA039,2,2001,303,20.86,
02OA039,2,2001,304,20.9,
02OA039,2,2001,305,20.94,
02OA039,2,2001,306,20.92,
02OA039,2,2001,307,20.92,
02OA039,2,2001,308,20.91,
02OA039,2,2001,309,20.87,
02OA039,2,2001,310,20.88,
02OA039,2,2001,311,20.89,
02OA039,2,2001,312,20.9,
02OA039,2,2001,313,20.86,
02OA039,2,2001,314,20.86,
02OA039,2,2001,315,20.79,
02OA039,2,2001,316,20.81,
02OA039,2,2001,317,20.8,
02OA039,2,2001,318,20.79,
02OA039,2,2001,319,20.83,
02OA039,2,2001,320,20.83,
02OA039,2,2001,321,20.82,
02OA039,2,2001,322,20.77,
02OA039,2,2001,323,20.78,
02OA039,2,2001,324,20.78,
02OA039,2,2001,325,20.77,
02OA039,2,2001,326,20.72,
02OA039,2,2001,327,20.72,
02OA039,2,2001,328,20.75,
02OA039,2,2001,329,20.75,
02OA039,2,2001,330,20.73,
02OA039,2,2001,331,20.73,
02OA039,2,2001,332,20.73,
02OA039,2,2001,333,20.75,
02OA039,2,2001,334,20.82,
02OA039,2,2001,335,20.87,
02OA039,2,2001,336,20.92,
02OA039,2,2001,337,20.91,
02OA039,2,2001,338,20.93,
02OA039,2,2001,339,20.95,
02OA039,2,2001,340,20.99,
02OA039,2,2001,341,20.95,
02OA039,2,2001,342,20.9,
02OA039,2,2001,343,20.91,
02OA039,2,2001,344,20.94,
02OA039,2,2001,345,20.92,
02OA039,2,2001,346,20.92,
02OA039,2,2001,347,20.92,
02OA039,2,2001,348,20.93,
02OA039,2,2001,349,20.89,
02OA039,2,2001,350,20.97,
02OA039,2,2001,351,20.99,
02OA039,2,2001,352,20.94,
02OA039,2,2001,353,20.92,
02OA039,2,2001,354,20.92,
02OA039,2,2001,355,20.9,
02OA039,2,2001,356,20.91,
02OA039,2,2001,357,20.91,
02OA039,2,2001,358,20.92,
02OA039,2,2001,359,20.91,
02OA039,2,2001,360,20.92,
02OA039,2,2001,361,20.9,
02OA039,2,2001,362,20.85,
02OA039,2,2001,363,20.83,
02OA039,2,2001,364,20.85,
02OA039,2,2001,365,20.82,
02OA039,2,2002,1,20.8,
02OA039,2,2002,2,20.78,
02OA039,2,2002,3,20.8,
02OA039,2,2002,4,20.88,
02OA039,2,2002,5,20.81,
02OA039,2,2002,6,20.69,
02OA039,2,2002,7,20.76,
02OA039,2,2002,8,20.92,
02OA039,2,2002,9,20.92,
02OA039,2,2002,10,20.85,
02OA039,2,2002,11,20.9,
02OA039,2,2002,12,20.78,
02OA039,2,2002,13,20.61,
02OA039,2,2002,14,20.7,
02OA039,2,2002,15,20.8,
02OA039,2,2002,16,20.85,
02OA039,2,2002,17,20.88,
02OA039,2,2002,18,20.88,
02OA039,2,2002,19,20.85,
02OA039,2,2002,20,20.78,
02OA039,2,2002,21,20.88,
02OA039,2,2002,22,20.87,
02OA039,2,2002,23,20.86,
02OA039,2,2002,24,20.86,
02OA039,2,2002,25,20.85,
02OA039,2,2002,26,20.85,
02OA039,2,2002,27,20.87,
02OA039,2,2002,28,20.88,
02OA039,2,2002,29,20.87,
02OA039,2,2002,30,20.85,
02OA039,2,2002,31,20.91,
02OA039,2,2002,32,20.91,
02OA039,2,2002,33,20.92,
02OA039,2,2002,34,20.89,
02OA039,2,2002,35,20.88,
02OA039,2,2002,36,20.87,
02OA039,2,2002,37,20.94,
02OA039,2,2002,38,20.9,
02OA039,2,2002,39,20.79,
02OA039,2,2002,40,20.84,
02OA039,2,2002,41,20.79,
02OA039,2,2002,42,20.75,
02OA039,2,2002,43,20.87,
02OA039,2,2002,44,20.92,
02OA039,2,2002,45,21.04,
02OA039,2,2002,46,21.03,
02OA039,2,2002,47,20.84,
02OA039,2,2002,48,20.78,
02OA039,2,2002,49,20.96,
02OA039,2,2002,50,20.89,
02OA039,2,2002,51,20.79,
02OA039,2,2002,52,20.81,
02OA039,2,2002,53,20.81,
02OA039,2,2002,54,20.91,
02OA039,2,2002,55,20.9,
02OA039,2,2002,56,20.84,
02OA039,2,2002,57,20.82,
02OA039,2,2002,58,20.87,
02OA039,2,2002,59,20.91,
02OA039,2,2002,60,20.94,
02OA039,2,2002,61,20.97,
02OA039,2,2002,62,20.96,
02OA039,2,2002,63,21.03,
02OA039,2,2002,64,21.16,
02OA039,2,2002,65,21.19,
02OA039,2,2002,66,21.11,
02OA039,2,2002,67,21.07,
02OA039,2,2002,68,21.05,
02OA039,2,2002,69,21.19,
02OA039,2,2002,70,21.28,
02OA039,2,2002,71,21.24,
02OA039,2,2002,72,21.32,
02OA039,2,2002,73,21.33,
02OA039,2,2002,74,21.23,
02OA039,2,2002,75,21.24,
02OA039,2,2002,76,21.29,
02OA039,2,2002,77,21.26,
02OA039,2,2002,78,21.27,
02OA039,2,2002,79,21.31,
02OA039,2,2002,80,21.26,
02OA039,2,2002,81,21.22,
02OA039,2,2002,82,21.19,
02OA039,2,2002,83,21.1,
02OA039,2,2002,84,21.08,
02OA039,2,2002,85,21.09,
02OA039,2,2002,86,21.1,
02OA039,2,2002,87,21.1,
02OA039,2,2002,88,21.09,
02OA039,2,2002,89,21.1,
02OA039,2,2002,90,21.2,
02OA039,2,2002,91,21.38,
02OA039,2,2002,92,21.41,
02OA039,2,2002,93,21.47,
02OA039,2,2002,94,21.45,
02OA039,2,2002,95,21.36,
02OA039,2,2002,96,21.29,
02OA039,2,2002,97,21.23,
02OA039,2,2002,98,21.21,
02OA039,2,2002,99,21.31,
02OA039,2,2002,100,21.4,
02OA039,2,2002,101,21.35,
02OA039,2,2002,102,21.52,
02OA039,2,2002,103,21.48,
02OA039,2,2002,104,21.51,
02OA039,2,2002,105,21.57,
02OA039,2,2002,106,21.67,
02OA039,2,2002,107,21.63,
02OA039,2,2002,108,21.62,
02OA039,2,2002,109,21.66,
02OA039,2,2002,110,21.73,
02OA039,2,2002,111,21.77,
02OA039,2,2002,112,21.83,
02OA039,2,2002,113,21.91,
02OA039,2,2002,114,21.94,
02OA039,2,2002,115,21.92,
02OA039,2,2002,116,21.89,
02OA039,2,2002,117,21.87,
02OA039,2,2002,118,21.81,
02OA039,2,2002,119,21.79,
02OA039,2,2002,120,21.97,
02OA039,2,2002,121,21.82,
02OA039,2,2002,122,21.82,
02OA039,2,2002,123,21.93,
02OA039,2,2002,124,21.81,
02OA039,2,2002,125,21.77,
02OA039,2,2002,126,21.7,
02OA039,2,2002,127,21.59,
02OA039,2,2002,128,21.62,
02OA039,2,2002,129,21.58,
02OA039,2,2002,130,21.66,
02OA039,2,2002,131,21.55,
02OA039,2,2002,132,21.51,
02OA039,2,2002,133,21.6,
02OA039,2,2002,134,21.71,
02OA039,2,2002,135,21.91,
02OA039,2,2002,136,21.87,
02OA039,2,2002,137,21.92,
02OA039,2,2002,138,21.95,
02OA039,2,2002,139,21.96,
02OA039,2,2002,140,21.9,
02OA039,2,2002,141,21.8,
02OA039,2,2002,142,21.72,
02OA039,2,2002,143,21.74,
02OA039,2,2002,144,21.69,
02OA039,2,2002,145,21.6,
02OA039,2,2002,146,21.65,
02OA039,2,2002,147,21.6,
02OA039,2,2002,148,21.51,
02OA039,2,2002,149,21.5,
02OA039,2,2002,150,21.5,
02OA039,2,2002,151,21.56,
02OA039,2,2002,152,21.7,
02OA039,2,2002,153,21.75,
02OA039,2,2002,154,21.67,
02OA039,2,2002,155,21.58,
02OA039,2,2002,156,21.61,
02OA039,2,2002,157,21.63,
02OA039,2,2002,158,21.59,
02OA039,2,2002,159,21.56,
02OA039,2,2002,160,21.52,
02OA039,2,2002,161,21.49,
02OA039,2,2002,162,21.48,
02OA039,2,2002,163,21.67,
02OA039,2,2002,164,21.96,
02OA039,2,2002,165,22.02,
02OA039,2,2002,166,21.95,
02OA039,2,2002,167,21.99,
02OA039,2,2002,168,22.11,
02OA039,2,2002,169,22.2,
02OA039,2,2002,170,22.19,
02OA039,2,2002,171,22.13,
02OA039,2,2002,172,22.08,
02OA039,2,2002,173,22.03,
02OA039,2,2002,174,21.97,
02OA039,2,2002,175,21.91,
02OA039,2,2002,176,21.88,
02OA039,2,2002,177,21.85,
02OA039,2,2002,178,21.8,
02OA039,2,2002,179,21.77,
02OA039,2,2002,180,21.8,
02OA039,2,2002,181,21.8,
02OA039,2,2002,182,21.79,
02OA039,2,2002,183,21.7,
02OA039,2,2002,184,21.67,
02OA039,2,2002,185,21.69,
02OA039,2,2002,186,21.63,
02OA039,2,2002,187,21.54,
02OA039,2,2002,188,21.51,
02OA039,2,2002,189,21.39,
02OA039,2,2002,190,21.42,
02OA039,2,2002,191,21.41,
02OA039,2,2002,192,21.43,
02OA039,2,2002,193,21.36,
02OA039,2,2002,194,21.37,
02OA039,2,2002,195,21.42,
02OA039,2,2002,196,21.4,
02OA039,2,2002,197,21.45,
02OA039,2,2002,198,21.41,
02OA039,2,2002,199,21.39,
02OA039,2,2002,200,21.43,
02OA039,2,2002,201,21.41,
02OA039,2,2002,202,21.33,
02OA039,2,2002,203,21.32,
02OA039,2,2002,204,21.35,
02OA039,2,2002,205,21.31,
02OA039,2,2002,206,21.34,
02OA039,2,2002,207,21.34,
02OA039,2,2002,208,21.3,
02OA039,2,2002,209,21.35,
02OA039,2,2002,210,21.33,
02OA039,2,2002,211,21.33,
02OA039,2,2002,212,21.34,
02OA039,2,2002,213,21.27,
02OA039,2,2002,214,21.3,
02OA039,2,2002,215,21.36,
02OA039,2,2002,216,21.32,
02OA039,2,2002,217,21.27,
02OA039,2,2002,218,21.29,
02OA039,2,2002,219,21.26,
02OA039,2,2002,220,21.2,
02OA039,2,2002,221,21.23,
02OA039,2,2002,222,21.21,
02OA039,2,2002,223,21.14,
02OA039,2,2002,224,21.15,
02OA039,2,2002,225,21.14,
02OA039,2,2002,226,21.19,
02OA039,2,2002,227,21.26,
02OA039,2,2002,228,21.16,
02OA039,2,2002,229,21.04,
02OA039,2,2002,230,21.03,
02OA039,2,2002,231,21.09,
02OA039,2,2002,232,21.04,
02OA039,2,2002,233,21.01,
02OA039,2,2002,234,21.04,
02OA039,2,2002,235,21.06,
02OA039,2,2002,236,21.02,
02OA039,2,2002,237,20.98,
02OA039,2,2002,238,20.95,
02OA039,2,2002,239,20.97,
02OA039,2,2002,240,21,
02OA039,2,2002,241,20.94,
02OA039,2,2002,242,20.96,
02OA039,2,2002,243,21,
02OA039,2,2002,244,20.94,
02OA039,2,2002,245,20.89,
02OA039,2,2002,246,20.87,
02OA039,2,2002,247,21.01,
02OA039,2,2002,248,21.01,
02OA039,2,2002,249,20.86,
02OA039,2,2002,250,20.84,
02OA039,2,2002,251,20.81,
02OA039,2,2002,252,20.76,
02OA039,2,2002,253,20.83,
02OA039,2,2002,254,20.79,
02OA039,2,2002,255,20.82,
02OA039,2,2002,256,20.77,
02OA039,2,2002,257,20.73,
02OA039,2,2002,258,20.72,
02OA039,2,2002,259,20.77,
02OA039,2,2002,260,20.72,
02OA039,2,2002,261,20.74,
02OA039,2,2002,262,20.75,
02OA039,2,2002,263,20.72,
02OA039,2,2002,264,20.72,
02OA039,2,2002,265,20.72,
02OA039,2,2002,266,20.7,
02OA039,2,2002,267,20.67,
02OA039,2,2002,268,20.65,
02OA039,2,2002,269,20.68,
02OA039,2,2002,270,20.7,
02OA039,2,2002,271,20.72,
02OA039,2,2002,272,20.72,
02OA039,2,2002,273,20.71,
02OA039,2,2002,274,20.81,
02OA039,2,2002,275,20.72,
02OA039,2,2002,276,20.64,
02OA039,2,2002,277,20.65,
02OA039,2,2002,278,20.78,
02OA039,2,2002,279,20.67,
02OA039,2,2002,280,20.64,
02OA039,2,2002,281,20.7,
02OA039,2,2002,282,20.66,
02OA039,2,2002,283,20.68,
02OA039,2,2002,284,20.7,
02OA039,2,2002,285,20.71,
02OA039,2,2002,286,20.73,
02OA039,2,2002,287,20.65,
02OA039,2,2002,288,20.57,
02OA039,2,2002,289,20.73,
02OA039,2,2002,290,20.8,
02OA039,2,2002,291,20.67,
02OA039,2,2002,292,20.7,
02OA039,2,2002,293,20.7,
02OA039,2,2002,294,20.66,
02OA039,2,2002,295,20.61,
02OA039,2,2002,296,20.6,
02OA039,2,2002,297,20.62,
02OA039,2,2002,298,20.62,
02OA039,2,2002,299,20.66,
02OA039,2,2002,300,20.71,
02OA039,2,2002,301,20.63,
02OA039,2,2002,302,20.59,
02OA039,2,2002,303,20.67,
02OA039,2,2002,304,20.64,
02OA039,2,2002,305,20.64,
02OA039,2,2002,306,20.63,
02OA039,2,2002,307,20.64,
02OA039,2,2002,308,20.59,
02OA039,2,2002,309,20.62,
02OA039,2,2002,310,20.67,
02OA039,2,2002,311,20.64,
02OA039,2,2002,312,20.65,
02OA039,2,2002,313,20.68,
02OA039,2,2002,314,20.63,
02OA039,2,2002,315,20.64,
02OA039,2,2002,316,20.7,
02OA039,2,2002,317,20.65,
02OA039,2,2002,318,20.65,
02OA039,2,2002,319,20.66,
02OA039,2,2002,320,20.68,
02OA039,2,2002,321,20.67,
02OA039,2,2002,322,20.85,
02OA039,2,2002,323,20.75,
02OA039,2,2002,324,20.65,
02OA039,2,2002,325,20.6,
02OA039,2,2002,326,20.63,
02OA039,2,2002,327,20.75,
02OA039,2,2002,328,20.8,
02OA039,2,2002,329,20.77,
02OA039,2,2002,330,20.68,
02OA039,2,2002,331,20.68,
02OA039,2,2002,332,20.68,
02OA039,2,2002,333,20.65,
02OA039,2,2002,334,20.66,
02OA039,2,2002,335,20.64,
02OA039,2,2002,336,20.6,
02OA039,2,2002,337,20.6,
02OA039,2,2002,338,20.62,
02OA039,2,2002,339,20.66,
02OA039,2,2002,340,20.62,
02OA039,2,2002,341,20.59,
02OA039,2,2002,342,20.56,
02OA039,2,2002,343,20.64,
02OA039,2,2002,344,20.65,
02OA039,2,2002,345,20.61,
02OA039,2,2002,346,20.58,
02OA039,2,2002,347,20.6,
02OA039,2,2002,348,20.55,
02OA039,2,2002,349,20.57,
02OA039,2,2002,350,20.63,
02OA039,2,2002,351,20.69,
02OA039,2,2002,352,20.69,
02OA039,2,2002,353,20.55,
02OA039,2,2002,354,20.57,
02OA039,2,2002,355,20.53,
02OA039,2,2002,356,20.48,
02OA039,2,2002,357,20.48,
02OA039,2,2002,358,20.48,
02OA039,2,2002,359,20.5,
02OA039,2,2002,360,20.48,
02OA039,2,2002,361,20.5,
02OA039,2,2002,362,20.53,
02OA039,2,2002,363,20.54,
02OA039,2,2002,364,20.48,
02OA039,2,2002,365,20.55,
02OA039,2,2003,1,20.58,
02OA039,2,2003,2,20.62,
02OA039,2,2003,3,20.74,
02OA039,2,2003,4,20.79,
02OA039,2,2003,5,20.76,
02OA039,2,2003,6,20.67,
02OA039,2,2003,7,20.51,
02OA039,2,2003,8,20.51,
02OA039,2,2003,9,20.65,
02OA039,2,2003,10,20.72,
02OA039,2,2003,11,20.75,
02OA039,2,2003,12,20.8,
02OA039,2,2003,13,20.79,
02OA039,2,2003,14,20.71,
02OA039,2,2003,15,21.02,
02OA039,2,2003,16,21,
02OA039,2,2003,17,20.85,
02OA039,2,2003,18,20.89,
02OA039,2,2003,19,21.04,
02OA039,2,2003,20,20.96,
02OA039,2,2003,21,20.96,
02OA039,2,2003,22,21.11,
02OA039,2,2003,23,21.1,
02OA039,2,2003,24,21.12,
02OA039,2,2003,25,21.25,
02OA039,2,2003,26,21.08,
02OA039,2,2003,27,21.05,
02OA039,2,2003,28,21.21,
02OA039,2,2003,29,21.1,
02OA039,2,2003,30,20.95,
02OA039,2,2003,31,20.82,
02OA039,2,2003,32,20.6,
02OA039,2,2003,33,20.41,
02OA039,2,2003,34,20.53,
02OA039,2,2003,35,20.61,
02OA039,2,2003,36,20.66,
02OA039,2,2003,37,20.83,
02OA039,2,2003,38,20.75,
02OA039,2,2003,39,20.75,
02OA039,2,2003,40,20.72,
02OA039,2,2003,41,20.73,
02OA039,2,2003,42,20.71,
02OA039,2,2003,43,20.69,
02OA039,2,2003,44,20.81,
02OA039,2,2003,45,20.97,
02OA039,2,2003,46,20.99,
02OA039,2,2003,47,20.99,
02OA039,2,2003,48,20.97,
02OA039,2,2003,49,20.99,
02OA039,2,2003,50,20.74,
02OA039,2,2003,51,20.58,
02OA039,2,2003,52,20.56,
02OA039,2,2003,53,20.52,
02OA039,2,2003,54,20.54,
02OA039,2,2003,55,20.66,
02OA039,2,2003,56,20.7,
02OA039,2,2003,57,20.77,
02OA039,2,2003,58,20.71,
02OA039,2,2003,59,20.65,
02OA039,2,2003,60,20.53,
02OA039,2,2003,61,20.48,
02OA039,2,2003,62,20.5,
02OA039,2,2003,63,20.7,
02OA039,2,2003,64,20.65,
02OA039,2,2003,65,20.6,
02OA039,2,2003,66,20.58,
02OA039,2,2003,67,20.48,
02OA039,2,2003,68,20.44,
02OA039,2,2003,69,20.57,
02OA039,2,2003,70,20.73,
02OA039,2,2003,71,20.6,
02OA039,2,2003,72,20.6,
02OA039,2,2003,73,20.6,
02OA039,2,2003,74,20.58,
02OA039,2,2003,75,20.55,
02OA039,2,2003,76,20.49,
02OA039,2,2003,77,20.49,
02OA039,2,2003,78,20.51,
02OA039,2,2003,79,20.55,
02OA039,2,2003,80,20.63,
02OA039,2,2003,81,20.7,
02OA039,2,2003,82,20.8,
02OA039,2,2003,83,20.75,
02OA039,2,2003,84,20.73,
02OA039,2,2003,85,20.86,
02OA039,2,2003,86,20.91,
02OA039,2,2003,87,20.97,
02OA039,2,2003,88,20.91,
02OA039,2,2003,89,20.99,
02OA039,2,2003,90,20.96,
02OA039,2,2003,91,20.8,
02OA039,2,2003,92,20.69,
02OA039,2,2003,93,20.59,
02OA039,2,2003,94,20.59,
02OA039,2,2003,95,20.67,
02OA039,2,2003,96,20.71,
02OA039,2,2003,97,20.58,
02OA039,2,2003,98,20.58,
02OA039,2,2003,99,20.56,
02OA039,2,2003,100,20.6,
02OA039,2,2003,101,20.7,
02OA039,2,2003,102,20.84,
02OA039,2,2003,103,20.82,
02OA039,2,2003,104,20.79,
02OA039,2,2003,105,20.82,
02OA039,2,2003,106,20.76,
02OA039,2,2003,107,20.86,
02OA039,2,2003,108,20.87,
02OA039,2,2003,109,20.96,
02OA039,2,2003,110,20.94,
02OA039,2,2003,111,20.98,
02OA039,2,2003,112,20.97,
02OA039,2,2003,113,21.05,
02OA039,2,2003,114,21.16,
02OA039,2,2003,115,21.12,
02OA039,2,2003,116,21.17,
02OA039,2,2003,117,21.22,
02OA039,2,2003,118,21.18,
02OA039,2,2003,119,21.1,
02OA039,2,2003,120,21.03,
02OA039,2,2003,121,21.01,
02OA039,2,2003,122,20.99,
02OA039,2,2003,123,20.99,
02OA039,2,2003,124,20.93,
02OA039,2,2003,125,21,
02OA039,2,2003,126,20.9,
02OA039,2,2003,127,20.84,
02OA039,2,2003,128,20.86,
02OA039,2,2003,129,20.86,
02OA039,2,2003,130,20.76,
02OA039,2,2003,131,20.77,
02OA039,2,2003,132,20.79,
02OA039,2,2003,133,20.85,
02OA039,2,2003,134,20.88,
02OA039,2,2003,135,20.89,
02OA039,2,2003,136,20.84,
02OA039,2,2003,137,20.86,
02OA039,2,2003,138,20.89,
02OA039,2,2003,139,20.8,
02OA039,2,2003,140,20.78,
02OA039,2,2003,141,20.85,
02OA039,2,2003,142,20.74,
02OA039,2,2003,143,20.72,
02OA039,2,2003,144,20.73,
02OA039,2,2003,145,20.84,
02OA039,2,2003,146,20.92,
02OA039,2,2003,147,21.01,
02OA039,2,2003,148,21.08,
02OA039,2,2003,149,21.02,
02OA039,2,2003,150,21.07,
02OA039,2,2003,151,21.09,
02OA039,2,2003,152,21.14,
02OA039,2,2003,153,21.16,
02OA039,2,2003,154,21.08,
02OA039,2,2003,155,21.02,
02OA039,2,2003,156,20.97,
02OA039,2,2003,157,20.99,
02OA039,2,2003,158,20.99,
02OA039,2,2003,159,21.01,
02OA039,2,2003,160,21.09,
02OA039,2,2003,161,21,
02OA039,2,2003,162,20.99,
02OA039,2,2003,163,21.03,
02OA039,2,2003,164,21.06,
02OA039,2,2003,165,21.3,
02OA039,2,2003,166,21.42,
02OA039,2,2003,167,21.41,
02OA039,2,2003,168,21.35,
02OA039,2,2003,169,21.3,
02OA039,2,2003,170,21.3,
02OA039,2,2003,171,21.23,
02OA039,2,2003,172,21.18,
02OA039,2,2003,173,21.16,
02OA039,2,2003,174,21.09,
02OA039,2,2003,175,21.11,
02OA039,2,2003,176,21.11,
02OA039,2,2003,177,21.05,
02OA039,2,2003,178,21.06,
02OA039,2,2003,179,21.04,
02OA039,2,2003,180,21.02,
02OA039,2,2003,181,20.98,
02OA039,2,2003,182,21.05,
02OA039,2,2003,183,21,
02OA039,2,2003,184,21,
02OA039,2,2003,185,21.03,
02OA039,2,2003,186,20.99,
02OA039,2,2003,187,20.96,
02OA039,2,2003,188,20.91,
02OA039,2,2003,189,20.97,
02OA039,2,2003,190,20.94,
02OA039,2,2003,191,20.87,
02OA039,2,2003,192,20.96,
02OA039,2,2003,193,20.92,
02OA039,2,2003,194,20.89,
02OA039,2,2003,195,20.91,
02OA039,2,2003,196,20.9,
02OA039,2,2003,197,20.95,
02OA039,2,2003,198,20.97,
02OA039,2,2003,199,20.95,
02OA039,2,2003,200,20.99,
02OA039,2,2003,201,20.96,
02OA039,2,2003,202,20.93,
02OA039,2,2003,203,20.96,
02OA039,2,2003,204,20.96,
02OA039,2,2003,205,20.99,
02OA039,2,2003,206,21,
02OA039,2,2003,207,20.96,
02OA039,2,2003,208,20.97,
02OA039,2,2003,209,20.95,
02OA039,2,2003,210,20.93,
02OA039,2,2003,211,20.96,
02OA039,2,2003,212,20.97,
02OA039,2,2003,213,20.96,
02OA039,2,2003,214,20.98,
02OA039,2,2003,215,20.99,
02OA039,2,2003,216,21.02,
02OA039,2,2003,217,21.11,
02OA039,2,2003,218,21.04,
02OA039,2,2003,219,21.1,
02OA039,2,2003,220,21.17,
02OA039,2,2003,221,21.14,
02OA039,2,2003,222,21.15,
02OA039,2,2003,223,21.23,
02OA039,2,2003,224,21.21,
02OA039,2,2003,225,21.23,
02OA039,2,2003,226,21.22,
02OA039,2,2003,227,21.41,
02OA039,2,2003,228,21.62,
02OA039,2,2003,229,21.48,
02OA039,2,2003,230,21.29,
02OA039,2,2003,231,21.24,
02OA039,2,2003,232,21.19,
02OA039,2,2003,233,21.2,
02OA039,2,2003,234,21.24,
02OA039,2,2003,235,21.11,
02OA039,2,2003,236,21.08,
02OA039,2,2003,237,21.09,
02OA039,2,2003,238,21.12,
02OA039,2,2003,239,21.1,
02OA039,2,2003,240,21.08,
02OA039,2,2003,241,21.11,
02OA039,2,2003,242,21.1,
02OA039,2,2003,243,21.07,
02OA039,2,2003,244,21.03,
02OA039,2,2003,245,21.07,
02OA039,2,2003,246,21.05,
02OA039,2,2003,247,21.09,
02OA039,2,2003,248,21.06,
02OA039,2,2003,249,21.03,
02OA039,2,2003,250,20.95,
02OA039,2,2003,251,20.89,
02OA039,2,2003,252,20.94,
02OA039,2,2003,253,20.97,
02OA039,2,2003,254,20.91,
02OA039,2,2003,255,20.95,
02OA039,2,2003,256,20.96,
02OA039,2,2003,257,20.86,
02OA039,2,2003,258,20.86,
02OA039,2,2003,259,20.89,
02OA039,2,2003,260,20.86,
02OA039,2,2003,261,20.79,
02OA039,2,2003,262,20.85,
02OA039,2,2003,263,20.86,
02OA039,2,2003,264,20.86,
02OA039,2,2003,265,20.83,
02OA039,2,2003,266,20.86,
02OA039,2,2003,267,20.85,
02OA039,2,2003,268,20.82,
02OA039,2,2003,269,20.85,
02OA039,2,2003,270,20.81,
02OA039,2,2003,271,20.85,
02OA039,2,2003,272,20.87,
02OA039,2,2003,273,20.81,
02OA039,2,2003,274,20.87,
02OA039,2,2003,275,20.81,
02OA039,2,2003,276,20.83,
02OA039,2,2003,277,20.86,
02OA039,2,2003,278,20.89,
02OA039,2,2003,279,20.87,
02OA039,2,2003,280,20.85,
02OA039,2,2003,281,20.94,
02OA039,2,2003,282,20.93,
02OA039,2,2003,283,20.91,
02OA039,2,2003,284,20.94,
02OA039,2,2003,285,20.89,
02OA039,2,2003,286,20.9,
02OA039,2,2003,287,20.87,
02OA039,2,2003,288,20.9,
02OA039,2,2003,289,20.98,
02OA039,2,2003,290,20.97,
02OA039,2,2003,291,21.01,
02OA039,2,2003,292,21.04,
02OA039,2,2003,293,21.06,
02OA039,2,2003,294,21.07,
02OA039,2,2003,295,21.25,
02OA039,2,2003,296,21.22,
02OA039,2,2003,297,21.21,
02OA039,2,2003,298,21.15,
02OA039,2,2003,299,21.06,
02OA039,2,2003,300,21.08,
02OA039,2,2003,301,21.21,
02OA039,2,2003,302,21.3,
02OA039,2,2003,303,21.37,
02OA039,2,2003,304,21.33,
02OA039,2,2003,305,21.36,
02OA039,2,2003,306,21.23,
02OA039,2,2003,307,21.23,
02OA039,2,2003,308,21.19,
02OA039,2,2003,309,21.17,
02OA039,2,2003,310,21.26,
02OA039,2,2003,311,21.24,
02OA039,2,2003,312,21.24,
02OA039,2,2003,313,21.22,
02OA039,2,2003,314,21.21,
02OA039,2,2003,315,21.19,
02OA039,2,2003,316,21.23,
02OA039,2,2003,317,21.26,
02OA039,2,2003,318,21.33,
02OA039,2,2003,319,21.31,
02OA039,2,2003,320,21.29,
02OA039,2,2003,321,21.31,
02OA039,2,2003,322,21.34,
02OA039,2,2003,323,21.35,
02OA039,2,2003,324,21.39,
02OA039,2,2003,325,21.4,
02OA039,2,2003,326,21.49,
02OA039,2,2003,327,21.61,
02OA039,2,2003,328,21.67,
02OA039,2,2003,329,21.64,
02OA039,2,2003,330,21.61,
02OA039,2,2003,331,21.62,
02OA039,2,2003,332,21.59,
02OA039,2,2003,333,21.76,
02OA039,2,2003,334,21.92,
02OA039,2,2003,335,21.93,
02OA039,2,2003,336,21.87,
02OA039,2,2003,337,21.83,
02OA039,2,2003,338,21.76,
02OA039,2,2003,339,21.65,
02OA039,2,2003,340,21.54,
02OA039,2,2003,341,21.55,
02OA039,2,2003,342,21.57,
02OA039,2,2003,343,21.56,
02OA039,2,2003,344,21.52,
02OA039,2,2003,345,21.51,
02OA039,2,2003,346,21.71,
02OA039,2,2003,347,21.61,
02OA039,2,2003,348,21.45,
02OA039,2,2003,349,21.39,
02OA039,2,2003,350,21.36,
02OA039,2,2003,351,21.3,
02OA039,2,2003,352,21.29,
02OA039,2,2003,353,21.27,
02OA039,2,2003,354,21.24,
02OA039,2,2003,355,21.22,
02OA039,2,2003,356,21.19,
02OA039,2,2003,357,21.2,
02OA039,2,2003,358,21.19,
02OA039,2,2003,359,21.23,
02OA039,2,2003,360,21.29,
02OA039,2,2003,361,21.36,
02OA039,2,2003,362,21.41,
02OA039,2,2003,363,21.4,
02OA039,2,2003,364,21.34,
02OA039,2,2003,365,21.34,
02OA039,2,2004,1,21.41,
02OA039,2,2004,2,21.48,
02OA039,2,2004,3,21.43,
02OA039,2,2004,4,21.32,
02OA039,2,2004,5,21.28,
02OA039,2,2004,6,21.25,
02OA039,2,2004,7,21.2,
02OA039,2,2004,8,21.11,
02OA039,2,2004,9,21.17,
02OA039,2,2004,10,21.21,
02OA039,2,2004,11,21.27,
02OA039,2,2004,12,21.34,
02OA039,2,2004,13,21.34,
02OA039,2,2004,14,21.29,
02OA039,2,2004,15,21.41,
02OA039,2,2004,16,21.4,
02OA039,2,2004,17,21.35,
02OA039,2,2004,18,21.42,
02OA039,2,2004,19,21.45,
02OA039,2,2004,20,21.39,
02OA039,2,2004,21,21.42,
02OA039,2,2004,22,21.47,
02OA039,2,2004,23,21.57,
02OA039,2,2004,24,21.73,
02OA039,2,2004,25,21.82,
02OA039,2,2004,26,21.81,
02OA039,2,2004,27,21.81,
02OA039,2,2004,28,21.86,
02OA039,2,2004,29,21.9,
02OA039,2,2004,30,21.88,
02OA039,2,2004,31,21.85,
02OA039,2,2004,32,21.77,
02OA039,2,2004,33,21.75,
02OA039,2,2004,34,21.67,
02OA039,2,2004,35,21.47,
02OA039,2,2004,36,21.39,
02OA039,2,2004,37,21.42,
02OA039,2,2004,38,21.54,
02OA039,2,2004,39,21.66,
02OA039,2,2004,40,21.79,
02OA039,2,2004,41,21.74,
02OA039,2,2004,42,21.47,
02OA039,2,2004,43,21.45,
02OA039,2,2004,44,21.46,
02OA039,2,2004,45,21.47,
02OA039,2,2004,46,21.49,
02OA039,2,2004,47,21.62,
02OA039,2,2004,48,21.77,
02OA039,2,2004,49,21.78,
02OA039,2,2004,50,21.64,
02OA039,2,2004,51,21.45,
02OA039,2,2004,52,21.35,
02OA039,2,2004,53,21.25,
02OA039,2,2004,54,21.2,
02OA039,2,2004,55,21.23,
02OA039,2,2004,56,21.3,
02OA039,2,2004,57,21.28,
02OA039,2,2004,58,21.19,
02OA039,2,2004,59,21.2,
02OA039,2,2004,60,21.21,
02OA039,2,2004,61,21.14,
02OA039,2,2004,62,21.09,
02OA039,2,2004,63,21.12,
02OA039,2,2004,64,21.16,
02OA039,2,2004,65,21.25,
02OA039,2,2004,66,21.36,
02OA039,2,2004,67,21.52,
02OA039,2,2004,68,21.58,
02OA039,2,2004,69,21.55,
02OA039,2,2004,70,21.46,
02OA039,2,2004,71,21.43,
02OA039,2,2004,72,21.39,
02OA039,2,2004,73,21.31,
02OA039,2,2004,74,21.29,
02OA039,2,2004,75,21.24,
02OA039,2,2004,76,21.28,
02OA039,2,2004,77,21.35,
02OA039,2,2004,78,21.3,
02OA039,2,2004,79,21.25,
02OA039,2,2004,80,21.16,
02OA039,2,2004,81,21.14,
02OA039,2,2004,82,21.17,
02OA039,2,2004,83,21.2,
02OA039,2,2004,84,21.1,
02OA039,2,2004,85,21.12,
02OA039,2,2004,86,21.12,
02OA039,2,2004,87,21.25,
02OA039,2,2004,88,21.53,
02OA039,2,2004,89,21.65,
02OA039,2,2004,90,21.62,
02OA039,2,2004,91,21.66,
02OA039,2,2004,92,21.65,
02OA039,2,2004,93,21.58,
02OA039,2,2004,94,21.56,
02OA039,2,2004,95,21.6,
02OA039,2,2004,96,21.62,
02OA039,2,2004,97,21.65,
02OA039,2,2004,98,21.61,
02OA039,2,2004,99,21.51,
02OA039,2,2004,100,21.52,
02OA039,2,2004,101,21.5,
02OA039,2,2004,102,21.48,
02OA039,2,2004,103,21.48,
02OA039,2,2004,104,21.48,
02OA039,2,2004,105,21.48,
02OA039,2,2004,106,21.59,
02OA039,2,2004,107,21.66,
02OA039,2,2004,108,21.59,
02OA039,2,2004,109,21.53,
02OA039,2,2004,110,21.52,
02OA039,2,2004,111,21.5,
02OA039,2,2004,112,21.47,
02OA039,2,2004,113,21.44,
02OA039,2,2004,114,21.45,
02OA039,2,2004,115,21.46,
02OA039,2,2004,116,21.48,
02OA039,2,2004,117,21.5,
02OA039,2,2004,118,21.5,
02OA039,2,2004,119,21.53,
02OA039,2,2004,120,21.54,
02OA039,2,2004,121,21.51,
02OA039,2,2004,122,21.46,
02OA039,2,2004,123,21.42,
02OA039,2,2004,124,21.4,
02OA039,2,2004,125,21.4,
02OA039,2,2004,126,21.44,
02OA039,2,2004,127,21.53,
02OA039,2,2004,128,21.59,
02OA039,2,2004,129,21.62,
02OA039,2,2004,130,21.63,
02OA039,2,2004,131,21.62,
02OA039,2,2004,132,21.62,
02OA039,2,2004,133,21.62,
02OA039,2,2004,134,21.57,
02OA039,2,2004,135,21.51,
02OA039,2,2004,136,21.48,
02OA039,2,2004,137,21.47,
02OA039,2,2004,138,21.45,
02OA039,2,2004,139,21.37,
02OA039,2,2004,140,21.37,
02OA039,2,2004,141,21.38,
02OA039,2,2004,142,21.39,
02OA039,2,2004,143,21.41,
02OA039,2,2004,144,21.45,
02OA039,2,2004,145,21.51,
02OA039,2,2004,146,21.59,
02OA039,2,2004,147,21.68,
02OA039,2,2004,148,21.72,
02OA039,2,2004,149,21.69,
02OA039,2,2004,150,21.63,
02OA039,2,2004,151,21.61,
02OA039,2,2004,152,21.57,
02OA039,2,2004,153,21.56,
02OA039,2,2004,154,21.55,
02OA039,2,2004,155,21.54,
02OA039,2,2004,156,21.54,
02OA039,2,2004,157,21.52,
02OA039,2,2004,158,21.46,
02OA039,2,2004,159,21.44,
02OA039,2,2004,160,21.42,
02OA039,2,2004,161,21.41,
02OA039,2,2004,162,21.38,
02OA039,2,2004,163,21.38,
02OA039,2,2004,164,21.37,
02OA039,2,2004,165,21.35,
02OA039,2,2004,166,21.34,
02OA039,2,2004,167,21.32,
02OA039,2,2004,168,21.31,
02OA039,2,2004,169,21.31,
02OA039,2,2004,170,21.29,
02OA039,2,2004,171,21.28,
02OA039,2,2004,172,21.28,
02OA039,2,2004,173,21.21,
02OA039,2,2004,174,21.19,
02OA039,2,2004,175,21.22,
02OA039,2,2004,176,21.2,
02OA039,2,2004,177,21.19,
02OA039,2,2004,178,21.2,
02OA039,2,2004,179,21.19,
02OA039,2,2004,180,21.16,
02OA039,2,2004,181,21.12,
02OA039,2,2004,182,21.12,
02OA039,2,2004,183,21.12,
02OA039,2,2004,184,21.11,
02OA039,2,2004,185,21.11,
02OA039,2,2004,186,21.11,
02OA039,2,2004,187,21.09,
02OA039,2,2004,188,21.11,
02OA039,2,2004,189,21.07,
02OA039,2,2004,190,21.08,
02OA039,2,2004,191,21.09,
02OA039,2,2004,192,21.12,
02OA039,2,2004,193,21.11,
02OA039,2,2004,194,21.1,
02OA039,2,2004,195,21.14,
02OA039,2,2004,196,21.21,
02OA039,2,2004,197,21.28,
02OA039,2,2004,198,21.32,
02OA039,2,2004,199,21.33,
02OA039,2,2004,200,21.38,
02OA039,2,2004,201,21.44,
02OA039,2,2004,202,21.49,
02OA039,2,2004,203,21.47,
02OA039,2,2004,204,21.43,
02OA039,2,2004,205,21.43,
02OA039,2,2004,206,21.4,
02OA039,2,2004,207,21.38,
02OA039,2,2004,208,21.4,
02OA039,2,2004,209,21.38,
02OA039,2,2004,210,21.33,
02OA039,2,2004,211,21.32,
02OA039,2,2004,212,21.35,
02OA039,2,2004,213,21.35,
02OA039,2,2004,214,21.42,
02OA039,2,2004,215,21.37,
02OA039,2,2004,216,21.33,
02OA039,2,2004,217,21.29,
02OA039,2,2004,218,21.32,
02OA039,2,2004,219,21.32,
02OA039,2,2004,220,21.28,
02OA039,2,2004,221,21.28,
02OA039,2,2004,222,21.26,
02OA039,2,2004,223,21.24,
02OA039,2,2004,224,21.31,
02OA039,2,2004,225,21.33,
02OA039,2,2004,226,21.3,
02OA039,2,2004,227,21.25,
02OA039,2,2004,228,21.23,
02OA039,2,2004,229,21.24,
02OA039,2,2004,230,21.26,
02OA039,2,2004,231,21.23,
02OA039,2,2004,232,21.22,
02OA039,2,2004,233,21.22,
02OA039,2,2004,234,21.21,
02OA039,2,2004,235,21.21,
02OA039,2,2004,236,21.18,
02OA039,2,2004,237,21.17,
02OA039,2,2004,238,21.15,
02OA039,2,2004,239,21.15,
02OA039,2,2004,240,21.17,
02OA039,2,2004,241,21.21,
02OA039,2,2004,242,21.21,
02OA039,2,2004,243,21.17,
02OA039,2,2004,244,21.16,
02OA039,2,2004,245,21.19,
02OA039,2,2004,246,21.18,
02OA039,2,2004,247,21.2,
02OA039,2,2004,248,21.17,
02OA039,2,2004,249,21.16,
02OA039,2,2004,250,21.21,
02OA039,2,2004,251,21.15,
02OA039,2,2004,252,21.13,
02OA039,2,2004,253,21.2,
02OA039,2,2004,254,21.39,
02OA039,2,2004,255,21.71,
02OA039,2,2004,256,21.72,
02OA039,2,2004,257,21.61,
02OA039,2,2004,258,21.5,
02OA039,2,2004,259,21.44,
02OA039,2,2004,260,21.36,
02OA039,2,2004,261,21.37,
02OA039,2,2004,262,21.4,
02OA039,2,2004,263,21.37,
02OA039,2,2004,264,21.37,
02OA039,2,2004,265,21.39,
02OA039,2,2004,266,21.38,
02OA039,2,2004,267,21.42,
02OA039,2,2004,268,21.44,
02OA039,2,2004,269,21.39,
02OA039,2,2004,270,21.27,
02OA039,2,2004,271,21.32,
02OA039,2,2004,272,21.34,
02OA039,2,2004,273,21.39,
02OA039,2,2004,274,21.38,
02OA039,2,2004,275,21.34,
02OA039,2,2004,276,21.32,
02OA039,2,2004,277,21.35,
02OA039,2,2004,278,21.33,
02OA039,2,2004,279,21.25,
02OA039,2,2004,280,21.26,
02OA039,2,2004,281,21.3,
02OA039,2,2004,282,21.3,
02OA039,2,2004,283,21.25,
02OA039,2,2004,284,21.23,
02OA039,2,2004,285,21.21,
02OA039,2,2004,286,21.18,
02OA039,2,2004,287,21.16,
02OA039,2,2004,288,21.16,
02OA039,2,2004,289,21.18,
02OA039,2,2004,290,21.21,
02OA039,2,2004,291,21.3,
02OA039,2,2004,292,21.19,
02OA039,2,2004,293,21.03,
02OA039,2,2004,294,21.05,
02OA039,2,2004,295,21.16,
02OA039,2,2004,296,21.15,
02OA039,2,2004,297,21.15,
02OA039,2,2004,298,21.17,
02OA039,2,2004,299,21.17,
02OA039,2,2004,300,21.14,
02OA039,2,2004,301,21.11,
02OA039,2,2004,302,21.09,
02OA039,2,2004,303,21.11,
02OA039,2,2004,304,21.1,
02OA039,2,2004,305,21.1,
02OA039,2,2004,306,21.06,
02OA039,2,2004,307,21.01,
02OA039,2,2004,308,21.04,
02OA039,2,2004,309,21.08,
02OA039,2,2004,310,21.13,
02OA039,2,2004,311,21.09,
02OA039,2,2004,312,21.03,
02OA039,2,2004,313,21.03,
02OA039,2,2004,314,21.07,
02OA039,2,2004,315,21.09,
02OA039,2,2004,316,21.07,
02OA039,2,2004,317,21.04,
02OA039,2,2004,318,21.05,
02OA039,2,2004,319,21.06,
02OA039,2,2004,320,21.04,
02OA039,2,2004,321,20.99,
02OA039,2,2004,322,21.01,
02OA039,2,2004,323,20.98,
02OA039,2,2004,324,21.01,
02OA039,2,2004,325,21.01,
02OA039,2,2004,326,20.95,
02OA039,2,2004,327,20.88,
02OA039,2,2004,328,20.87,
02OA039,2,2004,329,20.85,
02OA039,2,2004,330,20.89,
02OA039,2,2004,331,20.94,
02OA039,2,2004,332,20.94,
02OA039,2,2004,333,20.9,
02OA039,2,2004,334,20.97,
02OA039,2,2004,335,20.94,
02OA039,2,2004,336,20.94,
02OA039,2,2004,337,21.1,
02OA039,2,2004,338,21.09,
02OA039,2,2004,339,21.1,
02OA039,2,2004,340,21.09,
02OA039,2,2004,341,21.08,
02OA039,2,2004,342,21.06,
02OA039,2,2004,343,21.14,
02OA039,2,2004,344,21.1,
02OA039,2,2004,345,21.07,
02OA039,2,2004,346,21.16,
02OA039,2,2004,347,21.27,
02OA039,2,2004,348,21.25,
02OA039,2,2004,349,21.15,
02OA039,2,2004,350,21.15,
02OA039,2,2004,351,21.2,
02OA039,2,2004,352,21.15,
02OA039,2,2004,353,21.1,
02OA039,2,2004,354,21.06,
02OA039,2,2004,355,20.96,
02OA039,2,2004,356,20.97,
02OA039,2,2004,357,21.06,
02OA039,2,2004,358,21.16,
02OA039,2,2004,359,21.12,
02OA039,2,2004,360,21.21,
02OA039,2,2004,361,21.26,
02OA039,2,2004,362,21.35,
02OA039,2,2004,363,21.42,
02OA039,2,2004,364,21.36,
02OA039,2,2004,365,21.23,
02OA039,2,2004,366,21.1,
02OA039,2,2005,1,21.01,
02OA039,2,2005,2,21.11,
02OA039,2,2005,3,21.22,
02OA039,2,2005,4,21.09,
02OA039,2,2005,5,21.13,
02OA039,2,2005,6,21.16,
02OA039,2,2005,7,21.2,
02OA039,2,2005,8,21.22,
02OA039,2,2005,9,21.22,
02OA039,2,2005,10,21.22,
02OA039,2,2005,11,21.18,
02OA039,2,2005,12,21.24,
02OA039,2,2005,13,21.31,
02OA039,2,2005,14,21.07,
02OA039,2,2005,15,21.2,
02OA039,2,2005,16,21.26,
02OA039,2,2005,17,21.29,
02OA039,2,2005,18,21.3,
02OA039,2,2005,19,21.33,
02OA039,2,2005,20,21.35,
02OA039,2,2005,21,21.46,
02OA039,2,2005,22,21.53,
02OA039,2,2005,23,21.49,
02OA039,2,2005,24,21.46,
02OA039,2,2005,25,21.4,
02OA039,2,2005,26,21.4,
02OA039,2,2005,27,21.46,
02OA039,2,2005,28,21.51,
02OA039,2,2005,29,21.57,
02OA039,2,2005,30,21.41,
02OA039,2,2005,31,21.24,
02OA039,2,2005,32,21.14,
02OA039,2,2005,33,21.1,
02OA039,2,2005,34,21.21,
02OA039,2,2005,35,21.18,
02OA039,2,2005,36,21.17,
02OA039,2,2005,37,21.24,
02OA039,2,2005,38,21.23,
02OA039,2,2005,39,21.18,
02OA039,2,2005,40,21.2,
02OA039,2,2005,41,21.21,
02OA039,2,2005,42,21.29,
02OA039,2,2005,43,21.34,
02OA039,2,2005,44,21.31,
02OA039,2,2005,45,21.34,
02OA039,2,2005,46,21.36,
02OA039,2,2005,47,21.23,
02OA039,2,2005,48,21.31,
02OA039,2,2005,49,21.3,
02OA039,2,2005,50,21.41,
02OA039,2,2005,51,21.47,
02OA039,2,2005,52,21.47,
02OA039,2,2005,53,21.45,
02OA039,2,2005,54,21.42,
02OA039,2,2005,55,21.46,
02OA039,2,2005,56,21.46,
02OA039,2,2005,57,21.4,
02OA039,2,2005,58,21.44,
02OA039,2,2005,59,21.45,
02OA039,2,2005,60,21.42,
02OA039,2,2005,61,21.43,
02OA039,2,2005,62,21.39,
02OA039,2,2005,63,21.47,
02OA039,2,2005,64,21.44,
02OA039,2,2005,65,21.37,
02OA039,2,2005,66,21.37,
02OA039,2,2005,67,21.47,
02OA039,2,2005,68,21.57,
02OA039,2,2005,69,21.64,
02OA039,2,2005,70,21.55,
02OA039,2,2005,71,21.39,
02OA039,2,2005,72,21.31,
02OA039,2,2005,73,21.28,
02OA039,2,2005,74,21.23,
02OA039,2,2005,75,21.19,
02OA039,2,2005,76,21.21,
02OA039,2,2005,77,21.22,
02OA039,2,2005,78,21.24,
02OA039,2,2005,79,21.24,
02OA039,2,2005,80,21.22,
02OA039,2,2005,81,21.2,
02OA039,2,2005,82,21.26,
02OA039,2,2005,83,21.27,
02OA039,2,2005,84,21.18,
02OA039,2,2005,85,21.2,
02OA039,2,2005,86,21.16,
02OA039,2,2005,87,21.2,
02OA039,2,2005,88,21.29,
02OA039,2,2005,89,21.36,
02OA039,2,2005,90,21.36,
02OA039,2,2005,91,21.5,
02OA039,2,2005,92,21.57,
02OA039,2,2005,93,21.87,
02OA039,2,2005,94,22.2,
02OA039,2,2005,95,22.05,
02OA039,2,2005,96,21.91,
02OA039,2,2005,97,21.95,
02OA039,2,2005,98,21.96,
02OA039,2,2005,99,22.09,
02OA039,2,2005,100,22.12,
02OA039,2,2005,101,22.07,
02OA039,2,2005,102,22,
02OA039,2,2005,103,21.94,
02OA039,2,2005,104,21.9,
02OA039,2,2005,105,21.91,
02OA039,2,2005,106,21.88,
02OA039,2,2005,107,21.84,
02OA039,2,2005,108,21.82,
02OA039,2,2005,109,21.8,
02OA039,2,2005,110,21.81,
02OA039,2,2005,111,21.87,
02OA039,2,2005,112,21.88,
02OA039,2,2005,113,21.91,
02OA039,2,2005,114,21.94,
02OA039,2,2005,115,21.98,
02OA039,2,2005,116,22.08,
02OA039,2,2005,117,22.07,
02OA039,2,2005,118,22.06,
02OA039,2,2005,119,22.08,
02OA039,2,2005,120,22.06,
02OA039,2,2005,121,22.11,
02OA039,2,2005,122,22.02,
02OA039,2,2005,123,21.97,
02OA039,2,2005,124,21.99,
02OA039,2,2005,125,22.01,
02OA039,2,2005,126,22.04,
02OA039,2,2005,127,21.93,
02OA039,2,2005,128,21.84,
02OA039,2,2005,129,21.8,
02OA039,2,2005,130,21.71,
02OA039,2,2005,131,21.68,
02OA039,2,2005,132,21.67,
02OA039,2,2005,133,21.59,
02OA039,2,2005,134,21.52,
02OA039,2,2005,135,21.48,
02OA039,2,2005,136,21.45,
02OA039,2,2005,137,21.42,
02OA039,2,2005,138,21.43,
02OA039,2,2005,139,21.45,
02OA039,2,2005,140,21.46,
02OA039,2,2005,141,21.41,
02OA039,2,2005,142,21.4,
02OA039,2,2005,143,21.39,
02OA039,2,2005,144,21.39,
02OA039,2,2005,145,21.4,
02OA039,2,2005,146,21.37,
02OA039,2,2005,147,21.39,
02OA039,2,2005,148,21.36,
02OA039,2,2005,149,21.27,
02OA039,2,2005,150,21.2,
02OA039,2,2005,151,21.25,
02OA039,2,2005,152,21.25,
02OA039,2,2005,153,21.25,
02OA039,2,2005,154,21.2,
02OA039,2,2005,155,21.19,
02OA039,2,2005,156,21.17,
02OA039,2,2005,157,21.11,
02OA039,2,2005,158,21.08,
02OA039,2,2005,159,21.14,
02OA039,2,2005,160,21.16,
02OA039,2,2005,161,21.12,
02OA039,2,2005,162,21.12,
02OA039,2,2005,163,21.04,
02OA039,2,2005,164,20.99,
02OA039,2,2005,165,21.13,
02OA039,2,2005,166,21.32,
02OA039,2,2005,167,21.21,
02OA039,2,2005,168,21.32,
02OA039,2,2005,169,21.51,
02OA039,2,2005,170,21.51,
02OA039,2,2005,171,21.42,
02OA039,2,2005,172,21.38,
02OA039,2,2005,173,21.29,
02OA039,2,2005,174,21.23,
02OA039,2,2005,175,21.2,
02OA039,2,2005,176,21.13,
02OA039,2,2005,177,21.14,
02OA039,2,2005,178,21.12,
02OA039,2,2005,179,21.08,
02OA039,2,2005,180,21.09,
02OA039,2,2005,181,21.09,
02OA039,2,2005,182,21.09,
02OA039,2,2005,183,21.04,
02OA039,2,2005,184,20.96,
02OA039,2,2005,185,20.92,
02OA039,2,2005,186,20.98,
02OA039,2,2005,187,21.08,
02OA039,2,2005,188,21.04,
02OA039,2,2005,189,20.98,
02OA039,2,2005,190,20.92,
02OA039,2,2005,191,21.02,
02OA039,2,2005,192,20.99,
02OA039,2,2005,193,20.96,
02OA039,2,2005,194,20.93,
02OA039,2,2005,195,20.97,
02OA039,2,2005,196,21.03,
02OA039,2,2005,197,21.02,
02OA039,2,2005,198,20.99,
02OA039,2,2005,199,20.9,
02OA039,2,2005,200,20.97,
02OA039,2,2005,201,20.99,
02OA039,2,2005,202,20.98,
02OA039,2,2005,203,21,
02OA039,2,2005,204,21,
02OA039,2,2005,205,20.94,
02OA039,2,2005,206,20.95,
02OA039,2,2005,207,21.03,
02OA039,2,2005,208,20.97,
02OA039,2,2005,209,20.93,
02OA039,2,2005,210,20.99,
02OA039,2,2005,211,21,
02OA039,2,2005,212,21,
02OA039,2,2005,213,20.94,
02OA039,2,2005,214,20.95,
02OA039,2,2005,215,20.93,
02OA039,2,2005,216,21,
02OA039,2,2005,217,21,
02OA039,2,2005,218,20.93,
02OA039,2,2005,219,20.88,
02OA039,2,2005,220,20.86,
02OA039,2,2005,221,20.87,
02OA039,2,2005,222,20.92,
02OA039,2,2005,223,20.94,
02OA039,2,2005,224,20.87,
02OA039,2,2005,225,20.85,
02OA039,2,2005,226,20.91,
02OA039,2,2005,227,20.85,
02OA039,2,2005,228,20.87,
02OA039,2,2005,229,20.86,
02OA039,2,2005,230,20.85,
02OA039,2,2005,231,20.87,
02OA039,2,2005,232,20.91,
02OA039,2,2005,233,20.87,
02OA039,2,2005,234,20.8,
02OA039,2,2005,235,20.78,
02OA039,2,2005,236,20.79,
02OA039,2,2005,237,20.79,
02OA039,2,2005,238,20.74,
02OA039,2,2005,239,20.73,
02OA039,2,2005,240,20.79,
02OA039,2,2005,241,20.79,
02OA039,2,2005,242,20.75,
02OA039,2,2005,243,20.87,
02OA039,2,2005,244,20.94,
02OA039,2,2005,245,20.86,
02OA039,2,2005,246,20.87,
02OA039,2,2005,247,20.89,
02OA039,2,2005,248,20.81,
02OA039,2,2005,249,20.75,
02OA039,2,2005,250,20.79,
02OA039,2,2005,251,20.87,
02OA039,2,2005,252,20.88,
02OA039,2,2005,253,20.83,
02OA039,2,2005,254,20.82,
02OA039,2,2005,255,20.82,
02OA039,2,2005,256,20.82,
02OA039,2,2005,257,20.83,
02OA039,2,2005,258,20.78,
02OA039,2,2005,259,20.79,
02OA039,2,2005,260,20.89,
02OA039,2,2005,261,20.91,
02OA039,2,2005,262,20.92,
02OA039,2,2005,263,20.95,
02OA039,2,2005,264,20.9,
02OA039,2,2005,265,20.85,
02OA039,2,2005,266,20.78,
02OA039,2,2005,267,20.8,
02OA039,2,2005,268,20.79,
02OA039,2,2005,269,20.8,
02OA039,2,2005,270,20.81,
02OA039,2,2005,271,20.86,
02OA039,2,2005,272,20.95,
02OA039,2,2005,273,20.89,
02OA039,2,2005,274,20.85,
02OA039,2,2005,275,20.87,
02OA039,2,2005,276,20.87,
02OA039,2,2005,277,20.91,
02OA039,2,2005,278,20.92,
02OA039,2,2005,279,20.85,
02OA039,2,2005,280,20.86,
02OA039,2,2005,281,21.01,
02OA039,2,2005,282,20.99,
02OA039,2,2005,283,21.04,
02OA039,2,2005,284,20.92,
02OA039,2,2005,285,20.93,
02OA039,2,2005,286,20.87,
02OA039,2,2005,287,21.07,
02OA039,2,2005,288,21.33,
02OA039,2,2005,289,21.34,
02OA039,2,2005,290,21.17,
02OA039,2,2005,291,20.98,
02OA039,2,2005,292,21.03,
02OA039,2,2005,293,21.03,
02OA039,2,2005,294,21.03,
02OA039,2,2005,295,20.97,
02OA039,2,2005,296,20.96,
02OA039,2,2005,297,20.96,
02OA039,2,2005,298,20.96,
02OA039,2,2005,299,21.13,
02OA039,2,2005,300,21.23,
02OA039,2,2005,301,21.17,
02OA039,2,2005,302,21.11,
02OA039,2,2005,303,21.05,
02OA039,2,2005,304,20.97,
02OA039,2,2005,305,20.95,
02OA039,2,2005,306,20.98,
02OA039,2,2005,307,20.94,
02OA039,2,2005,308,20.89,
02OA039,2,2005,309,20.93,
02OA039,2,2005,310,20.97,
02OA039,2,2005,311,20.99,
02OA039,2,2005,312,20.97,
02OA039,2,2005,313,20.95,
02OA039,2,2005,314,20.97,
02OA039,2,2005,315,21.1,
02OA039,2,2005,316,21.05,
02OA039,2,2005,317,21.04,
02OA039,2,2005,318,21.14,
02OA039,2,2005,319,21.08,
02OA039,2,2005,320,21.1,
02OA039,2,2005,321,21.27,
02OA039,2,2005,322,21.28,
02OA039,2,2005,323,21.25,
02OA039,2,2005,324,21.3,
02OA039,2,2005,325,21.3,
02OA039,2,2005,326,21.29,
02OA039,2,2005,327,21.27,
02OA039,2,2005,328,21.27,
02OA039,2,2005,329,21.26,
02OA039,2,2005,330,21.22,
02OA039,2,2005,331,21.23,
02OA039,2,2005,332,21.28,
02OA039,2,2005,333,21.31,
02OA039,2,2005,334,21.35,
02OA039,2,2005,335,21.55,
02OA039,2,2005,336,21.61,
02OA039,2,2005,337,21.63,
02OA039,2,2005,338,21.56,
02OA039,2,2005,339,21.51,
02OA039,2,2005,340,21.48,
02OA039,2,2005,341,21.41,
02OA039,2,2005,342,21.42,
02OA039,2,2005,343,21.34,
02OA039,2,2005,344,21.4,
02OA039,2,2005,345,21.43,
02OA039,2,2005,346,21.37,
02OA039,2,2005,347,21.33,
02OA039,2,2005,348,21.29,
02OA039,2,2005,349,21.3,
02OA039,2,2005,350,21.27,
02OA039,2,2005,351,21.3,
02OA039,2,2005,352,21.19,
02OA039,2,2005,353,21.14,
02OA039,2,2005,354,21.18,
02OA039,2,2005,355,21.2,
02OA039,2,2005,356,21.23,
02OA039,2,2005,357,21.2,
02OA039,2,2005,358,21.09,
02OA039,2,2005,359,21.1,
02OA039,2,2005,360,21.06,
02OA039,2,2005,361,21.06,
02OA039,2,2005,362,21.05,
02OA039,2,2005,363,21.04,
02OA039,2,2005,364,21.03,
02OA039,2,2005,365,20.98,
02OA039,2,2006,1,21.03,
02OA039,2,2006,2,21.08,
02OA039,2,2006,3,21.06,
02OA039,2,2006,4,21.1,
02OA039,2,2006,5,21.14,
02OA039,2,2006,6,21.04,
02OA039,2,2006,7,20.93,
02OA039,2,2006,8,20.94,
02OA039,2,2006,9,20.99,
02OA039,2,2006,10,21.05,
02OA039,2,2006,11,20.96,
02OA039,2,2006,12,20.88,
02OA039,2,2006,13,20.89,
02OA039,2,2006,14,20.95,
02OA039,2,2006,15,21.04,
02OA039,2,2006,16,21.14,
02OA039,2,2006,17,21.38,
02OA039,2,2006,18,21.42,
02OA039,2,2006,19,21.26,
02OA039,2,2006,20,21.34,
02OA039,2,2006,21,21.39,
02OA039,2,2006,22,21.44,
02OA039,2,2006,23,21.4,
02OA039,2,2006,24,21.35,
02OA039,2,2006,25,21.25,
02OA039,2,2006,26,21.2,
02OA039,2,2006,27,21.24,
02OA039,2,2006,28,21.21,
02OA039,2,2006,29,21.1,
02OA039,2,2006,30,21.09,
02OA039,2,2006,31,21.19,
02OA039,2,2006,32,21.21,
02OA039,2,2006,33,21.12,
02OA039,2,2006,34,21.05,
02OA039,2,2006,35,21.06,
02OA039,2,2006,36,21.17,
02OA039,2,2006,37,21.3,
02OA039,2,2006,38,21.44,
02OA039,2,2006,39,21.42,
02OA039,2,2006,40,21.41,
02OA039,2,2006,41,21.45,
02OA039,2,2006,42,21.38,
02OA039,2,2006,43,21.3,
02OA039,2,2006,44,21.23,
02OA039,2,2006,45,21.21,
02OA039,2,2006,46,21.27,
02OA039,2,2006,47,21.32,
02OA039,2,2006,48,21.38,
02OA039,2,2006,49,21.38,
02OA039,2,2006,50,21.55,
02OA039,2,2006,51,21.6,
02OA039,2,2006,52,21.62,
02OA039,2,2006,53,21.56,
02OA039,2,2006,54,21.47,
02OA039,2,2006,55,21.41,
02OA039,2,2006,56,21.49,
02OA039,2,2006,57,21.64,
02OA039,2,2006,58,21.75,
02OA039,2,2006,59,21.89,
02OA039,2,2006,60,21.93,
02OA039,2,2006,61,21.78,
02OA039,2,2006,62,21.6,
02OA039,2,2006,63,21.57,
02OA039,2,2006,64,21.46,
02OA039,2,2006,65,21.41,
02OA039,2,2006,66,21.44,
02OA039,2,2006,67,21.45,
02OA039,2,2006,68,21.45,
02OA039,2,2006,69,21.5,
02OA039,2,2006,70,21.5,
02OA039,2,2006,71,21.53,
02OA039,2,2006,72,21.58,
02OA039,2,2006,73,21.67,
02OA039,2,2006,74,21.75,
02OA039,2,2006,75,21.73,
02OA039,2,2006,76,21.65,
02OA039,2,2006,77,21.53,
02OA039,2,2006,78,21.51,
02OA039,2,2006,79,21.5,
02OA039,2,2006,80,21.48,
02OA039,2,2006,81,21.47,
02OA039,2,2006,82,21.43,
02OA039,2,2006,83,21.43,
02OA039,2,2006,84,21.44,
02OA039,2,2006,85,21.49,
02OA039,2,2006,86,21.51,
02OA039,2,2006,87,21.53,
02OA039,2,2006,88,21.55,
02OA039,2,2006,89,21.57,
02OA039,2,2006,90,21.59,
02OA039,2,2006,91,21.55,
02OA039,2,2006,92,21.63,
02OA039,2,2006,93,21.69,
02OA039,2,2006,94,21.67,
02OA039,2,2006,95,21.87,
02OA039,2,2006,96,21.87,
02OA039,2,2006,97,21.81,
02OA039,2,2006,98,21.82,
02OA039,2,2006,99,21.83,
02OA039,2,2006,100,21.81,
02OA039,2,2006,101,21.72,
02OA039,2,2006,102,21.66,
02OA039,2,2006,103,21.66,
02OA039,2,2006,104,21.73,
02OA039,2,2006,105,21.73,
02OA039,2,2006,106,21.71,
02OA039,2,2006,107,21.7,
02OA039,2,2006,108,21.79,
02OA039,2,2006,109,21.8,
02OA039,2,2006,110,21.78,
02OA039,2,2006,111,21.8,
02OA039,2,2006,112,21.74,
02OA039,2,2006,113,21.79,
02OA039,2,2006,114,21.83,
02OA039,2,2006,115,21.84,
02OA039,2,2006,116,21.88,
02OA039,2,2006,117,21.79,
02OA039,2,2006,118,21.73,
02OA039,2,2006,119,21.72,
02OA039,2,2006,120,21.68,
02OA039,2,2006,121,21.67,
02OA039,2,2006,122,21.58,
02OA039,2,2006,123,21.52,
02OA039,2,2006,124,21.54,
02OA039,2,2006,125,21.5,
02OA039,2,2006,126,21.38,
02OA039,2,2006,127,21.3,
02OA039,2,2006,128,21.23,
02OA039,2,2006,129,21.18,
02OA039,2,2006,130,21.18,
02OA039,2,2006,131,21.18,
02OA039,2,2006,132,21.12,
02OA039,2,2006,133,21.08,
02OA039,2,2006,134,21.12,
02OA039,2,2006,135,21.09,
02OA039,2,2006,136,21.12,
02OA039,2,2006,137,21.12,
02OA039,2,2006,138,21.11,
02OA039,2,2006,139,21.15,
02OA039,2,2006,140,,
02OA039,2,2006,141,21.49,
02OA039,2,2006,142,21.38,
02OA039,2,2006,143,21.34,
02OA039,2,2006,144,21.27,
02OA039,2,2006,145,21.17,
02OA039,2,2006,146,21.12,
02OA039,2,2006,147,21.12,
02OA039,2,2006,148,21.11,
02OA039,2,2006,149,21.07,
02OA039,2,2006,150,21.01,
02OA039,2,2006,151,21,
02OA039,2,2006,152,21.04,
02OA039,2,2006,153,21.11,
02OA039,2,2006,154,21.11,
02OA039,2,2006,155,21.07,
02OA039,2,2006,156,21.03,
02OA039,2,2006,157,21.01,
02OA039,2,2006,158,20.99,
02OA039,2,2006,159,20.97,
02OA039,2,2006,160,20.95,
02OA039,2,2006,161,20.91,
02OA039,2,2006,162,20.95,
02OA039,2,2006,163,20.99,
02OA039,2,2006,164,20.97,
02OA039,2,2006,165,20.89,
02OA039,2,2006,166,20.82,
02OA039,2,2006,167,20.81,
02OA039,2,2006,168,20.83,
02OA039,2,2006,169,20.81,
02OA039,2,2006,170,20.78,
02OA039,2,2006,171,20.74,
02OA039,2,2006,172,20.79,
02OA039,2,2006,173,20.77,
02OA039,2,2006,174,20.76,
02OA039,2,2006,175,20.8,
02OA039,2,2006,176,20.75,
02OA039,2,2006,177,20.71,
02OA039,2,2006,178,20.72,
02OA039,2,2006,179,20.73,
02OA039,2,2006,180,20.74,
02OA039,2,2006,181,20.77,
02OA039,2,2006,182,20.82,
02OA039,2,2006,183,20.86,
02OA039,2,2006,184,20.96,
02OA039,2,2006,185,20.91,
02OA039,2,2006,186,20.82,
02OA039,2,2006,187,20.83,
02OA039,2,2006,188,20.88,
02OA039,2,2006,189,20.91,
02OA039,2,2006,190,20.89,
02OA039,2,2006,191,20.86,
02OA039,2,2006,192,20.89,
02OA039,2,2006,193,20.94,
02OA039,2,2006,194,20.89,
02OA039,2,2006,195,20.86,
02OA039,2,2006,196,20.9,
02OA039,2,2006,197,20.95,
02OA039,2,2006,198,20.98,
02OA039,2,2006,199,20.98,
02OA039,2,2006,200,20.95,
02OA039,2,2006,201,20.91,
02OA039,2,2006,202,20.9,
02OA039,2,2006,203,20.97,
02OA039,2,2006,204,20.98,
02OA039,2,2006,205,20.95,
02OA039,2,2006,206,20.94,
02OA039,2,2006,207,21.03,
02OA039,2,2006,208,21.01,
02OA039,2,2006,209,20.96,
02OA039,2,2006,210,20.98,
02OA039,2,2006,211,20.99,
02OA039,2,2006,212,20.97,
02OA039,2,2006,213,21,
02OA039,2,2006,214,21.08,
02OA039,2,2006,215,21.26,
02OA039,2,2006,216,21.34,
02OA039,2,2006,217,21.32,
02OA039,2,2006,218,21.23,
02OA039,2,2006,219,21.16,
02OA039,2,2006,220,21.13,
02OA039,2,2006,221,21.13,
02OA039,2,2006,222,21.11,
02OA039,2,2006,223,21.02,
02OA039,2,2006,224,21.05,
02OA039,2,2006,225,21.05,
02OA039,2,2006,226,20.97,
02OA039,2,2006,227,20.94,
02OA039,2,2006,228,20.96,
02OA039,2,2006,229,20.98,
02OA039,2,2006,230,20.95,
02OA039,2,2006,231,20.95,
02OA039,2,2006,232,20.95,
02OA039,2,2006,233,20.94,
02OA039,2,2006,234,20.98,
02OA039,2,2006,235,20.93,
02OA039,2,2006,236,20.9,
02OA039,2,2006,237,20.94,
02OA039,2,2006,238,20.9,
02OA039,2,2006,239,20.9,
02OA039,2,2006,240,20.95,
02OA039,2,2006,241,20.97,
02OA039,2,2006,242,20.96,
02OA039,2,2006,243,20.95,
02OA039,2,2006,244,20.91,
02OA039,2,2006,245,20.93,
02OA039,2,2006,246,20.9,
02OA039,2,2006,247,20.96,
02OA039,2,2006,248,20.98,
02OA039,2,2006,249,20.94,
02OA039,2,2006,250,20.94,
02OA039,2,2006,251,20.93,
02OA039,2,2006,252,20.92,
02OA039,2,2006,253,20.93,
02OA039,2,2006,254,20.92,
02OA039,2,2006,255,20.95,
02OA039,2,2006,256,20.95,
02OA039,2,2006,257,20.96,
02OA039,2,2006,258,20.98,
02OA039,2,2006,259,20.99,
02OA039,2,2006,260,21,
02OA039,2,2006,261,21.03,
02OA039,2,2006,262,21,
02OA039,2,2006,263,20.96,
02OA039,2,2006,264,20.98,
02OA039,2,2006,265,21.04,
02OA039,2,2006,266,21.02,
02OA039,2,2006,267,21,
02OA039,2,2006,268,21.03,
02OA039,2,2006,269,21.01,
02OA039,2,2006,270,21.03,
02OA039,2,2006,271,21.05,
02OA039,2,2006,272,21.11,
02OA039,2,2006,273,21.15,
02OA039,2,2006,274,21.16,
02OA039,2,2006,275,21.22,
02OA039,2,2006,276,21.28,
02OA039,2,2006,277,21.28,
02OA039,2,2006,278,21.24,
02OA039,2,2006,279,21.18,
02OA039,2,2006,280,21.22,
02OA039,2,2006,281,21.23,
02OA039,2,2006,282,21.23,
02OA039,2,2006,283,21.23,
02OA039,2,2006,284,21.26,
02OA039,2,2006,285,21.25,
02OA039,2,2006,286,21.24,
02OA039,2,2006,287,21.26,
02OA039,2,2006,288,21.26,
02OA039,2,2006,289,21.25,
02OA039,2,2006,290,21.24,
02OA039,2,2006,291,21.3,
02OA039,2,2006,292,21.38,
02OA039,2,2006,293,21.41,
02OA039,2,2006,294,21.53,
02OA039,2,2006,295,21.6,
02OA039,2,2006,296,21.61,
02OA039,2,2006,297,21.64,
02OA039,2,2006,298,21.65,
02OA039,2,2006,299,21.63,
02OA039,2,2006,300,21.62,
02OA039,2,2006,301,21.64,
02OA039,2,2006,302,21.75,
02OA039,2,2006,303,,
02OA039,2,2006,304,,
02OA039,2,2006,305,21.71,
02OA039,2,2006,306,,
02OA039,2,2006,307,21.77,
02OA039,2,2006,308,21.71,
02OA039,2,2006,309,21.69,
02OA039,2,2006,310,21.7,
02OA039,2,2006,311,21.66,
02OA039,2,2006,312,21.65,
02OA039,2,2006,313,21.67,
02OA039,2,2006,314,21.7,
02OA039,2,2006,315,21.7,
02OA039,2,2006,316,21.69,
02OA039,2,2006,317,21.7,
02OA039,2,2006,318,21.72,
02OA039,2,2006,319,21.81,
02OA039,2,2006,320,21.83,
02OA039,2,2006,321,21.89,
02OA039,2,2006,322,22,
02OA039,2,2006,323,22.06,
02OA039,2,2006,324,22.05,
02OA039,2,2006,325,,
02OA039,2,2006,326,,
02OA039,2,2006,327,21.94,
02OA039,2,2006,328,21.96,
02OA039,2,2006,329,21.95,
02OA039,2,2006,330,21.92,
02OA039,2,2006,331,21.91,
02OA039,2,2006,332,21.91,
02OA039,2,2006,333,21.89,
02OA039,2,2006,334,21.9,
02OA039,2,2006,335,21.92,
02OA039,2,2006,336,22.08,
02OA039,2,2006,337,22.2,
02OA039,2,2006,338,22.08,
02OA039,2,2006,339,22.04,
02OA039,2,2006,340,22.04,
02OA039,2,2006,341,21.95,
02OA039,2,2006,342,21.87,
02OA039,2,2006,343,21.84,
02OA039,2,2006,344,21.82,
02OA039,2,2006,345,21.82,
02OA039,2,2006,346,21.84,
02OA039,2,2006,347,21.83,
02OA039,2,2006,348,21.82,
02OA039,2,2006,349,21.81,
02OA039,2,2006,350,21.78,
02OA039,2,2006,351,21.73,
02OA039,2,2006,352,21.62,
02OA039,2,2006,353,21.52,
02OA039,2,2006,354,21.54,
02OA039,2,2006,355,21.55,
02OA039,2,2006,356,21.52,
02OA039,2,2006,357,21.52,
02OA039,2,2006,358,21.6,
02OA039,2,2006,359,21.53,
02OA039,2,2006,360,21.52,
02OA039,2,2006,361,21.62,
02OA039,2,2006,362,21.58,
02OA039,2,2006,363,21.5,
02OA039,2,2006,364,21.42,
02OA039,2,2006,365,21.29,
02OA039,2,2007,1,21.3,
02OA039,2,2007,2,21.28,
02OA039,2,2007,3,21.33,
02OA039,2,2007,4,21.33,
02OA039,2,2007,5,21.38,
02OA039,2,2007,6,21.46,
02OA039,2,2007,7,21.51,
02OA039,2,2007,8,21.62,
02OA039,2,2007,9,21.59,
02OA039,2,2007,10,21.5,
02OA039,2,2007,11,21.56,
02OA039,2,2007,12,21.48,
02OA039,2,2007,13,21.43,
02OA039,2,2007,14,21.44,
02OA039,2,2007,15,21.44,
02OA039,2,2007,16,21.33,
02OA039,2,2007,17,21.3,
02OA039,2,2007,18,21.31,
02OA039,2,2007,19,21.32,
02OA039,2,2007,20,21.37,
02OA039,2,2007,21,21.43,
02OA039,2,2007,22,21.53,
02OA039,2,2007,23,21.47,
02OA039,2,2007,24,21.43,
02OA039,2,2007,25,21.47,
02OA039,2,2007,26,21.46,
02OA039,2,2007,27,21.45,
02OA039,2,2007,28,21.52,
02OA039,2,2007,29,21.42,
02OA039,2,2007,30,21.38,
02OA039,2,2007,31,21.24,
02OA039,2,2007,32,21.23,
02OA039,2,2007,33,21.15,
02OA039,2,2007,34,21.13,
02OA039,2,2007,35,21.13,
02OA039,2,2007,36,21.12,
02OA039,2,2007,37,21.19,
02OA039,2,2007,38,21.35,
02OA039,2,2007,39,21.5,
02OA039,2,2007,40,21.5,
02OA039,2,2007,41,21.63,
02OA039,2,2007,42,21.66,
02OA039,2,2007,43,21.54,
02OA039,2,2007,44,,
02OA039,2,2007,45,21.73,
02OA039,2,2007,46,21.64,
02OA039,2,2007,47,21.71,
02OA039,2,2007,48,21.9,
02OA039,2,2007,49,21.81,
02OA039,2,2007,50,21.79,
02OA039,2,2007,51,21.82,
02OA039,2,2007,52,21.82,
02OA039,2,2007,53,21.71,
02OA039,2,2007,54,21.78,
02OA039,2,2007,55,21.74,
02OA039,2,2007,56,21.74,
02OA039,2,2007,57,21.69,
02OA039,2,2007,58,21.6,
02OA039,2,2007,59,21.6,
02OA039,2,2007,60,21.6,
02OA039,2,2007,61,21.67,
02OA039,2,2007,62,21.68,
02OA039,2,2007,63,21.64,
02OA039,2,2007,64,,
02OA039,2,2007,65,21.68,
02OA039,2,2007,66,21.77,
02OA039,2,2007,67,21.79,
02OA039,2,2007,68,21.65,
02OA039,2,2007,69,21.5,
02OA039,2,2007,70,21.45,
02OA039,2,2007,71,21.48,
02OA039,2,2007,72,21.37,
02OA039,2,2007,73,21.3,
02OA039,2,2007,74,21.39,
02OA039,2,2007,75,21.69,
02OA039,2,2007,76,21.76,
02OA039,2,2007,77,21.59,
02OA039,2,2007,78,21.51,
02OA039,2,2007,79,21.42,
02OA039,2,2007,80,21.36,
02OA039,2,2007,81,21.28,
02OA039,2,2007,82,21.3,
02OA039,2,2007,83,21.47,
02OA039,2,2007,84,21.56,
02OA039,2,2007,85,21.5,
02OA039,2,2007,86,21.62,
02OA039,2,2007,87,21.71,
02OA039,2,2007,88,21.7,
02OA039,2,2007,89,21.66,
02OA039,2,2007,90,21.6,
02OA039,2,2007,91,21.55,
02OA039,2,2007,92,21.52,
02OA039,2,2007,93,21.52,
02OA039,2,2007,94,21.59,
02OA039,2,2007,95,21.75,
02OA039,2,2007,96,21.84,
02OA039,2,2007,97,21.74,
02OA039,2,2007,98,21.6,
02OA039,2,2007,99,21.57,
02OA039,2,2007,100,21.54,
02OA039,2,2007,101,21.54,
02OA039,2,2007,102,21.51,
02OA039,2,2007,103,21.57,
02OA039,2,2007,104,21.66,
02OA039,2,2007,105,21.7,
02OA039,2,2007,106,21.72,
02OA039,2,2007,107,21.94,
02OA039,2,2007,108,22.05,
02OA039,2,2007,109,22.01,
02OA039,2,2007,110,21.93,
02OA039,2,2007,111,21.83,
02OA039,2,2007,112,21.71,
02OA039,2,2007,113,21.66,
02OA039,2,2007,114,21.7,
02OA039,2,2007,115,21.72,
02OA039,2,2007,116,21.73,
02OA039,2,2007,117,21.71,
02OA039,2,2007,118,21.7,
02OA039,2,2007,119,21.69,
02OA039,2,2007,120,21.71,
02OA039,2,2007,121,21.69,
02OA039,2,2007,122,,
02OA039,2,2007,123,21.7,
02OA039,2,2007,124,21.73,
02OA039,2,2007,125,21.68,
02OA039,2,2007,126,21.62,
02OA039,2,2007,127,21.56,
02OA039,2,2007,128,21.55,
02OA039,2,2007,129,21.49,
02OA039,2,2007,130,21.42,
02OA039,2,2007,131,21.41,
02OA039,2,2007,132,21.42,
02OA039,2,2007,133,21.41,
02OA039,2,2007,134,21.39,
02OA039,2,2007,135,21.37,
02OA039,2,2007,136,21.36,
02OA039,2,2007,137,21.47,
02OA039,2,2007,138,21.51,
02OA039,2,2007,139,21.44,
02OA039,2,2007,140,21.35,
02OA039,2,2007,141,21.31,
02OA039,2,2007,142,21.28,
02OA039,2,2007,143,21.25,
02OA039,2,2007,144,21.28,
02OA039,2,2007,145,21.27,
02OA039,2,2007,146,21.25,
02OA039,2,2007,147,21.16,
02OA039,2,2007,148,21.19,
02OA039,2,2007,149,21.13,
02OA039,2,2007,150,21.02,
02OA039,2,2007,151,21.02,
02OA039,2,2007,152,21.16,
02OA039,2,2007,153,21.16,
02OA039,2,2007,154,21.12,
02OA039,2,2007,155,21.17,
02OA039,2,2007,156,21.11,
02OA039,2,2007,157,21.06,
02OA039,2,2007,158,21.12,
02OA039,2,2007,159,21.19,
02OA039,2,2007,160,21.32,
02OA039,2,2007,161,21.31,
02OA039,2,2007,162,21.33,
02OA039,2,2007,163,21.4,
02OA039,2,2007,164,21.41,
02OA039,2,2007,165,21.42,
02OA039,2,2007,166,21.33,
02OA039,2,2007,167,21.28,
02OA039,2,2007,168,21.3,
02OA039,2,2007,169,21.24,
02OA039,2,2007,170,21.15,
02OA039,2,2007,171,21.09,
02OA039,2,2007,172,21.05,
02OA039,2,2007,173,21.13,
02OA039,2,2007,174,21.11,
02OA039,2,2007,175,21.02,
02OA039,2,2007,176,20.97,
02OA039,2,2007,177,21.05,
02OA039,2,2007,178,21.09,
02OA039,2,2007,179,21.12,
02OA039,2,2007,180,21.06,
02OA039,2,2007,181,21.03,
02OA039,2,2007,182,21.01,
02OA039,2,2007,183,21.03,
02OA039,2,2007,184,20.96,
02OA039,2,2007,185,20.94,
02OA039,2,2007,186,20.93,
02OA039,2,2007,187,20.94,
02OA039,2,2007,188,20.93,
02OA039,2,2007,189,20.9,
02OA039,2,2007,190,20.9,
02OA039,2,2007,191,20.93,
02OA039,2,2007,192,20.99,
02OA039,2,2007,193,21,
02OA039,2,2007,194,20.95,
02OA039,2,2007,195,20.94,
02OA039,2,2007,196,20.97,
02OA039,2,2007,197,21,
02OA039,2,2007,198,20.99,
02OA039,2,2007,199,20.96,
02OA039,2,2007,200,20.98,
02OA039,2,2007,201,21.04,
02OA039,2,2007,202,21.17,
02OA039,2,2007,203,21.16,
02OA039,2,2007,204,21.12,
02OA039,2,2007,205,21.1,
02OA039,2,2007,206,21.05,
02OA039,2,2007,207,20.97,
02OA039,2,2007,208,20.95,
02OA039,2,2007,209,20.94,
02OA039,2,2007,210,20.97,
02OA039,2,2007,211,20.94,
02OA039,2,2007,212,20.94,
02OA039,2,2007,213,20.95,
02OA039,2,2007,214,20.87,
02OA039,2,2007,215,20.85,
02OA039,2,2007,216,20.89,
02OA039,2,2007,217,20.82,
02OA039,2,2007,218,20.83,
02OA039,2,2007,219,20.86,
02OA039,2,2007,220,20.87,
02OA039,2,2007,221,20.87,
02OA039,2,2007,222,20.81,
02OA039,2,2007,223,20.79,
02OA039,2,2007,224,20.76,
02OA039,2,2007,225,20.76,
02OA039,2,2007,226,20.79,
02OA039,2,2007,227,20.79,
02OA039,2,2007,228,20.73,
02OA039,2,2007,229,20.75,
02OA039,2,2007,230,20.75,
02OA039,2,2007,231,20.72,
02OA039,2,2007,232,20.71,
02OA039,2,2007,233,20.74,
02OA039,2,2007,234,20.76,
02OA039,2,2007,235,20.76,
02OA039,2,2007,236,20.76,
02OA039,2,2007,237,20.71,
02OA039,2,2007,238,20.68,
02OA039,2,2007,239,20.63,
02OA039,2,2007,240,20.59,
02OA039,2,2007,241,20.62,
02OA039,2,2007,242,20.73,
02OA039,2,2007,243,20.72,
02OA039,2,2007,244,20.64,
02OA039,2,2007,245,20.63,
02OA039,2,2007,246,20.63,
02OA039,2,2007,247,,
02OA039,2,2007,248,20.64,
02OA039,2,2007,249,20.67,
02OA039,2,2007,250,20.63,
02OA039,2,2007,251,20.65,
02OA039,2,2007,252,20.57,
02OA039,2,2007,253,20.54,
02OA039,2,2007,254,20.61,
02OA039,2,2007,255,20.64,
02OA039,2,2007,256,20.6,
02OA039,2,2007,257,20.58,
02OA039,2,2007,258,20.65,
02OA039,2,2007,259,20.69,
02OA039,2,2007,260,20.63,
02OA039,2,2007,261,20.67,
02OA039,2,2007,262,20.68,
02OA039,2,2007,263,20.69,
02OA039,2,2007,264,20.69,
02OA039,2,2007,265,20.7,
02OA039,2,2007,266,20.66,
02OA039,2,2007,267,20.64,
02OA039,2,2007,268,20.65,
02OA039,2,2007,269,20.7,
02OA039,2,2007,270,20.71,
02OA039,2,2007,271,20.62,
02OA039,2,2007,272,20.62,
02OA039,2,2007,273,20.63,
02OA039,2,2007,274,20.62,
02OA039,2,2007,275,20.61,
02OA039,2,2007,276,20.63,
02OA039,2,2007,277,20.64,
02OA039,2,2007,278,20.65,
02OA039,2,2007,279,20.62,
02OA039,2,2007,280,20.65,
02OA039,2,2007,281,20.67,
02OA039,2,2007,282,,
02OA039,2,2007,283,20.7,
02OA039,2,2007,284,20.65,
02OA039,2,2007,285,20.63,
02OA039,2,2007,286,20.68,
02OA039,2,2007,287,20.61,
02OA039,2,2007,288,20.58,
02OA039,2,2007,289,20.63,
02OA039,2,2007,290,20.64,
02OA039,2,2007,291,20.62,
02OA039,2,2007,292,20.64,
02OA039,2,2007,293,20.78,
02OA039,2,2007,294,20.73,
02OA039,2,2007,295,20.63,
02OA039,2,2007,296,20.67,
02OA039,2,2007,297,20.74,
02OA039,2,2007,298,20.67,
02OA039,2,2007,299,20.64,
02OA039,2,2007,300,20.74,
02OA039,2,2007,301,20.72,
02OA039,2,2007,302,20.64,
02OA039,2,2007,303,20.67,
02OA039,2,2007,304,20.65,
02OA039,2,2007,305,20.62,
02OA039,2,2007,306,20.6,
02OA039,2,2007,307,20.64,
02OA039,2,2007,308,20.66,
02OA039,2,2007,309,20.66,
02OA039,2,2007,310,20.69,
02OA039,2,2007,311,20.68,
02OA039,2,2007,312,20.63,
02OA039,2,2007,313,20.62,
02OA039,2,2007,314,20.62,
02OA039,2,2007,315,20.67,
02OA039,2,2007,316,20.67,
02OA039,2,2007,317,20.66,
02OA039,2,2007,318,20.68,
02OA039,2,2007,319,20.67,
02OA039,2,2007,320,20.66,
02OA039,2,2007,321,20.66,
02OA039,2,2007,322,20.62,
02OA039,2,2007,323,20.62,
02OA039,2,2007,324,20.68,
02OA039,2,2007,325,20.69,
02OA039,2,2007,326,20.75,
02OA039,2,2007,327,20.81,
02OA039,2,2007,328,20.75,
02OA039,2,2007,329,20.68,
02OA039,2,2007,330,20.7,
02OA039,2,2007,331,20.69,
02OA039,2,2007,332,20.71,
02OA039,2,2007,333,20.73,
02OA039,2,2007,334,20.73,
02OA039,2,2007,335,20.69,
02OA039,2,2007,336,20.62,
02OA039,2,2007,337,20.7,
02OA039,2,2007,338,20.74,
02OA039,2,2007,339,20.64,
02OA039,2,2007,340,20.65,
02OA039,2,2007,341,20.65,
02OA039,2,2007,342,20.64,
02OA039,2,2007,343,20.67,
02OA039,2,2007,344,20.66,
02OA039,2,2007,345,20.62,
02OA039,2,2007,346,20.62,
02OA039,2,2007,347,20.63,
02OA039,2,2007,348,20.66,
02OA039,2,2007,349,20.71,
02OA039,2,2007,350,20.66,
02OA039,2,2007,351,20.7,
02OA039,2,2007,352,20.6,
02OA039,2,2007,353,20.58,
02OA039,2,2007,354,20.55,
02OA039,2,2007,355,20.65,
02OA039,2,2007,356,20.61,
02OA039,2,2007,357,20.44,
02OA039,2,2007,358,20.48,
02OA039,2,2007,359,20.54,
02OA039,2,2007,360,20.57,
02OA039,2,2007,361,20.56,
02OA039,2,2007,362,,
02OA039,2,2007,363,20.54,
02OA039,2,2007,364,20.53,
02OA039,2,2007,365,20.54,
02OA039,2,2008,1,20.55,
02OA039,2,2008,2,20.58,
02OA039,2,2008,3,20.74,
02OA039,2,2008,4,20.86,
02OA039,2,2008,5,20.86,
02OA039,2,2008,6,20.7,
02OA039,2,2008,7,20.58,
02OA039,2,2008,8,20.71,
02OA039,2,2008,9,21.03,
02OA039,2,2008,10,21.34,
02OA039,2,2008,11,21.48,
02OA039,2,2008,12,21.68,
02OA039,2,2008,13,21.53,
02OA039,2,2008,14,21.54,
02OA039,2,2008,15,21.4,
02OA039,2,2008,16,21.3,
02OA039,2,2008,17,21.25,
02OA039,2,2008,18,21.19,
02OA039,2,2008,19,21.16,
02OA039,2,2008,20,21.06,
02OA039,2,2008,21,20.98,
02OA039,2,2008,22,21.09,
02OA039,2,2008,23,21.15,
02OA039,2,2008,24,21.21,
02OA039,2,2008,25,21.39,
02OA039,2,2008,26,21.45,
02OA039,2,2008,27,21.35,
02OA039,2,2008,28,21.3,
02OA039,2,2008,29,21.2,
02OA039,2,2008,30,21.19,
02OA039,2,2008,31,21.04,
02OA039,2,2008,32,21.21,
02OA039,2,2008,33,21.31,
02OA039,2,2008,34,21.3,
02OA039,2,2008,35,21.12,
02OA039,2,2008,36,21.09,
02OA039,2,2008,37,21.08,
02OA039,2,2008,38,21.21,
02OA039,2,2008,39,21.31,
02OA039,2,2008,40,21.2,
02OA039,2,2008,41,21.12,
02OA039,2,2008,42,21.22,
02OA039,2,2008,43,21.41,
02OA039,2,2008,44,21.44,
02OA039,2,2008,45,21.44,
02OA039,2,2008,46,21.37,
02OA039,2,2008,47,21.42,
02OA039,2,2008,48,21.35,
02OA039,2,2008,49,21.17,
02OA039,2,2008,50,21.12,
02OA039,2,2008,51,21.23,
02OA039,2,2008,52,21.34,
02OA039,2,2008,53,21.44,
02OA039,2,2008,54,21.42,
02OA039,2,2008,55,21.36,
02OA039,2,2008,56,21.36,
02OA039,2,2008,57,21.25,
02OA039,2,2008,58,21.24,
02OA039,2,2008,59,21.42,
02OA039,2,2008,60,21.44,
02OA039,2,2008,61,21.33,
02OA039,2,2008,62,21.35,
02OA039,2,2008,63,21.4,
02OA039,2,2008,64,21.34,
02OA039,2,2008,65,21.37,
02OA039,2,2008,66,21.44,
02OA039,2,2008,67,21.39,
02OA039,2,2008,68,21.38,
02OA039,2,2008,69,21.4,
02OA039,2,2008,70,21.46,
02OA039,2,2008,71,21.35,
02OA039,2,2008,72,21.3,
02OA039,2,2008,73,21.37,
02OA039,2,2008,74,21.37,
02OA039,2,2008,75,21.36,
02OA039,2,2008,76,21.32,
02OA039,2,2008,77,21.38,
02OA039,2,2008,78,21.39,
02OA039,2,2008,79,21.38,
02OA039,2,2008,80,21.32,
02OA039,2,2008,81,21.35,
02OA039,2,2008,82,21.36,
02OA039,2,2008,83,21.41,
02OA039,2,2008,84,21.38,
02OA039,2,2008,85,21.37,
02OA039,2,2008,86,21.28,
02OA039,2,2008,87,21.24,
02OA039,2,2008,88,21.24,
02OA039,2,2008,89,21.3,
02OA039,2,2008,90,21.25,
02OA039,2,2008,91,21.21,
02OA039,2,2008,92,21.21,
02OA039,2,2008,93,21.32,
02OA039,2,2008,94,21.56,
02OA039,2,2008,95,21.6,
02OA039,2,2008,96,21.63,
02OA039,2,2008,97,21.69,
02OA039,2,2008,98,21.8,
02OA039,2,2008,99,22.03,
02OA039,2,2008,100,22.1,
02OA039,2,2008,101,22.11,
02OA039,2,2008,102,,
02OA039,2,2008,103,22.14,
02OA039,2,2008,104,22.2,
02OA039,2,2008,105,22.06,
02OA039,2,2008,106,22.05,
02OA039,2,2008,107,22.08,
02OA039,2,2008,108,22.18,
02OA039,2,2008,109,22.18,
02OA039,2,2008,110,22.18,
02OA039,2,2008,111,22.2,
02OA039,2,2008,112,22.23,
02OA039,2,2008,113,22.21,
02OA039,2,2008,114,22.19,
02OA039,2,2008,115,22.21,
02OA039,2,2008,116,22.13,
02OA039,2,2008,117,22.15,
02OA039,2,2008,118,22.12,
02OA039,2,2008,119,22.19,
02OA039,2,2008,120,22.18,
02OA039,2,2008,121,22.15,
02OA039,2,2008,122,22.17,
02OA039,2,2008,123,22.15,
02OA039,2,2008,124,22.17,
02OA039,2,2008,125,22.17,
02OA039,2,2008,126,22.14,
02OA039,2,2008,127,22.12,
02OA039,2,2008,128,22.05,
02OA039,2,2008,129,21.98,
02OA039,2,2008,130,22.04,
02OA039,2,2008,131,22.04,
02OA039,2,2008,132,22,
02OA039,2,2008,133,21.97,
02OA039,2,2008,134,21.95,
02OA039,2,2008,135,21.93,
02OA039,2,2008,136,21.89,
02OA039,2,2008,137,21.87,
02OA039,2,2008,138,21.85,
02OA039,2,2008,139,21.82,
02OA039,2,2008,140,21.79,
02OA039,2,2008,141,21.77,
02OA039,2,2008,142,21.69,
02OA039,2,2008,143,21.65,
02OA039,2,2008,144,21.66,
02OA039,2,2008,145,21.69,
02OA039,2,2008,146,21.68,
02OA039,2,2008,147,21.66,
02OA039,2,2008,148,21.65,
02OA039,2,2008,149,21.65,
02OA039,2,2008,150,21.63,
02OA039,2,2008,151,21.59,
02OA039,2,2008,152,21.64,
02OA039,2,2008,153,21.77,
02OA039,2,2008,154,21.83,
02OA039,2,2008,155,21.76,
02OA039,2,2008,156,21.74,
02OA039,2,2008,157,21.73,
02OA039,2,2008,158,21.72,
02OA039,2,2008,159,21.66,
02OA039,2,2008,160,21.58,
02OA039,2,2008,161,21.54,
02OA039,2,2008,162,21.53,
02OA039,2,2008,163,21.54,
02OA039,2,2008,164,21.5,
02OA039,2,2008,165,21.46,
02OA039,2,2008,166,21.42,
02OA039,2,2008,167,21.41,
02OA039,2,2008,168,21.46,
02OA039,2,2008,169,21.45,
02OA039,2,2008,170,21.42,
02OA039,2,2008,171,21.43,
02OA039,2,2008,172,21.48,
02OA039,2,2008,173,21.48,
02OA039,2,2008,174,21.47,
02OA039,2,2008,175,21.46,
02OA039,2,2008,176,21.45,
02OA039,2,2008,177,21.45,
02OA039,2,2008,178,21.44,
02OA039,2,2008,179,21.47,
02OA039,2,2008,180,21.44,
02OA039,2,2008,181,21.45,
02OA039,2,2008,182,21.47,
02OA039,2,2008,183,21.48,
02OA039,2,2008,184,21.46,
02OA039,2,2008,185,21.5,
02OA039,2,2008,186,21.56,
02OA039,2,2008,187,21.55,
02OA039,2,2008,188,21.51,
02OA039,2,2008,189,21.49,
02OA039,2,2008,190,21.48,
02OA039,2,2008,191,21.49,
02OA039,2,2008,192,21.53,
02OA039,2,2008,193,21.52,
02OA039,2,2008,194,21.48,
02OA039,2,2008,195,21.46,
02OA039,2,2008,196,21.44,
02OA039,2,2008,197,21.4,
02OA039,2,2008,198,21.37,
02OA039,2,2008,199,21.38,
02OA039,2,2008,200,21.41,
02OA039,2,2008,201,21.42,
02OA039,2,2008,202,21.39,
02OA039,2,2008,203,21.33,
02OA039,2,2008,204,21.38,
02OA039,2,2008,205,21.35,
02OA039,2,2008,206,21.37,
02OA039,2,2008,207,21.44,
02OA039,2,2008,208,21.43,
02OA039,2,2008,209,21.43,
02OA039,2,2008,210,21.45,
02OA039,2,2008,211,21.49,
02OA039,2,2008,212,21.47,
02OA039,2,2008,213,21.5,
02OA039,2,2008,214,21.46,
02OA039,2,2008,215,21.48,
02OA039,2,2008,216,21.53,
02OA039,2,2008,217,21.53,
02OA039,2,2008,218,21.47,
02OA039,2,2008,219,21.52,
02OA039,2,2008,220,21.58,
02OA039,2,2008,221,21.57,
02OA039,2,2008,222,21.56,
02OA039,2,2008,223,21.54,
02OA039,2,2008,224,21.57,
02OA039,2,2008,225,21.6,
02OA039,2,2008,226,21.6,
02OA039,2,2008,227,21.58,
02OA039,2,2008,228,21.58,
02OA039,2,2008,229,21.58,
02OA039,2,2008,230,21.54,
02OA039,2,2008,231,21.51,
02OA039,2,2008,232,21.53,
02OA039,2,2008,233,21.56,
02OA039,2,2008,234,21.53,
02OA039,2,2008,235,21.44,
02OA039,2,2008,236,21.46,
02OA039,2,2008,237,21.43,
02OA039,2,2008,238,21.45,
02OA039,2,2008,239,21.44,
02OA039,2,2008,240,21.41,
02OA039,2,2008,241,21.38,
02OA039,2,2008,242,21.33,
02OA039,2,2008,243,21.33,
02OA039,2,2008,244,21.31,
02OA039,2,2008,245,21.27,
02OA039,2,2008,246,21.19,
02OA039,2,2008,247,21.18,
02OA039,2,2008,248,21.24,
02OA039,2,2008,249,21.28,
02OA039,2,2008,250,21.29,
02OA039,2,2008,251,21.26,
02OA039,2,2008,252,21.19,
02OA039,2,2008,253,21.17,
02OA039,2,2008,254,21.23,
02OA039,2,2008,255,21.2,
02OA039,2,2008,256,21.16,
02OA039,2,2008,257,21.29,
02OA039,2,2008,258,21.35,
02OA039,2,2008,259,21.3,
02OA039,2,2008,260,21.16,
02OA039,2,2008,261,21.14,
02OA039,2,2008,262,21.19,
02OA039,2,2008,263,21.18,
02OA039,2,2008,264,21.2,
02OA039,2,2008,265,21.18,
02OA039,2,2008,266,21.18,
02OA039,2,2008,267,21.21,
02OA039,2,2008,268,21.2,
02OA039,2,2008,269,21.17,
02OA039,2,2008,270,21.18,
02OA039,2,2008,271,21.2,
02OA039,2,2008,272,21.14,
02OA039,2,2008,273,21.15,
02OA039,2,2008,274,21.07,
02OA039,2,2008,275,21.07,
02OA039,2,2008,276,21.01,
02OA039,2,2008,277,21.03,
02OA039,2,2008,278,21.09,
02OA039,2,2008,279,21.06,
02OA039,2,2008,280,21.01,
02OA039,2,2008,281,20.98,
02OA039,2,2008,282,21.01,
02OA039,2,2008,283,21.04,
02OA039,2,2008,284,21.04,
02OA039,2,2008,285,20.97,
02OA039,2,2008,286,20.94,
02OA039,2,2008,287,20.94,
02OA039,2,2008,288,20.98,
02OA039,2,2008,289,20.98,
02OA039,2,2008,290,20.95,
02OA039,2,2008,291,20.96,
02OA039,2,2008,292,20.95,
02OA039,2,2008,293,20.91,
02OA039,2,2008,294,20.9,
02OA039,2,2008,295,20.89,
02OA039,2,2008,296,20.92,
02OA039,2,2008,297,20.96,
02OA039,2,2008,298,20.97,
02OA039,2,2008,299,20.95,
02OA039,2,2008,300,21.01,
02OA039,2,2008,301,21.05,
02OA039,2,2008,302,21.03,
02OA039,2,2008,303,21.14,
02OA039,2,2008,304,21.16,
02OA039,2,2008,305,21.06,
02OA039,2,2008,306,21.14,
02OA039,2,2008,307,21.14,
02OA039,2,2008,308,21.11,
02OA039,2,2008,309,21.07,
02OA039,2,2008,310,21.13,
02OA039,2,2008,311,21.11,
02OA039,2,2008,312,21.05,
02OA039,2,2008,313,21.06,
02OA039,2,2008,314,21.13,
02OA039,2,2008,315,21.05,
02OA039,2,2008,316,20.94,
02OA039,2,2008,317,21.02,
02OA039,2,2008,318,21.04,
02OA039,2,2008,319,21.04,
02OA039,2,2008,320,21.09,
02OA039,2,2008,321,21.1,
02OA039,2,2008,322,21.2,
02OA039,2,2008,323,21.13,
02OA039,2,2008,324,21.12,
02OA039,2,2008,325,21.16,
02OA039,2,2008,326,21.12,
02OA039,2,2008,327,21.05,
02OA039,2,2008,328,21.02,
02OA039,2,2008,329,21.06,
02OA039,2,2008,330,21.04,
02OA039,2,2008,331,21.06,
02OA039,2,2008,332,21.11,
02OA039,2,2008,333,21.09,
02OA039,2,2008,334,21.13,
02OA039,2,2008,335,21.11,
02OA039,2,2008,336,21.12,
02OA039,2,2008,337,21.21,
02OA039,2,2008,338,21.18,
02OA039,2,2008,339,21.21,
02OA039,2,2008,340,21.21,
02OA039,2,2008,341,21.18,
02OA039,2,2008,342,21.18,
02OA039,2,2008,343,21.13,
02OA039,2,2008,344,21.05,
02OA039,2,2008,345,21.13,
02OA039,2,2008,346,21.13,
02OA039,2,2008,347,21.11,
02OA039,2,2008,348,21.2,
02OA039,2,2008,349,21.2,
02OA039,2,2008,350,21.16,
02OA039,2,2008,351,21.25,
02OA039,2,2008,352,21.27,
02OA039,2,2008,353,21.34,
02OA039,2,2008,354,21.3,
02OA039,2,2008,355,21.24,
02OA039,2,2008,356,21.18,
02OA039,2,2008,357,21.19,
02OA039,2,2008,358,21.17,
02OA039,2,2008,359,21.16,
02OA039,2,2008,360,21.02,
02OA039,2,2008,361,20.93,
02OA039,2,2008,362,21.02,
02OA039,2,2008,363,21.04,
02OA039,2,2008,364,20.93,
02OA039,2,2008,365,20.99,
02OA039,2,2008,366,21.29,
02OA039,2,2009,1,21.38,
02OA039,2,2009,2,21.39,
02OA039,2,2009,3,21.32,
02OA039,2,2009,4,21.58,
02OA039,2,2009,5,21.69,
02OA039,2,2009,6,21.75,
02OA039,2,2009,7,21.71,
02OA039,2,2009,8,21.62,
02OA039,2,2009,9,21.52,
02OA039,2,2009,10,21.56,
02OA039,2,2009,11,21.65,
02OA039,2,2009,12,21.67,
02OA039,2,2009,13,21.54,
02OA039,2,2009,14,21.5,
02OA039,2,2009,15,21.49,
02OA039,2,2009,16,21.47,
02OA039,2,2009,17,21.45,
02OA039,2,2009,18,21.44,
02OA039,2,2009,19,21.45,
02OA039,2,2009,20,21.42,
02OA039,2,2009,21,21.3,
02OA039,2,2009,22,21.31,
02OA039,2,2009,23,21.29,
02OA039,2,2009,24,21.32,
02OA039,2,2009,25,21.45,
02OA039,2,2009,26,21.54,
02OA039,2,2009,27,21.51,
02OA039,2,2009,28,21.44,
02OA039,2,2009,29,21.45,
02OA039,2,2009,30,21.46,
02OA039,2,2009,31,21.41,
02OA039,2,2009,32,21.43,
02OA039,2,2009,33,21.53,
02OA039,2,2009,34,21.51,
02OA039,2,2009,35,21.5,
02OA039,2,2009,36,21.56,
02OA039,2,2009,37,21.61,
02OA039,2,2009,38,21.63,
02OA039,2,2009,39,21.53,
02OA039,2,2009,40,21.39,
02OA039,2,2009,41,21.34,
02OA039,2,2009,42,21.35,
02OA039,2,2009,43,21.35,
02OA039,2,2009,44,21.35,
02OA039,2,2009,45,21.51,
02OA039,2,2009,46,21.65,
02OA039,2,2009,47,21.65,
02OA039,2,2009,48,21.54,
02OA039,2,2009,49,21.42,
02OA039,2,2009,50,21.35,
02OA039,2,2009,51,21.34,
02OA039,2,2009,52,21.43,
02OA039,2,2009,53,21.41,
02OA039,2,2009,54,21.39,
02OA039,2,2009,55,21.38,
02OA039,2,2009,56,21.45,
02OA039,2,2009,57,21.36,
02OA039,2,2009,58,21.32,
02OA039,2,2009,59,21.36,
02OA039,2,2009,60,21.42,
02OA039,2,2009,61,21.58,
02OA039,2,2009,62,21.59,
02OA039,2,2009,63,21.61,
02OA039,2,2009,64,21.5,
02OA039,2,2009,65,21.47,
02OA039,2,2009,66,21.45,
02OA039,2,2009,67,21.45,
02OA039,2,2009,68,21.54,
02OA039,2,2009,69,21.59,
02OA039,2,2009,70,21.58,
02OA039,2,2009,71,21.53,
02OA039,2,2009,72,21.6,
02OA039,2,2009,73,21.58,
02OA039,2,2009,74,21.51,
02OA039,2,2009,75,21.51,
02OA039,2,2009,76,21.5,
02OA039,2,2009,77,21.48,
02OA039,2,2009,78,21.55,
02OA039,2,2009,79,21.54,
02OA039,2,2009,80,21.52,
02OA039,2,2009,81,21.53,
02OA039,2,2009,82,21.46,
02OA039,2,2009,83,21.44,
02OA039,2,2009,84,21.42,
02OA039,2,2009,85,21.37,
02OA039,2,2009,86,21.45,
02OA039,2,2009,87,21.51,
02OA039,2,2009,88,21.53,
02OA039,2,2009,89,21.66,
02OA039,2,2009,90,21.81,
02OA039,2,2009,91,21.87,
02OA039,2,2009,92,21.93,
02OA039,2,2009,93,21.88,
02OA039,2,2009,94,21.91,
02OA039,2,2009,95,,
02OA039,2,2009,96,,
02OA039,2,2009,97,,
02OA039,2,2009,98,22.11,
02OA039,2,2009,99,22.06,
02OA039,2,2009,100,22.05,
02OA039,2,2009,101,22.06,
02OA039,2,2009,102,22.07,
02OA039,2,2009,103,22.02,
02OA039,2,2009,104,21.93,
02OA039,2,2009,105,21.83,
02OA039,2,2009,106,21.83,
02OA039,2,2009,107,21.79,
02OA039,2,2009,108,21.78,
02OA039,2,2009,109,21.74,
02OA039,2,2009,110,21.75,
02OA039,2,2009,111,21.78,
02OA039,2,2009,112,21.82,
02OA039,2,2009,113,21.86,
02OA039,2,2009,114,21.87,
02OA039,2,2009,115,21.85,
02OA039,2,2009,116,21.85,
02OA039,2,2009,117,21.89,
02OA039,2,2009,118,21.93,
02OA039,2,2009,119,21.99,
02OA039,2,2009,120,22.02,
02OA039,2,2009,121,22.06,
02OA039,2,2009,122,22.05,
02OA039,2,2009,123,22.03,
02OA039,2,2009,124,21.97,
02OA039,2,2009,125,21.99,
02OA039,2,2009,126,21.96,
02OA039,2,2009,127,21.93,
02OA039,2,2009,128,21.91,
02OA039,2,2009,129,21.89,
02OA039,2,2009,130,21.9,
02OA039,2,2009,131,21.95,
02OA039,2,2009,132,21.92,
02OA039,2,2009,133,21.89,
02OA039,2,2009,134,21.87,
02OA039,2,2009,135,21.8,
02OA039,2,2009,136,21.83,
02OA039,2,2009,137,21.82,
02OA039,2,2009,138,21.8,
02OA039,2,2009,139,21.81,
02OA039,2,2009,140,21.8,
02OA039,2,2009,141,21.79,
02OA039,2,2009,142,21.79,
02OA039,2,2009,143,21.78,
02OA039,2,2009,144,21.74,
02OA039,2,2009,145,21.66,
02OA039,2,2009,146,21.65,
02OA039,2,2009,147,21.63,
02OA039,2,2009,148,21.65,
02OA039,2,2009,149,21.66,
02OA039,2,2009,150,21.7,
02OA039,2,2009,151,21.73,
02OA039,2,2009,152,21.7,
02OA039,2,2009,153,21.7,
02OA039,2,2009,154,21.7,
02OA039,2,2009,155,21.69,
02OA039,2,2009,156,21.71,
02OA039,2,2009,157,21.73,
02OA039,2,2009,158,21.7,
02OA039,2,2009,159,21.62,
02OA039,2,2009,160,21.64,
02OA039,2,2009,161,21.62,
02OA039,2,2009,162,21.62,
02OA039,2,2009,163,21.63,
02OA039,2,2009,164,21.58,
02OA039,2,2009,165,21.56,
02OA039,2,2009,166,21.53,
02OA039,2,2009,167,21.51,
02OA039,2,2009,168,21.49,
02OA039,2,2009,169,21.47,
02OA039,2,2009,170,21.52,
02OA039,2,2009,171,21.48,
02OA039,2,2009,172,21.43,
02OA039,2,2009,173,21.41,
02OA039,2,2009,174,21.37,
02OA039,2,2009,175,21.37,
02OA039,2,2009,176,21.33,
02OA039,2,2009,177,21.3,
02OA039,2,2009,178,21.29,
02OA039,2,2009,179,21.22,
02OA039,2,2009,180,21.21,
02OA039,2,2009,181,21.26,
02OA039,2,2009,182,21.25,
02OA039,2,2009,183,21.27,
02OA039,2,2009,184,21.33,
02OA039,2,2009,185,21.36,
02OA039,2,2009,186,21.39,
02OA039,2,2009,187,21.43,
02OA039,2,2009,188,21.45,
02OA039,2,2009,189,21.42,
02OA039,2,2009,190,21.39,
02OA039,2,2009,191,21.4,
02OA039,2,2009,192,,
02OA039,2,2009,193,,
02OA039,2,2009,194,21.44,
02OA039,2,2009,195,21.4,
02OA039,2,2009,196,21.37,
02OA039,2,2009,197,21.4,
02OA039,2,2009,198,21.42,
02OA039,2,2009,199,21.44,
02OA039,2,2009,200,21.42,
02OA039,2,2009,201,21.34,
02OA039,2,2009,202,21.33,
02OA039,2,2009,203,21.35,
02OA039,2,2009,204,21.35,
02OA039,2,2009,205,21.36,
02OA039,2,2009,206,21.37,
02OA039,2,2009,207,21.43,
02OA039,2,2009,208,21.47,
02OA039,2,2009,209,21.5,
02OA039,2,2009,210,21.49,
02OA039,2,2009,211,21.44,
02OA039,2,2009,212,21.46,
02OA039,2,2009,213,21.53,
02OA039,2,2009,214,21.55,
02OA039,2,2009,215,21.62,
02OA039,2,2009,216,21.56,
02OA039,2,2009,217,21.53,
02OA039,2,2009,218,21.54,
02OA039,2,2009,219,21.55,
02OA039,2,2009,220,21.49,
02OA039,2,2009,221,21.46,
02OA039,2,2009,222,21.41,
02OA039,2,2009,223,21.41,
02OA039,2,2009,224,21.4,
02OA039,2,2009,225,21.37,
02OA039,2,2009,226,21.45,
02OA039,2,2009,227,,
02OA039,2,2009,228,21.37,
02OA039,2,2009,229,21.33,
02OA039,2,2009,230,21.35,
02OA039,2,2009,231,21.42,
02OA039,2,2009,232,21.4,
02OA039,2,2009,233,21.36,
02OA039,2,2009,234,21.35,
02OA039,2,2009,235,21.35,
02OA039,2,2009,236,21.36,
02OA039,2,2009,237,21.38,
02OA039,2,2009,238,21.36,
02OA039,2,2009,239,21.28,
02OA039,2,2009,240,21.27,
02OA039,2,2009,241,21.34,
02OA039,2,2009,242,21.38,
02OA039,2,2009,243,21.36,
02OA039,2,2009,244,21.3,
02OA039,2,2009,245,21.28,
02OA039,2,2009,246,21.26,
02OA039,2,2009,247,21.36,
02OA039,2,2009,248,21.32,
02OA039,2,2009,249,21.24,
02OA039,2,2009,250,21.22,
02OA039,2,2009,251,21.22,
02OA039,2,2009,252,21.24,
02OA039,2,2009,253,,
02OA039,2,2009,254,21.25,
02OA039,2,2009,255,21.24,
02OA039,2,2009,256,21.19,
02OA039,2,2009,257,21.17,
02OA039,2,2009,258,21.13,
02OA039,2,2009,259,21.16,
02OA039,2,2009,260,21.18,
02OA039,2,2009,261,21.19,
02OA039,2,2009,262,21.15,
02OA039,2,2009,263,21.11,
02OA039,2,2009,264,21.04,
02OA039,2,2009,265,21.07,
02OA039,2,2009,266,21.15,
02OA039,2,2009,267,21.13,
02OA039,2,2009,268,21.07,
02OA039,2,2009,269,21,
02OA039,2,2009,270,20.93,
02OA039,2,2009,271,21.02,
02OA039,2,2009,272,,
02OA039,2,2009,273,21.03,
02OA039,2,2009,274,21.01,
02OA039,2,2009,275,21,
02OA039,2,2009,276,21,
02OA039,2,2009,277,21.07,
02OA039,2,2009,278,21.05,
02OA039,2,2009,279,21,
02OA039,2,2009,280,21.05,
02OA039,2,2009,281,21.07,
02OA039,2,2009,282,21.01,
02OA039,2,2009,283,21.07,
02OA039,2,2009,284,21.09,
02OA039,2,2009,285,21.02,
02OA039,2,2009,286,20.99,
02OA039,2,2009,287,21.05,
02OA039,2,2009,288,21.09,
02OA039,2,2009,289,21.02,
02OA039,2,2009,290,21.05,
02OA039,2,2009,291,21.01,
02OA039,2,2009,292,21.04,
02OA039,2,2009,293,21.07,
02OA039,2,2009,294,21.04,
02OA039,2,2009,295,21,
02OA039,2,2009,296,21.06,
02OA039,2,2009,297,21.16,
02OA039,2,2009,298,21.15,
02OA039,2,2009,299,21.14,
02OA039,2,2009,300,21.02,
02OA039,2,2009,301,21.02,
02OA039,2,2009,302,21.07,
02OA039,2,2009,303,21.08,
02OA039,2,2009,304,21.09,
02OA039,2,2009,305,21.14,
02OA039,2,2009,306,21.12,
02OA039,2,2009,307,21.18,
02OA039,2,2009,308,21.19,
02OA039,2,2009,309,21.12,
02OA039,2,2009,310,21.1,
02OA039,2,2009,311,21.19,
02OA039,2,2009,312,21.19,
02OA039,2,2009,313,21.19,
02OA039,2,2009,314,21.12,
02OA039,2,2009,315,21.15,
02OA039,2,2009,316,21.22,
02OA039,2,2009,317,21.12,
02OA039,2,2009,318,21.14,
02OA039,2,2009,319,21.21,
02OA039,2,2009,320,21.12,
02OA039,2,2009,321,21.08,
02OA039,2,2009,322,21.04,
02OA039,2,2009,323,21.05,
02OA039,2,2009,324,21.12,
02OA039,2,2009,325,21.11,
02OA039,2,2009,326,21.03,
02OA039,2,2009,327,21.04,
02OA039,2,2009,328,21.06,
02OA039,2,2009,329,21.1,
02OA039,2,2009,330,21.08,
02OA039,2,2009,331,21.12,
02OA039,2,2009,332,21.08,
02OA039,2,2009,333,21.11,
02OA039,2,2009,334,21.1,
02OA039,2,2009,335,21.17,
02OA039,2,2009,336,21.2,
02OA039,2,2009,337,21.19,
02OA039,2,2009,338,21.33,
02OA039,2,2009,339,21.22,
02OA039,2,2009,340,21.27,
02OA039,2,2009,341,21.33,
02OA039,2,2009,342,21.23,
02OA039,2,2009,343,21.21,
02OA039,2,2009,344,21.22,
02OA039,2,2009,345,21.16,
02OA039,2,2009,346,21.08,
02OA039,2,2009,347,21.13,
02OA039,2,2009,348,21.15,
02OA039,2,2009,349,21.19,
02OA039,2,2009,350,21.23,
02OA039,2,2009,351,21.19,
02OA039,2,2009,352,21.11,
02OA039,2,2009,353,21.12,
02OA039,2,2009,354,21.13,
02OA039,2,2009,355,21.1,
02OA039,2,2009,356,21.07,
02OA039,2,2009,357,21.01,
02OA039,2,2009,358,20.98,
02OA039,2,2009,359,20.9,
02OA039,2,2009,360,20.85,
02OA039,2,2009,361,20.96,
02OA039,2,2009,362,21.01,
02OA039,2,2009,363,20.98,
02OA039,2,2009,364,21.03,
02OA039,2,2009,365,21.12,
02OA039,2,2010,1,21.05,
02OA039,2,2010,2,20.95,
02OA039,2,2010,3,20.96,
02OA039,2,2010,4,20.97,
02OA039,2,2010,5,21.1,
02OA039,2,2010,6,21.08,
02OA039,2,2010,7,21.01,
02OA039,2,2010,8,21.07,
02OA039,2,2010,9,21.1,
02OA039,2,2010,10,21.19,
02OA039,2,2010,11,21.38,
02OA039,2,2010,12,21.27,
02OA039,2,2010,13,21.25,
02OA039,2,2010,14,21.31,
02OA039,2,2010,15,21.17,
02OA039,2,2010,16,20.88,
02OA039,2,2010,17,20.78,
02OA039,2,2010,18,20.91,
02OA039,2,2010,19,20.86,
02OA039,2,2010,20,20.72,
02OA039,2,2010,21,20.76,
02OA039,2,2010,22,20.96,
02OA039,2,2010,23,20.91,
02OA039,2,2010,24,20.87,
02OA039,2,2010,25,20.83,
02OA039,2,2010,26,20.91,
02OA039,2,2010,27,21.04,
02OA039,2,2010,28,21.16,
02OA039,2,2010,29,21.08,
02OA039,2,2010,30,21.03,
02OA039,2,2010,31,21.18,
02OA039,2,2010,32,21.24,
02OA039,2,2010,33,21.29,
02OA039,2,2010,34,21.2,
02OA039,2,2010,35,21.14,
02OA039,2,2010,36,21.16,
02OA039,2,2010,37,21.07,
02OA039,2,2010,38,21.08,
02OA039,2,2010,39,21.11,
02OA039,2,2010,40,21.17,
02OA039,2,2010,41,21.11,
02OA039,2,2010,42,21.09,
02OA039,2,2010,43,21.23,
02OA039,2,2010,44,21.26,
02OA039,2,2010,45,21.25,
02OA039,2,2010,46,21.2,
02OA039,2,2010,47,21.12,
02OA039,2,2010,48,21.08,
02OA039,2,2010,49,21.01,
02OA039,2,2010,50,20.98,
02OA039,2,2010,51,21.07,
02OA039,2,2010,52,21.05,
02OA039,2,2010,53,21.09,
02OA039,2,2010,54,21.11,
02OA039,2,2010,55,21.06,
02OA039,2,2010,56,21.12,
02OA039,2,2010,57,21.15,
02OA039,2,2010,58,21.09,
02OA039,2,2010,59,21.08,
02OA039,2,2010,60,21.09,
02OA039,2,2010,61,21.19,
02OA039,2,2010,62,21.19,
02OA039,2,2010,63,21.11,
02OA039,2,2010,64,21.1,
02OA039,2,2010,65,21.2,
02OA039,2,2010,66,21.13,
02OA039,2,2010,67,21.08,
02OA039,2,2010,68,21.08,
02OA039,2,2010,69,21.19,
02OA039,2,2010,70,21.15,
02OA039,2,2010,71,21.11,
02OA039,2,2010,72,21.1,
02OA039,2,2010,73,21.08,
02OA039,2,2010,74,21.12,
02OA039,2,2010,75,21.2,
02OA039,2,2010,76,21.22,
02OA039,2,2010,77,21.19,
02OA039,2,2010,78,21.17,
02OA039,2,2010,79,21.2,
02OA039,2,2010,80,21.29,
02OA039,2,2010,81,21.28,
02OA039,2,2010,82,21.27,
02OA039,2,2010,83,21.36,
02OA039,2,2010,84,21.39,
02OA039,2,2010,85,21.26,
02OA039,2,2010,86,21.21,
02OA039,2,2010,87,21.25,
02OA039,2,2010,88,21.24,
02OA039,2,2010,89,21.19,
02OA039,2,2010,90,21.19,
02OA039,2,2010,91,21.17,
02OA039,2,2010,92,21.15,
02OA039,2,2010,93,21.07,
02OA039,2,2010,94,21.01,
02OA039,2,2010,95,21.03,
02OA039,2,2010,96,21.03,
02OA039,2,2010,97,21.02,
02OA039,2,2010,98,21.07,
02OA039,2,2010,99,21.08,
02OA039,2,2010,100,21.12,
02OA039,2,2010,101,21.08,
02OA039,2,2010,102,21.05,
02OA039,2,2010,103,21.09,
02OA039,2,2010,104,21.08,
02OA039,2,2010,105,21.03,
02OA039,2,2010,106,20.98,
02OA039,2,2010,107,20.99,
02OA039,2,2010,108,21.03,
02OA039,2,2010,109,21.02,
02OA039,2,2010,110,20.99,
02OA039,2,2010,111,20.94,
02OA039,2,2010,112,20.96,
02OA039,2,2010,113,20.93,
02OA039,2,2010,114,20.86,
02OA039,2,2010,115,20.75,
02OA039,2,2010,116,20.75,
02OA039,2,2010,117,20.82,
02OA039,2,2010,118,20.88,
02OA039,2,2010,119,20.85,
02OA039,2,2010,120,20.8,
02OA039,2,2010,121,20.73,
02OA039,2,2010,122,20.7,
02OA039,2,2010,123,20.74,
02OA039,2,2010,124,20.72,
02OA039,2,2010,125,20.68,
02OA039,2,2010,126,20.7,
02OA039,2,2010,127,20.73,
02OA039,2,2010,128,20.73,
02OA039,2,2010,129,20.69,
02OA039,2,2010,130,20.61,
02OA039,2,2010,131,20.65,
02OA039,2,2010,132,20.66,
02OA039,2,2010,133,20.68,
02OA039,2,2010,134,20.68,
02OA039,2,2010,135,20.62,
02OA039,2,2010,136,20.64,
02OA039,2,2010,137,20.61,
02OA039,2,2010,138,20.6,
02OA039,2,2010,139,20.6,
02OA039,2,2010,140,20.59,
02OA039,2,2010,141,20.59,
02OA039,2,2010,142,20.6,
02OA039,2,2010,143,20.6,
02OA039,2,2010,144,20.62,
02OA039,2,2010,145,20.6,
02OA039,2,2010,146,20.64,
02OA039,2,2010,147,20.62,
02OA039,2,2010,148,20.64,
02OA039,2,2010,149,20.64,
02OA039,2,2010,150,20.64,
02OA039,2,2010,151,20.61,
02OA039,2,2010,152,20.61,
02OA039,2,2010,153,20.63,
02OA039,2,2010,154,20.63,
02OA039,2,2010,155,20.66,
02OA039,2,2010,156,20.65,
02OA039,2,2010,157,20.66,
02OA039,2,2010,158,20.66,
02OA039,2,2010,159,20.63,
02OA039,2,2010,160,20.61,
02OA039,2,2010,161,20.61,
02OA039,2,2010,162,20.61,
02OA039,2,2010,163,20.61,
02OA039,2,2010,164,20.6,
02OA039,2,2010,165,20.6,
02OA039,2,2010,166,20.61,
02OA039,2,2010,167,20.62,
02OA039,2,2010,168,20.66,
02OA039,2,2010,169,20.68,
02OA039,2,2010,170,20.67,
02OA039,2,2010,171,20.65,
02OA039,2,2010,172,20.62,
02OA039,2,2010,173,20.6,
02OA039,2,2010,174,20.62,
02OA039,2,2010,175,20.64,
02OA039,2,2010,176,20.62,
02OA039,2,2010,177,,
02OA039,2,2010,178,,
02OA039,2,2010,179,20.71,
02OA039,2,2010,180,20.78,
02OA039,2,2010,181,20.8,
02OA039,2,2010,182,20.73,
02OA039,2,2010,183,20.77,
02OA039,2,2010,184,20.81,
02OA039,2,2010,185,20.81,
02OA039,2,2010,186,20.76,
02OA039,2,2010,187,20.73,
02OA039,2,2010,188,20.76,
02OA039,2,2010,189,20.78,
02OA039,2,2010,190,20.79,
02OA039,2,2010,191,20.83,
02OA039,2,2010,192,20.77,
02OA039,2,2010,193,20.7,
02OA039,2,2010,194,20.73,
02OA039,2,2010,195,20.82,
02OA039,2,2010,196,20.84,
02OA039,2,2010,197,20.83,
02OA039,2,2010,198,20.83,
02OA039,2,2010,199,20.78,
02OA039,2,2010,200,20.75,
02OA039,2,2010,201,20.77,
02OA039,2,2010,202,20.78,
02OA039,2,2010,203,20.81,
02OA039,2,2010,204,20.83,
02OA039,2,2010,205,20.79,
02OA039,2,2010,206,20.79,
02OA039,2,2010,207,20.75,
02OA039,2,2010,208,20.79,
02OA039,2,2010,209,20.82,
02OA039,2,2010,210,20.78,
02OA039,2,2010,211,20.79,
02OA039,2,2010,212,20.79,
02OA039,2,2010,213,20.83,
02OA039,2,2010,214,20.86,
02OA039,2,2010,215,20.87,
02OA039,2,2010,216,20.92,
02OA039,2,2010,217,20.96,
02OA039,2,2010,218,20.93,
02OA039,2,2010,219,20.86,
02OA039,2,2010,220,20.86,
02OA039,2,2010,221,20.85,
02OA039,2,2010,222,20.84,
02OA039,2,2010,223,20.88,
02OA039,2,2010,224,20.9,
02OA039,2,2010,225,20.88,
02OA039,2,2010,226,20.9,
02OA039,2,2010,227,20.9,
02OA039,2,2010,228,20.96,
02OA039,2,2010,229,20.95,
02OA039,2,2010,230,20.91,
02OA039,2,2010,231,20.95,
02OA039,2,2010,232,20.96,
02OA039,2,2010,233,20.92,
02OA039,2,2010,234,20.88,
02OA039,2,2010,235,20.92,
02OA039,2,2010,236,21.06,
02OA039,2,2010,237,21.02,
02OA039,2,2010,238,21.01,
02OA039,2,2010,239,21.02,
02OA039,2,2010,240,20.94,
02OA039,2,2010,241,20.91,
02OA039,2,2010,242,20.89,
02OA039,2,2010,243,20.92,
02OA039,2,2010,244,20.93,
02OA039,2,2010,245,20.95,
02OA039,2,2010,246,20.95,
02OA039,2,2010,247,20.9,
02OA039,2,2010,248,20.9,
02OA039,2,2010,249,20.89,
02OA039,2,2010,250,20.85,
02OA039,2,2010,251,20.93,
02OA039,2,2010,252,20.89,
02OA039,2,2010,253,20.9,
02OA039,2,2010,254,20.92,
02OA039,2,2010,255,20.94,
02OA039,2,2010,256,20.96,
02OA039,2,2010,257,20.98,
02OA039,2,2010,258,20.96,
02OA039,2,2010,259,20.95,
02OA039,2,2010,260,20.97,
02OA039,2,2010,261,20.97,
02OA039,2,2010,262,20.95,
02OA039,2,2010,263,20.93,
02OA039,2,2010,264,20.92,
02OA039,2,2010,265,20.97,
02OA039,2,2010,266,20.92,
02OA039,2,2010,267,20.88,
02OA039,2,2010,268,20.91,
02OA039,2,2010,269,20.93,
02OA039,2,2010,270,20.95,
02OA039,2,2010,271,20.97,
02OA039,2,2010,272,21.04,
02OA039,2,2010,273,21.21,
02OA039,2,2010,274,21.57,
02OA039,2,2010,275,21.74,
02OA039,2,2010,276,21.62,
02OA039,2,2010,277,21.45,
02OA039,2,2010,278,21.41,
02OA039,2,2010,279,21.3,
02OA039,2,2010,280,21.35,
02OA039,2,2010,281,21.45,
02OA039,2,2010,282,21.41,
02OA039,2,2010,283,21.3,
02OA039,2,2010,284,21.22,
02OA039,2,2010,285,21.14,
02OA039,2,2010,286,21.07,
02OA039,2,2010,287,21.07,
02OA039,2,2010,288,21.06,
02OA039,2,2010,289,21.29,
02OA039,2,2010,290,21.39,
02OA039,2,2010,291,21.33,
02OA039,2,2010,292,21.22,
02OA039,2,2010,293,21.17,
02OA039,2,2010,294,21.08,
02OA039,2,2010,295,21.06,
02OA039,2,2010,296,20.99,
02OA039,2,2010,297,21,
02OA039,2,2010,298,21.04,
02OA039,2,2010,299,21.07,
02OA039,2,2010,300,21.1,
02OA039,2,2010,301,21.09,
02OA039,2,2010,302,21.03,
02OA039,2,2010,303,21.01,
02OA039,2,2010,304,21.08,
02OA039,2,2010,305,21.15,
02OA039,2,2010,306,21.18,
02OA039,2,2010,307,21.16,
02OA039,2,2010,308,21.17,
02OA039,2,2010,309,21.19,
02OA039,2,2010,310,21.2,
02OA039,2,2010,311,21.15,
02OA039,2,2010,312,21.14,
02OA039,2,2010,313,21.17,
02OA039,2,2010,314,21.14,
02OA039,2,2010,315,21.15,
02OA039,2,2010,316,21.15,
02OA039,2,2010,317,21.07,
02OA039,2,2010,318,21.02,
02OA039,2,2010,319,21,
02OA039,2,2010,320,21.01,
02OA039,2,2010,321,21.05,
02OA039,2,2010,322,21.14,
02OA039,2,2010,323,21.11,
02OA039,2,2010,324,21.11,
02OA039,2,2010,325,21.08,
02OA039,2,2010,326,21.07,
02OA039,2,2010,327,21.11,
02OA039,2,2010,328,21.14,
02OA039,2,2010,329,21.13,
02OA039,2,2010,330,21.07,
02OA039,2,2010,331,21.13,
02OA039,2,2010,332,21.16,
02OA039,2,2010,333,21.13,
02OA039,2,2010,334,21.14,
02OA039,2,2010,335,21.25,
02OA039,2,2010,336,21.46,
02OA039,2,2010,337,21.49,
02OA039,2,2010,338,21.6,
02OA039,2,2010,339,21.63,
02OA039,2,2010,340,21.55,
02OA039,2,2010,341,21.51,
02OA039,2,2010,342,21.4,
02OA039,2,2010,343,21.42,
02OA039,2,2010,344,21.36,
02OA039,2,2010,345,21.33,
02OA039,2,2010,346,21.28,
02OA039,2,2010,347,21.41,
02OA039,2,2010,348,21.5,
02OA039,2,2010,349,21.39,
02OA039,2,2010,350,21.38,
02OA039,2,2010,351,21.37,
02OA039,2,2010,352,21.33,
02OA039,2,2010,353,21.24,
02OA039,2,2010,354,21.23,
02OA039,2,2010,355,21.26,
02OA039,2,2010,356,21.22,
02OA039,2,2010,357,21.2,
02OA039,2,2010,358,21.19,
02OA039,2,2010,359,21.16,
02OA039,2,2010,360,21.04,
02OA039,2,2010,361,20.98,
02OA039,2,2010,362,21.01,
02OA039,2,2010,363,21.09,
02OA039,2,2010,364,21.09,
02OA039,2,2010,365,21.03,
02OA039,2,2011,1,20.934,
02OA039,2,2011,2,20.94,
02OA039,2,2011,3,21.029,
02OA039,2,2011,4,20.989,
02OA039,2,2011,5,20.967,
02OA039,2,2011,6,20.976,
02OA039,2,2011,7,20.969,
02OA039,2,2011,8,21.004,
02OA039,2,2011,9,20.978,
02OA039,2,2011,10,20.943,
02OA039,2,2011,11,21.068,
02OA039,2,2011,12,21.209,
02OA039,2,2011,13,21.295,
02OA039,2,2011,14,21.34,
02OA039,2,2011,15,21.33,
02OA039,2,2011,16,21.239,
02OA039,2,2011,17,21.259,
02OA039,2,2011,18,21.365,
02OA039,2,2011,19,21.384,
02OA039,2,2011,20,21.397,
02OA039,2,2011,21,21.409,
02OA039,2,2011,22,21.37,
02OA039,2,2011,23,21.418,
02OA039,2,2011,24,21.545,
02OA039,2,2011,25,21.543,
02OA039,2,2011,26,21.604,
02OA039,2,2011,27,21.523,
02OA039,2,2011,28,21.294,
02OA039,2,2011,29,21.075,
02OA039,2,2011,30,21.031,
02OA039,2,2011,31,21.122,
02OA039,2,2011,32,21.373,
02OA039,2,2011,33,21.547,
02OA039,2,2011,34,21.551,
02OA039,2,2011,35,21.555,
02OA039,2,2011,36,21.534,
02OA039,2,2011,37,21.272,
02OA039,2,2011,38,21.118,
02OA039,2,2011,39,21.056,
02OA039,2,2011,40,21.174,
02OA039,2,2011,41,21.266,
02OA039,2,2011,42,21.354,
02OA039,2,2011,43,21.382,
02OA039,2,2011,44,21.346,
02OA039,2,2011,45,21.245,
02OA039,2,2011,46,21.188,
02OA039,2,2011,47,21.341,
02OA039,2,2011,48,21.306,
02OA039,2,2011,49,21.042,
02OA039,2,2011,50,20.974,
02OA039,2,2011,51,21.099,
02OA039,2,2011,52,21.196,
02OA039,2,2011,53,21.244,
02OA039,2,2011,54,21.177,
02OA039,2,2011,55,21.085,
02OA039,2,2011,56,20.976,
02OA039,2,2011,57,21.055,
02OA039,2,2011,58,21.029,
02OA039,2,2011,59,20.987,
02OA039,2,2011,60,21.033,
02OA039,2,2011,61,20.975,
02OA039,2,2011,62,21.092,
02OA039,2,2011,63,21.129,
02OA039,2,2011,64,21.003,
02OA039,2,2011,65,21.101,
02OA039,2,2011,66,21.227,
02OA039,2,2011,67,21.29,
02OA039,2,2011,68,21.242,
02OA039,2,2011,69,21.201,
02OA039,2,2011,70,21.293,
02OA039,2,2011,71,21.339,
02OA039,2,2011,72,21.498,
02OA039,2,2011,73,21.569,
02OA039,2,2011,74,21.56,
02OA039,2,2011,75,21.493,
02OA039,2,2011,76,21.41,
02OA039,2,2011,77,21.509,
02OA039,2,2011,78,21.832,
02OA039,2,2011,79,21.887,
02OA039,2,2011,80,21.815,
02OA039,2,2011,81,21.691,
02OA039,2,2011,82,21.557,
02OA039,2,2011,83,21.516,
02OA039,2,2011,84,21.429,
02OA039,2,2011,85,21.435,
02OA039,2,2011,86,21.361,
02OA039,2,2011,87,21.319,
02OA039,2,2011,88,21.287,
02OA039,2,2011,89,21.311,
02OA039,2,2011,90,21.282,
02OA039,2,2011,91,21.226,
02OA039,2,2011,92,21.244,
02OA039,2,2011,93,21.279,
02OA039,2,2011,94,21.297,
02OA039,2,2011,95,21.298,
02OA039,2,2011,96,21.423,
02OA039,2,2011,97,21.439,
02OA039,2,2011,98,21.393,
02OA039,2,2011,99,21.33,
02OA039,2,2011,100,21.371,
02OA039,2,2011,101,21.51,
02OA039,2,2011,102,21.786,
02OA039,2,2011,103,21.869,
02OA039,2,2011,104,21.898,
02OA039,2,2011,105,21.907,
02OA039,2,2011,106,21.918,
02OA039,2,2011,107,21.941,
02OA039,2,2011,108,22.031,
02OA039,2,2011,109,21.939,
02OA039,2,2011,110,21.91,
02OA039,2,2011,111,21.952,
02OA039,2,2011,112,21.899,
02OA039,2,2011,113,21.863,
02OA039,2,2011,114,21.811,
02OA039,2,2011,115,21.747,
02OA039,2,2011,116,21.735,
02OA039,2,2011,117,21.759,
02OA039,2,2011,118,21.909,
02OA039,2,2011,119,22.037,
02OA039,2,2011,120,21.997,
02OA039,2,2011,121,21.972,
02OA039,2,2011,122,22.01,
02OA039,2,2011,123,22.012,
02OA039,2,2011,124,22.071,
02OA039,2,2011,125,22.122,
02OA039,2,2011,126,22.109,
02OA039,2,2011,127,22.067,
02OA039,2,2011,128,21.948,
02OA039,2,2011,129,21.892,
02OA039,2,2011,130,21.942,
02OA039,2,2011,131,21.949,
02OA039,2,2011,132,21.896,
02OA039,2,2011,133,21.87,
02OA039,2,2011,134,21.852,
02OA039,2,2011,135,21.864,
02OA039,2,2011,136,21.991,
02OA039,2,2011,137,22.1,
02OA039,2,2011,138,22.028,
02OA039,2,2011,139,21.939,
02OA039,2,2011,140,21.899,
02OA039,2,2011,141,21.863,
02OA039,2,2011,142,21.812,
02OA039,2,2011,143,21.753,
02OA039,2,2011,144,21.729,
02OA039,2,2011,145,21.718,
02OA039,2,2011,146,21.71,
02OA039,2,2011,147,21.734,
02OA039,2,2011,148,21.833,
02OA039,2,2011,149,21.897,
02OA039,2,2011,150,21.945,
02OA039,2,2011,151,21.905,
02OA039,2,2011,152,21.901,
02OA039,2,2011,153,21.926,
02OA039,2,2011,154,21.933,
02OA039,2,2011,155,21.869,
02OA039,2,2011,156,21.87,
02OA039,2,2011,157,21.869,
02OA039,2,2011,158,21.812,
02OA039,2,2011,159,21.789,
02OA039,2,2011,160,21.773,
02OA039,2,2011,161,21.778,
02OA039,2,2011,162,21.778,
02OA039,2,2011,163,21.726,
02OA039,2,2011,164,21.699,
02OA039,2,2011,165,21.666,
02OA039,2,2011,166,21.676,
02OA039,2,2011,167,21.682,
02OA039,2,2011,168,21.659,
02OA039,2,2011,169,21.645,
02OA039,2,2011,170,21.627,
02OA039,2,2011,171,21.581,
02OA039,2,2011,172,21.569,
02OA039,2,2011,173,21.603,
02OA039,2,2011,174,21.585,
02OA039,2,2011,175,21.666,
02OA039,2,2011,176,21.693,
02OA039,2,2011,177,21.723,
02OA039,2,2011,178,21.657,
02OA039,2,2011,179,21.639,
02OA039,2,2011,180,21.692,
02OA039,2,2011,181,21.674,
02OA039,2,2011,182,21.658,
02OA039,2,2011,183,21.577,
02OA039,2,2011,184,21.578,
02OA039,2,2011,185,21.566,
02OA039,2,2011,186,21.543,
02OA039,2,2011,187,21.579,
02OA039,2,2011,188,21.6,
02OA039,2,2011,189,21.534,
02OA039,2,2011,190,21.505,
02OA039,2,2011,191,21.525,
02OA039,2,2011,192,21.498,
02OA039,2,2011,193,21.434,
02OA039,2,2011,194,21.424,
02OA039,2,2011,195,21.453,
02OA039,2,2011,196,21.464,
02OA039,2,2011,197,21.422,
02OA039,2,2011,198,21.419,
02OA039,2,2011,199,21.42,
02OA039,2,2011,200,21.393,
02OA039,2,2011,201,21.429,
02OA039,2,2011,202,21.455,
02OA039,2,2011,203,21.445,
02OA039,2,2011,204,21.446,
02OA039,2,2011,205,21.371,
02OA039,2,2011,206,21.418,
02OA039,2,2011,207,21.401,
02OA039,2,2011,208,21.418,
02OA039,2,2011,209,21.429,
02OA039,2,2011,210,21.395,
02OA039,2,2011,211,21.409,
02OA039,2,2011,212,21.383,
02OA039,2,2011,213,21.334,
02OA039,2,2011,214,21.358,
02OA039,2,2011,215,21.371,
02OA039,2,2011,216,21.338,
02OA039,2,2011,217,21.338,
02OA039,2,2011,218,21.303,
02OA039,2,2011,219,21.266,
02OA039,2,2011,220,21.266,
02OA039,2,2011,221,21.278,
02OA039,2,2011,222,21.402,
02OA039,2,2011,223,21.314,
02OA039,2,2011,224,21.239,
02OA039,2,2011,225,21.221,
02OA039,2,2011,226,21.196,
02OA039,2,2011,227,21.239,
02OA039,2,2011,228,21.219,
02OA039,2,2011,229,21.27,
02OA039,2,2011,230,21.246,
02OA039,2,2011,231,21.217,
02OA039,2,2011,232,21.202,
02OA039,2,2011,233,21.147,
02OA039,2,2011,234,21.136,
02OA039,2,2011,235,21.141,
02OA039,2,2011,236,21.172,
02OA039,2,2011,237,21.126,
02OA039,2,2011,238,21.183,
02OA039,2,2011,239,21.135,
02OA039,2,2011,240,21.068,
02OA039,2,2011,241,21.244,
02OA039,2,2011,242,21.263,
02OA039,2,2011,243,21.228,
02OA039,2,2011,244,21.149,
02OA039,2,2011,245,21.159,
02OA039,2,2011,246,21.079,
02OA039,2,2011,247,21.117,
02OA039,2,2011,248,21.124,
02OA039,2,2011,249,21.212,
02OA039,2,2011,250,21.198,
02OA039,2,2011,251,21.218,
02OA039,2,2011,252,21.213,
02OA039,2,2011,253,21.131,
02OA039,2,2011,254,21.105,
02OA039,2,2011,255,21.159,
02OA039,2,2011,256,21.112,
02OA039,2,2011,257,21.156,
02OA039,2,2011,258,21.138,
02OA039,2,2011,259,21.137,
02OA039,2,2011,260,21.074,
02OA039,2,2011,261,21.053,
02OA039,2,2011,262,21.102,
02OA039,2,2011,263,21.123,
02OA039,2,2011,264,21.068,
02OA039,2,2011,265,21.048,
02OA039,2,2011,266,21.117,
02OA039,2,2011,267,21.03,
02OA039,2,2011,268,21.002,
02OA039,2,2011,269,20.981,
02OA039,2,2011,270,20.969,
02OA039,2,2011,271,20.983,
02OA039,2,2011,272,21.027,
02OA039,2,2011,273,21.07,
02OA039,2,2011,274,21.049,
02OA039,2,2011,275,21.046,
02OA039,2,2011,276,21.077,
02OA039,2,2011,277,21.064,
02OA039,2,2011,278,21.074,
02OA039,2,2011,279,21.009,
02OA039,2,2011,280,20.952,
02OA039,2,2011,281,20.999,
02OA039,2,2011,282,21.001,
02OA039,2,2011,283,20.966,
02OA039,2,2011,284,20.923,
02OA039,2,2011,285,20.926,
02OA039,2,2011,286,20.94,
02OA039,2,2011,287,21.007,
02OA039,2,2011,288,21.032,
02OA039,2,2011,289,21.006,
02OA039,2,2011,290,20.978,
02OA039,2,2011,291,20.987,
02OA039,2,2011,292,21.024,
02OA039,2,2011,293,21.008,
02OA039,2,2011,294,21.105,
02OA039,2,2011,295,21.137,
02OA039,2,2011,296,21.182,
02OA039,2,2011,297,21.147,
02OA039,2,2011,298,21.115,
02OA039,2,2011,299,21.083,
02OA039,2,2011,300,21.096,
02OA039,2,2011,301,21.068,
02OA039,2,2011,302,21.141,
02OA039,2,2011,303,21.183,
02OA039,2,2011,304,21.145,
02OA039,2,2011,305,21.14,
02OA039,2,2011,306,21.141,
02OA039,2,2011,307,21.135,
02OA039,2,2011,308,21.189,
02OA039,2,2011,309,21.209,
02OA039,2,2011,310,21.141,
02OA039,2,2011,311,21.108,
02OA039,2,2011,312,21.105,
02OA039,2,2011,313,21.11,
02OA039,2,2011,314,21.131,
02OA039,2,2011,315,21.156,
02OA039,2,2011,316,21.147,
02OA039,2,2011,317,21.145,
02OA039,2,2011,318,21.137,
02OA039,2,2011,319,21.136,
02OA039,2,2011,320,21.121,
02OA039,2,2011,321,21.117,
02OA039,2,2011,322,21.15,
02OA039,2,2011,323,21.125,
02OA039,2,2011,324,21.07,
02OA039,2,2011,325,21.086,
02OA039,2,2011,326,21.125,
02OA039,2,2011,327,21.134,
02OA039,2,2011,328,21.083,
02OA039,2,2011,329,21.087,
02OA039,2,2011,330,21.041,
02OA039,2,2011,331,21.098,
02OA039,2,2011,332,21.135,
02OA039,2,2011,333,21.157,
02OA039,2,2011,334,21.11,
02OA039,2,2011,335,21.202,
02OA039,2,2011,336,21.277,
02OA039,2,2011,337,21.358,
02OA039,2,2011,338,21.345,
02OA039,2,2011,339,21.323,
02OA039,2,2011,340,21.37,
02OA039,2,2011,341,21.417,
02OA039,2,2011,342,21.426,
02OA039,2,2011,343,21.428,
02OA039,2,2011,344,21.408,
02OA039,2,2011,345,21.397,
02OA039,2,2011,346,21.405,
02OA039,2,2011,347,21.401,
02OA039,2,2011,348,21.413,
02OA039,2,2011,349,21.425,
02OA039,2,2011,350,21.459,
02OA039,2,2011,351,21.422,
02OA039,2,2011,352,21.389,
02OA039,2,2011,353,21.372,
02OA039,2,2011,354,21.289,
02OA039,2,2011,355,21.267,
02OA039,2,2011,356,21.318,
02OA039,2,2011,357,21.31,
02OA039,2,2011,358,21.281,
02OA039,2,2011,359,21.151,
02OA039,2,2011,360,21.109,
02OA039,2,2011,361,21.116,
02OA039,2,2011,362,21.083,
02OA039,2,2011,363,21.036,
02OA039,2,2011,364,20.985,
02OA039,2,2011,365,21.007,
02OA039,2,2012,1,21.011,
02OA039,2,2012,2,20.94,
02OA039,2,2012,3,20.899,
02OA039,2,2012,4,21.015,
02OA039,2,2012,5,21.041,
02OA039,2,2012,6,21.011,
02OA039,2,2012,7,21.047,
02OA039,2,2012,8,21.034,
02OA039,2,2012,9,21.035,
02OA039,2,2012,10,21.057,
02OA039,2,2012,11,21.027,
02OA039,2,2012,12,21.064,
02OA039,2,2012,13,21.162,
02OA039,2,2012,14,21.2,
02OA039,2,2012,15,21.096,
02OA039,2,2012,16,21.082,
02OA039,2,2012,17,21.283,
02OA039,2,2012,18,21.193,
02OA039,2,2012,19,21.141,
02OA039,2,2012,20,21.291,
02OA039,2,2012,21,21.375,
02OA039,2,2012,22,21.477,
02OA039,2,2012,23,21.394,
02OA039,2,2012,24,21.134,
02OA039,2,2012,25,21.022,
02OA039,2,2012,26,20.982,
02OA039,2,2012,27,21.001,
02OA039,2,2012,28,21.019,
02OA039,2,2012,29,21.026,
02OA039,2,2012,30,21.041,
02OA039,2,2012,31,21.099,
02OA039,2,2012,32,21.205,
02OA039,2,2012,33,21.249,
02OA039,2,2012,34,21.193,
02OA039,2,2012,35,21.176,
02OA039,2,2012,36,21.146,
02OA039,2,2012,37,21.104,
02OA039,2,2012,38,21.083,
02OA039,2,2012,39,21.207,
02OA039,2,2012,40,21.304,
02OA039,2,2012,41,21.335,
02OA039,2,2012,42,21.335,
02OA039,2,2012,43,21.335,
02OA039,2,2012,44,21.381,
02OA039,2,2012,45,21.46,
02OA039,2,2012,46,21.484,
02OA039,2,2012,47,21.475,
02OA039,2,2012,48,21.488,
02OA039,2,2012,49,21.519,
02OA039,2,2012,50,21.527,
02OA039,2,2012,51,21.513,
02OA039,2,2012,52,21.5,
02OA039,2,2012,53,21.442,
02OA039,2,2012,54,21.453,
02OA039,2,2012,55,21.51,
02OA039,2,2012,56,21.507,
02OA039,2,2012,57,21.492,
02OA039,2,2012,58,21.486,
02OA039,2,2012,59,21.473,
02OA039,2,2012,60,21.461,
02OA039,2,2012,61,21.445,
02OA039,2,2012,62,21.453,
02OA039,2,2012,63,21.483,
02OA039,2,2012,64,21.443,
02OA039,2,2012,65,21.442,
02OA039,2,2012,66,21.461,
02OA039,2,2012,67,21.457,
02OA039,2,2012,68,21.493,
02OA039,2,2012,69,21.66,
02OA039,2,2012,70,21.77,
02OA039,2,2012,71,21.777,
02OA039,2,2012,72,21.791,
02OA039,2,2012,73,21.786,
02OA039,2,2012,74,21.815,
02OA039,2,2012,75,21.845,
02OA039,2,2012,76,21.909,
02OA039,2,2012,77,22.051,
02OA039,2,2012,78,22.066,
02OA039,2,2012,79,22.038,
02OA039,2,2012,80,22.013,
02OA039,2,2012,81,21.965,
02OA039,2,2012,82,21.982,
02OA039,2,2012,83,22.004,
02OA039,2,2012,84,21.972,
02OA039,2,2012,85,21.932,
02OA039,2,2012,86,21.921,
02OA039,2,2012,87,21.89,
02OA039,2,2012,88,21.846,
02OA039,2,2012,89,21.802,
02OA039,2,2012,90,21.774,
02OA039,2,2012,91,21.767,
02OA039,2,2012,92,21.712,
02OA039,2,2012,93,21.691,
02OA039,2,2012,94,21.68,
02OA039,2,2012,95,21.636,
02OA039,2,2012,96,21.599,
02OA039,2,2012,97,21.567,
02OA039,2,2012,98,21.512,
02OA039,2,2012,99,21.446,
02OA039,2,2012,100,21.411,
02OA039,2,2012,101,21.406,
02OA039,2,2012,102,21.385,
02OA039,2,2012,103,21.362,
02OA039,2,2012,104,21.38,
02OA039,2,2012,105,21.419,
02OA039,2,2012,106,21.4,
02OA039,2,2012,107,21.36,
02OA039,2,2012,108,21.383,
02OA039,2,2012,109,21.338,
02OA039,2,2012,110,21.285,
02OA039,2,2012,111,21.28,
02OA039,2,2012,112,21.285,
02OA039,2,2012,113,21.287,
02OA039,2,2012,114,21.355,
02OA039,2,2012,115,21.453,
02OA039,2,2012,116,21.475,
02OA039,2,2012,117,21.519,
02OA039,2,2012,118,21.537,
02OA039,2,2012,119,21.462,
02OA039,2,2012,120,21.369,
02OA039,2,2012,121,21.423,
02OA039,2,2012,122,21.39,
02OA039,2,2012,123,21.382,
02OA039,2,2012,124,21.388,
02OA039,2,2012,125,21.422,
02OA039,2,2012,126,21.395,
02OA039,2,2012,127,21.384,
02OA039,2,2012,128,21.369,
02OA039,2,2012,129,21.312,
02OA039,2,2012,130,21.339,
02OA039,2,2012,131,21.369,
02OA039,2,2012,132,21.355,
02OA039,2,2012,133,21.308,
02OA039,2,2012,134,21.267,
02OA039,2,2012,135,21.273,
02OA039,2,2012,136,21.238,
02OA039,2,2012,137,21.235,
02OA039,2,2012,138,21.224,
02OA039,2,2012,139,21.177,
02OA039,2,2012,140,21.115,
02OA039,2,2012,141,21.083,
02OA039,2,2012,142,20.953,
02OA039,2,2012,143,21.043,
02OA039,2,2012,144,20.972,
02OA039,2,2012,145,21.002,
02OA039,2,2012,146,21.023,
02OA039,2,2012,147,20.958,
02OA039,2,2012,148,20.912,
02OA039,2,2012,149,20.829,
02OA039,2,2012,150,20.796,
02OA039,2,2012,151,20.916,
02OA039,2,2012,152,20.911,
02OA039,2,2012,153,20.846,
02OA039,2,2012,154,20.849,
02OA039,2,2012,155,20.898,
02OA039,2,2012,156,20.898,
02OA039,2,2012,157,20.91,
02OA039,2,2012,158,20.908,
02OA039,2,2012,159,20.903,
02OA039,2,2012,160,20.902,
02OA039,2,2012,161,20.862,
02OA039,2,2012,162,20.835,
02OA039,2,2012,163,20.864,
02OA039,2,2012,164,20.883,
02OA039,2,2012,165,20.849,
02OA039,2,2012,166,20.812,
02OA039,2,2012,167,20.829,
02OA039,2,2012,168,20.811,
02OA039,2,2012,169,20.822,
02OA039,2,2012,170,20.795,
02OA039,2,2012,171,20.816,
02OA039,2,2012,172,20.813,
02OA039,2,2012,173,20.842,
02OA039,2,2012,174,20.922,
02OA039,2,2012,175,20.86,
02OA039,2,2012,176,20.745,
02OA039,2,2012,177,20.78,
02OA039,2,2012,178,20.753,
02OA039,2,2012,179,20.702,
02OA039,2,2012,180,20.712,
02OA039,2,2012,181,20.758,
02OA039,2,2012,182,20.806,
02OA039,2,2012,183,20.736,
02OA039,2,2012,184,20.713,
02OA039,2,2012,185,20.761,
02OA039,2,2012,186,20.758,
02OA039,2,2012,187,20.741,
02OA039,2,2012,188,20.705,
02OA039,2,2012,189,20.662,
02OA039,2,2012,190,20.634,
02OA039,2,2012,191,20.648,
02OA039,2,2012,192,20.631,
02OA039,2,2012,193,20.652,
02OA039,2,2012,194,20.687,
02OA039,2,2012,195,20.757,
02OA039,2,2012,196,20.796,
02OA039,2,2012,197,20.752,
02OA039,2,2012,198,20.646,
02OA039,2,2012,199,20.682,
02OA039,2,2012,200,20.671,
02OA039,2,2012,201,20.656,
02OA039,2,2012,202,20.687,
02OA039,2,2012,203,20.678,
02OA039,2,2012,204,20.651,
02OA039,2,2012,205,20.626,
02OA039,2,2012,206,20.66,
02OA039,2,2012,207,20.664,
02OA039,2,2012,208,20.634,
02OA039,2,2012,209,20.629,
02OA039,2,2012,210,20.596,
02OA039,2,2012,211,20.638,
02OA039,2,2012,212,20.647,
02OA039,2,2012,213,20.696,
02OA039,2,2012,214,20.671,
02OA039,2,2012,215,20.631,
02OA039,2,2012,216,20.653,
02OA039,2,2012,217,20.632,
02OA039,2,2012,218,20.623,
02OA039,2,2012,219,20.68,A
02OA039,2,2012,220,20.646,
02OA039,2,2012,221,20.612,
02OA039,2,2012,222,20.637,
02OA039,2,2012,223,20.623,
02OA039,2,2012,224,20.644,
02OA039,2,2012,225,20.7,
02OA039,2,2012,226,20.654,
02OA039,2,2012,227,20.606,
02OA039,2,2012,228,20.606,
02OA039,2,2012,229,20.611,
02OA039,2,2012,230,20.602,
02OA039,2,2012,231,20.606,
02OA039,2,2012,232,20.624,
02OA039,2,2012,233,20.633,
02OA039,2,2012,234,20.6,
02OA039,2,2012,235,20.605,
02OA039,2,2012,236,20.607,
02OA039,2,2012,237,20.622,
02OA039,2,2012,238,20.625,
02OA039,2,2012,239,20.63,
02OA039,2,2012,240,20.615,
02OA039,2,2012,241,20.649,
02OA039,2,2012,242,20.645,
02OA039,2,2012,243,20.624,
02OA039,2,2012,244,20.67,
02OA039,2,2012,245,20.615,
02OA039,2,2012,246,20.604,
02OA039,2,2012,247,20.623,
02OA039,2,2012,248,20.617,
02OA039,2,2012,249,20.645,
02OA039,2,2012,250,20.638,
02OA039,2,2012,251,20.673,
02OA039,2,2012,252,20.707,
02OA039,2,2012,253,20.659,
02OA039,2,2012,254,20.618,
02OA039,2,2012,255,20.599,
02OA039,2,2012,256,20.665,
02OA039,2,2012,257,20.637,
02OA039,2,2012,258,20.645,
02OA039,2,2012,259,20.633,
02OA039,2,2012,260,20.6,
02OA039,2,2012,261,20.613,
02OA039,2,2012,262,20.691,
02OA039,2,2012,263,20.632,
02OA039,2,2012,264,20.638,
02OA039,2,2012,265,20.673,
02OA039,2,2012,266,20.671,
02OA039,2,2012,267,20.658,
02OA039,2,2012,268,20.621,
02OA039,2,2012,269,20.649,
02OA039,2,2012,270,20.629,
02OA039,2,2012,271,20.648,
02OA039,2,2012,272,20.633,
02OA039,2,2012,273,20.606,
02OA039,2,2012,274,20.653,
02OA039,2,2012,275,20.674,
02OA039,2,2012,276,20.675,
02OA039,2,2012,277,20.616,
02OA039,2,2012,278,20.644,
02OA039,2,2012,279,20.653,
02OA039,2,2012,280,20.641,
02OA039,2,2012,281,20.677,
02OA039,2,2012,282,20.637,
02OA039,2,2012,283,20.623,
02OA039,2,2012,284,20.635,
02OA039,2,2012,285,20.651,
02OA039,2,2012,286,20.613,
02OA039,2,2012,287,20.683,
02OA039,2,2012,288,20.619,
02OA039,2,2012,289,20.639,
02OA039,2,2012,290,20.635,
02OA039,2,2012,291,20.655,
02OA039,2,2012,292,20.647,
02OA039,2,2012,293,20.718,
02OA039,2,2012,294,20.796,
02OA039,2,2012,295,20.677,
02OA039,2,2012,296,20.618,
02OA039,2,2012,297,20.65,
02OA039,2,2012,298,20.695,
02OA039,2,2012,299,20.679,
02OA039,2,2012,300,20.639,
02OA039,2,2012,301,20.651,
02OA039,2,2012,302,20.629,
02OA039,2,2012,303,20.633,
02OA039,2,2012,304,20.665,
02OA039,2,2012,305,20.712,
02OA039,2,2012,306,20.701,
02OA039,2,2012,307,20.637,
02OA039,2,2012,308,20.639,
02OA039,2,2012,309,20.661,
02OA039,2,2012,310,20.687,
02OA039,2,2012,311,20.716,
02OA039,2,2012,312,20.782,
02OA039,2,2012,313,20.761,
02OA039,2,2012,314,20.773,
02OA039,2,2012,315,20.726,
02OA039,2,2012,316,20.654,
02OA039,2,2012,317,20.65,
02OA039,2,2012,318,20.694,
02OA039,2,2012,319,20.648,
02OA039,2,2012,320,20.585,
02OA039,2,2012,321,20.605,
02OA039,2,2012,322,20.604,
02OA039,2,2012,323,20.609,
02OA039,2,2012,324,20.644,
02OA039,2,2012,325,20.635,
02OA039,2,2012,326,20.613,
02OA039,2,2012,327,20.631,
02OA039,2,2012,328,20.618,
02OA039,2,2012,329,20.631,
02OA039,2,2012,330,20.588,
02OA039,2,2012,331,20.577,
02OA039,2,2012,332,20.598,
02OA039,2,2012,333,20.606,
02OA039,2,2012,334,20.634,
02OA039,2,2012,335,20.674,
02OA039,2,2012,336,20.701,
02OA039,2,2012,337,20.666,
02OA039,2,2012,338,20.655,
02OA039,2,2012,339,20.705,
02OA039,2,2012,340,20.675,
02OA039,2,2012,341,20.717,
02OA039,2,2012,342,20.664,
02OA039,2,2012,343,20.624,
02OA039,2,2012,344,20.647,
02OA039,2,2012,345,20.64,
02OA039,2,2012,346,20.652,
02OA039,2,2012,347,20.672,
02OA039,2,2012,348,20.623,A
02OA039,2,2012,349,20.613,
02OA039,2,2012,350,20.6,
02OA039,2,2012,351,20.58,
02OA039,2,2012,352,20.674,
02OA039,2,2012,353,20.755,
02OA039,2,2012,354,20.736,
02OA039,2,2012,355,20.721,
02OA039,2,2012,356,20.683,
02OA039,2,2012,357,20.812,
02OA039,2,2012,358,20.724,
02OA039,2,2012,359,20.664,
02OA039,2,2012,360,20.758,
02OA039,2,2012,361,20.787,
02OA039,2,2012,362,20.766,
02OA039,2,2012,363,20.776,
02OA039,2,2012,364,20.808,
02OA039,2,2012,365,20.793,
02OA039,2,2012,366,20.824,
02OA039,2,2013,1,20.8,
02OA039,2,2013,2,20.91,
02OA039,2,2013,3,21.008,
02OA039,2,2013,4,20.972,
02OA039,2,2013,5,20.956,
02OA039,2,2013,6,20.996,
02OA039,2,2013,7,20.922,
02OA039,2,2013,8,20.95,
02OA039,2,2013,9,20.854,
02OA039,2,2013,10,20.774,
02OA039,2,2013,11,20.71,
02OA039,2,2013,12,20.732,
02OA039,2,2013,13,20.708,
02OA039,2,2013,14,20.779,
02OA039,2,2013,15,20.957,
02OA039,2,2013,16,20.983,
02OA039,2,2013,17,20.936,
02OA039,2,2013,18,20.904,
02OA039,2,2013,19,20.857,
02OA039,2,2013,20,20.83,
02OA039,2,2013,21,20.877,
02OA039,2,2013,22,20.978,
02OA039,2,2013,23,20.983,
02OA039,2,2013,24,21.062,
02OA039,2,2013,25,21.239,
02OA039,2,2013,26,21.28,
02OA039,2,2013,27,21.244,
02OA039,2,2013,28,21.342,
02OA039,2,2013,29,21.339,
02OA039,2,2013,30,21.127,
02OA039,2,2013,31,20.926,
02OA039,2,2013,32,21.079,
02OA039,2,2013,33,21.315,
02OA039,2,2013,34,21.296,
02OA039,2,2013,35,21.191,
02OA039,2,2013,36,21.262,
02OA039,2,2013,37,21.111,
02OA039,2,2013,38,21.127,
02OA039,2,2013,39,21.147,
02OA039,2,2013,40,21.219,
02OA039,2,2013,41,21.173,
02OA039,2,2013,42,21.124,
02OA039,2,2013,43,21.032,
02OA039,2,2013,44,20.923,
02OA039,2,2013,45,20.929,
02OA039,2,2013,46,20.939,
02OA039,2,2013,47,20.961,
02OA039,2,2013,48,21.054,
02OA039,2,2013,49,21.135,
02OA039,2,2013,50,21.258,
02OA039,2,2013,51,21.124,
02OA039,2,2013,52,21.052,
02OA039,2,2013,53,21.105,
02OA039,2,2013,54,21.045,
02OA039,2,2013,55,20.996,
02OA039,2,2013,56,20.931,
02OA039,2,2013,57,20.942,
02OA039,2,2013,58,20.946,
02OA039,2,2013,59,20.994,
02OA039,2,2013,60,20.979,
02OA039,2,2013,61,20.938,
02OA039,2,2013,62,20.931,
02OA039,2,2013,63,20.992,
02OA039,2,2013,64,20.969,
02OA039,2,2013,65,20.925,
02OA039,2,2013,66,20.923,
02OA039,2,2013,67,20.936,
02OA039,2,2013,68,20.928,
02OA039,2,2013,69,20.94,
02OA039,2,2013,70,20.914,
02OA039,2,2013,71,20.974,
02OA039,2,2013,72,21.151,
02OA039,2,2013,73,21.163,
02OA039,2,2013,74,21.153,
02OA039,2,2013,75,21.067,
02OA039,2,2013,76,21.056,
02OA039,2,2013,77,21.044,
02OA039,2,2013,78,21.009,
02OA039,2,2013,79,20.999,
02OA039,2,2013,80,20.928,
02OA039,2,2013,81,20.9,
02OA039,2,2013,82,20.892,
02OA039,2,2013,83,20.895,
02OA039,2,2013,84,20.873,
02OA039,2,2013,85,20.844,
02OA039,2,2013,86,20.884,
02OA039,2,2013,87,20.992,
02OA039,2,2013,88,20.976,
02OA039,2,2013,89,21.065,
02OA039,2,2013,90,21.156,
02OA039,2,2013,91,21.187,
02OA039,2,2013,92,21.21,
02OA039,2,2013,93,21.188,
02OA039,2,2013,94,21.159,
02OA039,2,2013,95,21.128,
02OA039,2,2013,96,21.036,
02OA039,2,2013,97,20.981,
02OA039,2,2013,98,20.941,
02OA039,2,2013,99,20.98,
02OA039,2,2013,100,21.115,
02OA039,2,2013,101,21.103,
02OA039,2,2013,102,21.115,
02OA039,2,2013,103,21.288,
02OA039,2,2013,104,21.391,
02OA039,2,2013,105,21.358,
02OA039,2,2013,106,21.331,
02OA039,2,2013,107,21.392,
02OA039,2,2013,108,21.434,
02OA039,2,2013,109,21.455,
02OA039,2,2013,110,21.545,
02OA039,2,2013,111,21.567,
02OA039,2,2013,112,21.656,
02OA039,2,2013,113,21.739,
02OA039,2,2013,114,21.749,
02OA039,2,2013,115,21.755,
02OA039,2,2013,116,21.756,
02OA039,2,2013,117,21.744,
02OA039,2,2013,118,21.736,
02OA039,2,2013,119,21.742,
02OA039,2,2013,120,21.716,
02OA039,2,2013,121,21.712,
02OA039,2,2013,122,21.69,
02OA039,2,2013,123,21.693,
02OA039,2,2013,124,21.68,
02OA039,2,2013,125,21.657,
02OA039,2,2013,126,21.642,
02OA039,2,2013,127,21.566,
02OA039,2,2013,128,21.54,
02OA039,2,2013,129,21.502,
02OA039,2,2013,130,21.556,
02OA039,2,2013,131,21.467,
02OA039,2,2013,132,21.415,
02OA039,2,2013,133,21.368,
02OA039,2,2013,134,21.417,
02OA039,2,2013,135,21.421,
02OA039,2,2013,136,21.391,
02OA039,2,2013,137,21.379,
02OA039,2,2013,138,21.345,
02OA039,2,2013,139,21.33,
02OA039,2,2013,140,21.275,
02OA039,2,2013,141,21.261,
02OA039,2,2013,142,21.235,
02OA039,2,2013,143,21.236,
02OA039,2,2013,144,21.314,
02OA039,2,2013,145,21.391,
02OA039,2,2013,146,21.446,
02OA039,2,2013,147,21.442,
02OA039,2,2013,148,21.369,
02OA039,2,2013,149,21.334,
02OA039,2,2013,150,21.313,
02OA039,2,2013,151,21.221,
02OA039,2,2013,152,21.186,
02OA039,2,2013,153,21.195,
02OA039,2,2013,154,21.218,
02OA039,2,2013,155,21.117,
02OA039,2,2013,156,21.055,
02OA039,2,2013,157,21.081,
02OA039,2,2013,158,21.077,
02OA039,2,2013,159,21.186,
02OA039,2,2013,160,21.266,
02OA039,2,2013,161,21.268,
02OA039,2,2013,162,21.289,
02OA039,2,2013,163,21.528,
02OA039,2,2013,164,21.654,
02OA039,2,2013,165,21.505,
02OA039,2,2013,166,21.445,
02OA039,2,2013,167,21.429,
02OA039,2,2013,168,21.39,
02OA039,2,2013,169,21.366,
02OA039,2,2013,170,21.293,
02OA039,2,2013,171,21.283,
02OA039,2,2013,172,21.264,
02OA039,2,2013,173,21.205,
02OA039,2,2013,174,21.199,
02OA039,2,2013,175,21.205,
02OA039,2,2013,176,21.278,
02OA039,2,2013,177,21.276,
02OA039,2,2013,178,21.302,
02OA039,2,2013,179,21.297,
02OA039,2,2013,180,21.445,
02OA039,2,2013,181,21.53,
02OA039,2,2013,182,21.499,
02OA039,2,2013,183,21.402,
02OA039,2,2013,184,21.276,
02OA039,2,2013,185,21.271,
02OA039,2,2013,186,21.239,
02OA039,2,2013,187,21.265,
02OA039,2,2013,188,21.275,
02OA039,2,2013,189,21.244,
02OA039,2,2013,190,21.242,
02OA039,2,2013,191,21.237,
02OA039,2,2013,192,21.244,
02OA039,2,2013,193,21.221,
02OA039,2,2013,194,21.215,
02OA039,2,2013,195,21.237,
02OA039,2,2013,196,21.201,
02OA039,2,2013,197,21.208,
02OA039,2,2013,198,21.195,
02OA039,2,2013,199,21.134,
02OA039,2,2013,200,21.166,
02OA039,2,2013,201,21.24,
02OA039,2,2013,202,21.149,
02OA039,2,2013,203,21.126,
02OA039,2,2013,204,21.121,
02OA039,2,2013,205,21.119,
02OA039,2,2013,206,21.081,
02OA039,2,2013,207,21.073,
02OA039,2,2013,208,21.143,
02OA039,2,2013,209,21.078,
02OA039,2,2013,210,21.127,
02OA039,2,2013,211,21.083,
02OA039,2,2013,212,21.09,
02OA039,2,2013,213,21.105,
02OA039,2,2013,214,21.118,
02OA039,2,2013,215,21.049,
02OA039,2,2013,216,21.06,
02OA039,2,2013,217,21.05,
02OA039,2,2013,218,21.029,
02OA039,2,2013,219,21.023,
02OA039,2,2013,220,21.055,
02OA039,2,2013,221,21.096,
02OA039,2,2013,222,21.062,
02OA039,2,2013,223,20.98,
02OA039,2,2013,224,21.044,
02OA039,2,2013,225,21.036,
02OA039,2,2013,226,21.078,
02OA039,2,2013,227,21.061,
02OA039,2,2013,228,21.067,
02OA039,2,2013,229,21.055,
02OA039,2,2013,230,21.052,
02OA039,2,2013,231,21.031,
02OA039,2,2013,232,21.038,
02OA039,2,2013,233,21.07,
02OA039,2,2013,234,21.075,
02OA039,2,2013,235,21.125,
02OA039,2,2013,236,21.061,
02OA039,2,2013,237,21.004,
02OA039,2,2013,238,21.025,
02OA039,2,2013,239,21.016,
02OA039,2,2013,240,20.992,
02OA039,2,2013,241,21.05,
02OA039,2,2013,242,21.019,
02OA039,2,2013,243,21.04,
02OA039,2,2013,244,21.051,
02OA039,2,2013,245,21.03,
02OA039,2,2013,246,21.068,
02OA039,2,2013,247,21.066,
02OA039,2,2013,248,21.001,
02OA039,2,2013,249,21.02,
02OA039,2,2013,250,21.037,
02OA039,2,2013,251,20.972,
02OA039,2,2013,252,21.031,
02OA039,2,2013,253,20.99,
02OA039,2,2013,254,21.041,
02OA039,2,2013,255,21.187,
02OA039,2,2013,256,21.302,
02OA039,2,2013,257,21.156,
02OA039,2,2013,258,21.149,
02OA039,2,2013,259,21.068,
02OA039,2,2013,260,21.113,
02OA039,2,2013,261,21.069,
02OA039,2,2013,262,20.994,
02OA039,2,2013,263,21.003,
02OA039,2,2013,264,20.989,
02OA039,2,2013,265,20.99,
02OA039,2,2013,266,21.013,
02OA039,2,2013,267,20.976,
02OA039,2,2013,268,20.983,
02OA039,2,2013,269,20.964,
02OA039,2,2013,270,20.952,
02OA039,2,2013,271,20.971,
02OA039,2,2013,272,20.941,
02OA039,2,2013,273,20.933,
02OA039,2,2013,274,20.922,
02OA039,2,2013,275,20.998,
02OA039,2,2013,276,20.88,
02OA039,2,2013,277,20.903,
02OA039,2,2013,278,20.873,
02OA039,2,2013,279,20.836,
02OA039,2,2013,280,20.846,
02OA039,2,2013,281,20.894,
02OA039,2,2013,282,20.878,
02OA039,2,2013,283,20.855,
02OA039,2,2013,284,20.865,
02OA039,2,2013,285,20.872,
02OA039,2,2013,286,20.91,
02OA039,2,2013,287,20.884,
02OA039,2,2013,288,20.851,
02OA039,2,2013,289,20.888,
02OA039,2,2013,290,20.874,
02OA039,2,2013,291,20.93,
02OA039,2,2013,292,20.841,
02OA039,2,2013,293,20.923,
02OA039,2,2013,294,20.921,
02OA039,2,2013,295,20.885,
02OA039,2,2013,296,20.904,
02OA039,2,2013,297,20.901,
02OA039,2,2013,298,20.916,
02OA039,2,2013,299,20.96,
02OA039,2,2013,300,20.96,
02OA039,2,2013,301,20.951,
02OA039,2,2013,302,20.996,
02OA039,2,2013,303,20.956,
02OA039,2,2013,304,20.988,
02OA039,2,2013,305,21.098,
02OA039,2,2013,306,21.086,
02OA039,2,2013,307,21.202,
02OA039,2,2013,308,21.224,
02OA039,2,2013,309,21.168,
02OA039,2,2013,310,21.193,
02OA039,2,2013,311,21.196,
02OA039,2,2013,312,21.182,
02OA039,2,2013,313,21.273,
02OA039,2,2013,314,21.349,
02OA039,2,2013,315,21.411,
02OA039,2,2013,316,21.426,
02OA039,2,2013,317,21.403,
02OA039,2,2013,318,21.389,
02OA039,2,2013,319,21.379,
02OA039,2,2013,320,21.325,
02OA039,2,2013,321,21.325,
02OA039,2,2013,322,21.37,
02OA039,2,2013,323,21.361,
02OA039,2,2013,324,21.374,
02OA039,2,2013,325,21.364,
02OA039,2,2013,326,21.376,
02OA039,2,2013,327,21.401,
02OA039,2,2013,328,21.364,
02OA039,2,2013,329,21.399,
02OA039,2,2013,330,21.362,
02OA039,2,2013,331,21.394,
02OA039,2,2013,332,21.433,
02OA039,2,2013,333,21.397,
02OA039,2,2013,334,21.327,
02OA039,2,2013,335,21.305,
02OA039,2,2013,336,21.311,
02OA039,2,2013,337,21.24,
02OA039,2,2013,338,21.216,
02OA039,2,2013,339,21.254,
02OA039,2,2013,340,21.252,
02OA039,2,2013,341,21.25,
02OA039,2,2013,342,21.26,
02OA039,2,2013,343,21.247,
02OA039,2,2013,344,21.157,
02OA039,2,2013,345,21.208,
02OA039,2,2013,346,21.186,
02OA039,2,2013,347,21.142,
02OA039,2,2013,348,21.093,
02OA039,2,2013,349,21.084,
02OA039,2,2013,350,21.092,
02OA039,2,2013,351,21.092,
02OA039,2,2013,352,21.181,
02OA039,2,2013,353,20.982,
02OA039,2,2013,354,20.916,
02OA039,2,2013,355,20.876,
02OA039,2,2013,356,20.913,
02OA039,2,2013,357,20.912,
02OA039,2,2013,358,21.005,
02OA039,2,2013,359,21.193,
02OA039,2,2013,360,21.295,
02OA039,2,2013,361,21.241,
02OA039,2,2013,362,21.159,
02OA039,2,2013,363,20.957,
02OA039,2,2013,364,21.042,
02OA039,2,2013,365,21.18,
02OA039,2,2014,1,21.295,
02OA039,2,2014,2,21.401,
02OA039,2,2014,3,21.347,
02OA039,2,2014,4,21.432,
02OA039,2,2014,5,21.475,
02OA039,2,2014,6,21.284,
02OA039,2,2014,7,21.053,
02OA039,2,2014,8,21.1,
02OA039,2,2014,9,21.008,
02OA039,2,2014,10,21.11,
02OA039,2,2014,11,21.321,
02OA039,2,2014,12,21.155,
02OA039,2,2014,13,21.054,
02OA039,2,2014,14,21.113,
02OA039,2,2014,15,21.175,
02OA039,2,2014,16,21.206,
02OA039,2,2014,17,21.139,
02OA039,2,2014,18,21.133,
02OA039,2,2014,19,21.121,
02OA039,2,2014,20,21.081,
02OA039,2,2014,21,21.193,
02OA039,2,2014,22,21.302,
02OA039,2,2014,23,21.486,
02OA039,2,2014,24,21.555,
02OA039,2,2014,25,21.555,
02OA039,2,2014,26,21.536,
02OA039,2,2014,27,21.457,
02OA039,2,2014,28,21.484,
02OA039,2,2014,29,21.645,
02OA039,2,2014,30,21.631,
02OA039,2,2014,31,21.465,
02OA039,2,2014,32,21.283,
02OA039,2,2014,33,21.182,
02OA039,2,2014,34,21.214,
02OA039,2,2014,35,21.138,
02OA039,2,2014,36,21.174,
02OA039,2,2014,37,21.325,
02OA039,2,2014,38,21.329,
02OA039,2,2014,39,21.374,
02OA039,2,2014,40,21.384,
02OA039,2,2014,41,21.286,
02OA039,2,2014,42,21.332,
02OA039,2,2014,43,21.349,
02OA039,2,2014,44,21.343,
02OA039,2,2014,45,21.371,
02OA039,2,2014,46,21.315,
02OA039,2,2014,47,21.279,
02OA039,2,2014,48,21.399,
02OA039,2,2014,49,21.493,
02OA039,2,2014,50,21.524,
02OA039,2,2014,51,21.36,
02OA039,2,2014,52,21.234,
02OA039,2,2014,53,21.2,
02OA039,2,2014,54,21.188,
02OA039,2,2014,55,21.227,
02OA039,2,2014,56,21.34,
02OA039,2,2014,57,21.4,
02OA039,2,2014,58,21.447,
02OA039,2,2014,59,21.505,
02OA039,2,2014,60,21.528,
02OA039,2,2014,61,21.32,
02OA039,2,2014,62,21.284,
02OA039,2,2014,63,21.318,
02OA039,2,2014,64,21.268,
02OA039,2,2014,65,21.198,
02OA039,2,2014,66,21.16,
02OA039,2,2014,67,21.138,
02OA039,2,2014,68,21.152,
02OA039,2,2014,69,21.06,
02OA039,2,2014,70,21,
02OA039,2,2014,71,20.997,
02OA039,2,2014,72,21.005,
02OA039,2,2014,73,21.117,
02OA039,2,2014,74,21.089,
02OA039,2,2014,75,21.047,
02OA039,2,2014,76,21.055,
02OA039,2,2014,77,21.016,
02OA039,2,2014,78,21.018,
02OA039,2,2014,79,20.987,
02OA039,2,2014,80,20.97,
02OA039,2,2014,81,21.062,
02OA039,2,2014,82,21.003,
02OA039,2,2014,83,20.938,
02OA039,2,2014,84,20.947,
02OA039,2,2014,85,20.91,
02OA039,2,2014,86,20.945,
02OA039,2,2014,87,20.888,
02OA039,2,2014,88,20.89,
02OA039,2,2014,89,20.927,
02OA039,2,2014,90,20.93,
02OA039,2,2014,91,20.854,
02OA039,2,2014,92,20.836,
02OA039,2,2014,93,20.834,
02OA039,2,2014,94,20.874,
02OA039,2,2014,95,21.022,
02OA039,2,2014,96,21.052,
02OA039,2,2014,97,21.249,
02OA039,2,2014,98,21.385,
02OA039,2,2014,99,21.631,
02OA039,2,2014,100,21.724,
02OA039,2,2014,101,21.867,
02OA039,2,2014,102,22.173,
02OA039,2,2014,103,22.008,
02OA039,2,2014,104,21.826,
02OA039,2,2014,105,21.914,
02OA039,2,2014,106,22.116,
02OA039,2,2014,107,22.021,
02OA039,2,2014,108,21.948,
02OA039,2,2014,109,21.921,
02OA039,2,2014,110,21.964,
02OA039,2,2014,111,21.945,
02OA039,2,2014,112,21.949,
02OA039,2,2014,113,21.88,
02OA039,2,2014,114,21.959,
02OA039,2,2014,115,21.92,
02OA039,2,2014,116,21.962,
02OA039,2,2014,117,22.039,
02OA039,2,2014,118,22.034,
02OA039,2,2014,119,21.963,
02OA039,2,2014,120,21.926,
02OA039,2,2014,121,22.102,
02OA039,2,2014,122,22.078,
02OA039,2,2014,123,22.002,
02OA039,2,2014,124,22.021,
02OA039,2,2014,125,22.074,
02OA039,2,2014,126,22.172,
02OA039,2,2014,127,22.069,
02OA039,2,2014,128,22.042,
02OA039,2,2014,129,22.077,
02OA039,2,2014,130,22.04,
02OA039,2,2014,131,21.995,
02OA039,2,2014,132,21.973,
02OA039,2,2014,133,21.943,
02OA039,2,2014,134,21.885,
02OA039,2,2014,135,21.812,
02OA039,2,2014,136,21.888,
02OA039,2,2014,137,22.03,
02OA039,2,2014,138,22.119,
02OA039,2,2014,139,22.092,
02OA039,2,2014,140,22.058,
02OA039,2,2014,141,22.087,
02OA039,2,2014,142,22.077,
02OA039,2,2014,143,22.125,
02OA039,2,2014,144,22.085,
02OA039,2,2014,145,22.08,
02OA039,2,2014,146,22.047,
02OA039,2,2014,147,22.014,
02OA039,2,2014,148,22.027,
02OA039,2,2014,149,22,
02OA039,2,2014,150,21.957,
02OA039,2,2014,151,21.893,
02OA039,2,2014,152,21.829,
02OA039,2,2014,153,21.768,
02OA039,2,2014,154,21.706,
02OA039,2,2014,155,21.668,
02OA039,2,2014,156,21.642,
02OA039,2,2014,157,21.619,
02OA039,2,2014,158,21.56,
02OA039,2,2014,159,21.511,
02OA039,2,2014,160,21.478,
02OA039,2,2014,161,21.503,
02OA039,2,2014,162,21.468,
02OA039,2,2014,163,21.502,
02OA039,2,2014,164,21.581,
02OA039,2,2014,165,21.666,
02OA039,2,2014,166,21.706,
02OA039,2,2014,167,21.701,
02OA039,2,2014,168,21.649,
02OA039,2,2014,169,21.674,
02OA039,2,2014,170,21.705,
02OA039,2,2014,171,21.593,
02OA039,2,2014,172,21.554,
02OA039,2,2014,173,21.534,
02OA039,2,2014,174,21.511,
02OA039,2,2014,175,21.534,
02OA039,2,2014,176,21.68,
02OA039,2,2014,177,21.78,
02OA039,2,2014,178,21.764,
02OA039,2,2014,179,21.738,
02OA039,2,2014,180,21.701,
02OA039,2,2014,181,21.631,
02OA039,2,2014,182,21.52,
02OA039,2,2014,183,21.486,
02OA039,2,2014,184,21.51,
02OA039,2,2014,185,21.479,
02OA039,2,2014,186,21.391,
02OA039,2,2014,187,21.4,
02OA039,2,2014,188,21.369,
02OA039,2,2014,189,21.348,
02OA039,2,2014,190,21.455,
02OA039,2,2014,191,21.417,
02OA039,2,2014,192,21.424,
02OA039,2,2014,193,21.388,
02OA039,2,2014,194,21.399,
02OA039,2,2014,195,21.461,
02OA039,2,2014,196,21.394,
02OA039,2,2014,197,21.404,
02OA039,2,2014,198,21.425,
02OA039,2,2014,199,21.431,
02OA039,2,2014,200,21.405,
02OA039,2,2014,201,21.402,
02OA039,2,2014,202,21.382,
02OA039,2,2014,203,21.399,
02OA039,2,2014,204,21.446,
02OA039,2,2014,205,21.486,
02OA039,2,2014,206,21.401,
02OA039,2,2014,207,21.358,
02OA039,2,2014,208,21.398,
02OA039,2,2014,209,21.409,
02OA039,2,2014,210,21.365,
02OA039,2,2014,211,21.36,
02OA039,2,2014,212,21.364,
02OA039,2,2014,213,21.382,
02OA039,2,2014,214,21.345,
02OA039,2,2014,215,21.3,
02OA039,2,2014,216,21.294,
02OA039,2,2014,217,21.304,
02OA039,2,2014,218,21.307,
02OA039,2,2014,219,21.305,
02OA039,2,2014,220,21.276,
02OA039,2,2014,221,21.269,
02OA039,2,2014,222,21.237,
02OA039,2,2014,223,21.242,
02OA039,2,2014,224,21.255,
02OA039,2,2014,225,21.334,
02OA039,2,2014,226,21.348,
02OA039,2,2014,227,21.269,
02OA039,2,2014,228,21.25,
02OA039,2,2014,229,21.291,
02OA039,2,2014,230,21.285,
02OA039,2,2014,231,21.288,
02OA039,2,2014,232,21.298,
02OA039,2,2014,233,21.317,
02OA039,2,2014,234,21.337,
02OA039,2,2014,235,21.346,
02OA039,2,2014,236,21.345,
02OA039,2,2014,237,21.278,
02OA039,2,2014,238,21.292,
02OA039,2,2014,239,21.296,
02OA039,2,2014,240,21.256,
02OA039,2,2014,241,21.291,
02OA039,2,2014,242,21.297,
02OA039,2,2014,243,21.3,
02OA039,2,2014,244,21.314,
02OA039,2,2014,245,21.308,
02OA039,2,2014,246,21.241,
02OA039,2,2014,247,21.211,
02OA039,2,2014,248,21.344,
02OA039,2,2014,249,21.398,
02OA039,2,2014,250,21.38,
02OA039,2,2014,251,21.328,
02OA039,2,2014,252,21.286,
02OA039,2,2014,253,21.256,
02OA039,2,2014,254,21.246,
02OA039,2,2014,255,21.236,
02OA039,2,2014,256,21.24,
02OA039,2,2014,257,21.229,
02OA039,2,2014,258,21.206,
02OA039,2,2014,259,21.252,
02OA039,2,2014,260,21.236,
02OA039,2,2014,261,21.243,
02OA039,2,2014,262,21.314,
02OA039,2,2014,263,21.253,
02OA039,2,2014,264,21.262,
02OA039,2,2014,265,21.25,
02OA039,2,2014,266,21.255,
02OA039,2,2014,267,21.283,
02OA039,2,2014,268,21.313,
02OA039,2,2014,269,21.323,
02OA039,2,2014,270,21.307,
02OA039,2,2014,271,21.266,
02OA039,2,2014,272,21.222,
02OA039,2,2014,273,21.285,
02OA039,2,2014,274,21.246,
02OA039,2,2014,275,21.23,
02OA039,2,2014,276,21.2,
02OA039,2,2014,277,21.155,
02OA039,2,2014,278,21.107,
02OA039,2,2014,279,21.13,
02OA039,2,2014,280,21.192,
02OA039,2,2014,281,21.226,
02OA039,2,2014,282,21.284,
02OA039,2,2014,283,21.167,
02OA039,2,2014,284,21.223,
02OA039,2,2014,285,21.26,
02OA039,2,2014,286,21.219,
02OA039,2,2014,287,21.21,
02OA039,2,2014,288,21.225,
02OA039,2,2014,289,21.251,
02OA039,2,2014,290,21.265,
02OA039,2,2014,291,21.215,
02OA039,2,2014,292,21.231,
02OA039,2,2014,293,21.234,
02OA039,2,2014,294,21.315,
02OA039,2,2014,295,21.379,
02OA039,2,2014,296,21.423,
02OA039,2,2014,297,21.433,
02OA039,2,2014,298,21.394,
02OA039,2,2014,299,21.447,
02OA039,2,2014,300,21.366,
02OA039,2,2014,301,21.44,
02OA039,2,2014,302,21.389,
02OA039,2,2014,303,21.403,
02OA039,2,2014,304,21.384,
02OA039,2,2014,305,21.358,
02OA039,2,2014,306,21.395,
02OA039,2,2014,307,21.283,
02OA039,2,2014,308,21.32,
02OA039,2,2014,309,21.34,
02OA039,2,2014,310,21.341,
02OA039,2,2014,311,21.303,
02OA039,2,2014,312,21.302,
02OA039,2,2014,313,21.289,
02OA039,2,2014,314,21.232,
02OA039,2,2014,315,21.209,
02OA039,2,2014,316,21.231,
02OA039,2,2014,317,21.251,
02OA039,2,2014,318,21.256,
02OA039,2,2014,319,21.215,
02OA039,2,2014,320,21.147,
02OA039,2,2014,321,21.185,
02OA039,2,2014,322,21.135,
02OA039,2,2014,323,21.107,
02OA039,2,2014,324,21.138,
02OA039,2,2014,325,21.133,
02OA039,2,2014,326,21.096,
02OA039,2,2014,327,21.066,
02OA039,2,2014,328,21.18,
02OA039,2,2014,329,21.218,
02OA039,2,2014,330,21.215,
02OA039,2,2014,331,21.222,
02OA039,2,2014,332,21.206,
02OA039,2,2014,333,21.232,
02OA039,2,2014,334,21.192,
02OA039,2,2014,335,21.185,
02OA039,2,2014,336,21.191,
02OA039,2,2014,337,21.226,
02OA039,2,2014,338,21.19,
02OA039,2,2014,339,21.173,
02OA039,2,2014,340,21.09,
02OA039,2,2014,341,21.091,
02OA039,2,2014,342,21.102,
02OA039,2,2014,343,21.091,
02OA039,2,2014,344,21.102,
02OA039,2,2014,345,21.157,
02OA039,2,2014,346,21.071,
02OA039,2,2014,347,21.014,
02OA039,2,2014,348,20.979,
02OA039,2,2014,349,20.961,
02OA039,2,2014,350,20.987,
02OA039,2,2014,351,21.017,
02OA039,2,2014,352,21.004,
02OA039,2,2014,353,20.973,
02OA039,2,2014,354,20.914,
02OA039,2,2014,355,20.902,
02OA039,2,2014,356,20.882,
02OA039,2,2014,357,20.895,
02OA039,2,2014,358,20.903,
02OA039,2,2014,359,21.04,
02OA039,2,2014,360,21.108,
02OA039,2,2014,361,21.199,
02OA039,2,2014,362,21.136,
02OA039,2,2014,363,21.101,
02OA039,2,2014,364,21.033,
02OA039,2,2014,365,20.909,
02OA039,2,2015,1,20.899,
02OA039,2,2015,2,20.887,
02OA039,2,2015,3,20.968,
02OA039,2,2015,4,21.024,
02OA039,2,2015,5,21.03,
02OA039,2,2015,6,21.17,
02OA039,2,2015,7,21.197,
02OA039,2,2015,8,21.116,
02OA039,2,2015,9,21.188,
02OA039,2,2015,10,21.314,
02OA039,2,2015,11,21.395,
02OA039,2,2015,12,21.424,
02OA039,2,2015,13,21.422,
02OA039,2,2015,14,21.507,
02OA039,2,2015,15,21.497,
02OA039,2,2015,16,21.32,
02OA039,2,2015,17,21.418,
02OA039,2,2015,18,21.441,
02OA039,2,2015,19,21.149,
02OA039,2,2015,20,21.092,
02OA039,2,2015,21,21.301,
02OA039,2,2015,22,21.438,
02OA039,2,2015,23,21.439,
02OA039,2,2015,24,21.308,
02OA039,2,2015,25,21.247,
02OA039,2,2015,26,21.402,
02OA039,2,2015,27,21.574,
02OA039,2,2015,28,21.649,
02OA039,2,2015,29,21.626,
02OA039,2,2015,30,21.451,
02OA039,2,2015,31,21.478,
02OA039,2,2015,32,21.63,
02OA039,2,2015,33,21.659,
02OA039,2,2015,34,21.676,
02OA039,2,2015,35,21.585,
02OA039,2,2015,36,21.397,
02OA039,2,2015,37,21.388,
02OA039,2,2015,38,21.377,
02OA039,2,2015,39,21.352,
02OA039,2,2015,40,21.453,
02OA039,2,2015,41,21.513,
02OA039,2,2015,42,21.503,
02OA039,2,2015,43,21.542,
02OA039,2,2015,44,21.425,
02OA039,2,2015,45,21.483,
02OA039,2,2015,46,21.53,
02OA039,2,2015,47,21.564,
02OA039,2,2015,48,21.648,
02OA039,2,2015,49,21.562,
02OA039,2,2015,50,21.376,
02OA039,2,2015,51,21.279,
02OA039,2,2015,52,21.409,
02OA039,2,2015,53,21.373,
02OA039,2,2015,54,21.219,
02OA039,2,2015,55,21.342,
02OA039,2,2015,56,21.488,
02OA039,2,2015,57,21.442,
02OA039,2,2015,58,21.398,
02OA039,2,2015,59,21.39,
02OA039,2,2015,60,21.33,
02OA039,2,2015,61,21.108,
02OA039,2,2015,62,21.138,
02OA039,2,2015,63,21.044,
02OA039,2,2015,64,21.06,
02OA039,2,2015,65,21.121,
02OA039,2,2015,66,21.096,
02OA039,2,2015,67,20.978,
02OA039,2,2015,68,20.896,
02OA039,2,2015,69,20.876,
02OA039,2,2015,70,20.865,
02OA039,2,2015,71,20.985,
02OA039,2,2015,72,21.026,
02OA039,2,2015,73,20.922,
02OA039,2,2015,74,20.843,
02OA039,2,2015,75,20.855,
02OA039,2,2015,76,20.803,
02OA039,2,2015,77,20.87,
02OA039,2,2015,78,20.913,
02OA039,2,2015,79,20.902,
02OA039,2,2015,80,20.807,
02OA039,2,2015,81,20.831,
02OA039,2,2015,82,20.834,
02OA039,2,2015,83,20.837,
02OA039,2,2015,84,20.728,
02OA039,2,2015,85,20.745,
02OA039,2,2015,86,20.806,
02OA039,2,2015,87,20.803,
02OA039,2,2015,88,20.779,
02OA039,2,2015,89,20.785,
02OA039,2,2015,90,20.736,
02OA039,2,2015,91,20.705,
02OA039,2,2015,92,20.758,
02OA039,2,2015,93,20.815,
02OA039,2,2015,94,21.014,
02OA039,2,2015,95,21.13,
02OA039,2,2015,96,21.044,
02OA039,2,2015,97,20.964,
02OA039,2,2015,98,20.91,
02OA039,2,2015,99,20.819,
02OA039,2,2015,100,20.88,
02OA039,2,2015,101,21.065,
02OA039,2,2015,102,21.163,
02OA039,2,2015,103,21.197,
02OA039,2,2015,104,21.2,
02OA039,2,2015,105,21.239,
02OA039,2,2015,106,21.369,
02OA039,2,2015,107,21.301,
02OA039,2,2015,108,21.246,
02OA039,2,2015,109,21.27,
02OA039,2,2015,110,21.279,
02OA039,2,2015,111,21.35,
02OA039,2,2015,112,21.421,
02OA039,2,2015,113,21.447,
02OA039,2,2015,114,21.41,
02OA039,2,2015,115,21.445,
02OA039,2,2015,116,21.46,
02OA039,2,2015,117,21.449,
02OA039,2,2015,118,21.355,
02OA039,2,2015,119,21.298,
02OA039,2,2015,120,21.281,
02OA039,2,2015,121,21.194,
02OA039,2,2015,122,21.174,
02OA039,2,2015,123,21.139,
02OA039,2,2015,124,21.073,
02OA039,2,2015,125,21.071,
02OA039,2,2015,126,21.042,
02OA039,2,2015,127,21.004,
02OA039,2,2015,128,20.965,
02OA039,2,2015,129,20.956,
02OA039,2,2015,130,20.924,
02OA039,2,2015,131,20.903,
02OA039,2,2015,132,20.961,
02OA039,2,2015,133,20.971,
02OA039,2,2015,134,21.004,
02OA039,2,2015,135,21.045,
02OA039,2,2015,136,21.011,
02OA039,2,2015,137,21.052,
02OA039,2,2015,138,21.046,
02OA039,2,2015,139,21.034,
02OA039,2,2015,140,21.003,
02OA039,2,2015,141,20.962,
02OA039,2,2015,142,20.935,
02OA039,2,2015,143,20.979,
02OA039,2,2015,144,20.89,
02OA039,2,2015,145,20.873,
02OA039,2,2015,146,20.907,
02OA039,2,2015,147,20.947,
02OA039,2,2015,148,20.929,
02OA039,2,2015,149,20.908,
02OA039,2,2015,150,20.941,
02OA039,2,2015,151,20.951,
02OA039,2,2015,152,20.945,
02OA039,2,2015,153,20.987,
02OA039,2,2015,154,20.966,
02OA039,2,2015,155,20.973,
02OA039,2,2015,156,20.919,
02OA039,2,2015,157,20.932,
02OA039,2,2015,158,20.975,
02OA039,2,2015,159,20.969,
02OA039,2,2015,160,20.998,
02OA039,2,2015,161,20.992,
02OA039,2,2015,162,21.092,
02OA039,2,2015,163,20.994,
02OA039,2,2015,164,21.085,
02OA039,2,2015,165,21.207,
02OA039,2,2015,166,21.134,
02OA039,2,2015,167,21.1,
02OA039,2,2015,168,21.146,
02OA039,2,2015,169,21.097,
02OA039,2,2015,170,21.088,
02OA039,2,2015,171,21.069,
02OA039,2,2015,172,21.081,
02OA039,2,2015,173,21.13,
02OA039,2,2015,174,21.142,
02OA039,2,2015,175,21.129,
02OA039,2,2015,176,21.069,
02OA039,2,2015,177,21.104,
02OA039,2,2015,178,21.13,
02OA039,2,2015,179,21.154,
02OA039,2,2015,180,21.213,
02OA039,2,2015,181,21.197,
02OA039,2,2015,182,21.186,
02OA039,2,2015,183,21.208,
02OA039,2,2015,184,21.18,
02OA039,2,2015,185,21.226,
02OA039,2,2015,186,21.301,
02OA039,2,2015,187,21.316,
02OA039,2,2015,188,21.271,
02OA039,2,2015,189,21.298,
02OA039,2,2015,190,21.325,
02OA039,2,2015,191,21.317,
02OA039,2,2015,192,21.278,
02OA039,2,2015,193,21.326,
02OA039,2,2015,194,21.361,
02OA039,2,2015,195,21.376,
02OA039,2,2015,196,21.363,
02OA039,2,2015,197,21.388,
02OA039,2,2015,198,21.35,
02OA039,2,2015,199,21.353,
02OA039,2,2015,200,21.406,
02OA039,2,2015,201,21.426,
02OA039,2,2015,202,21.446,
02OA039,2,2015,203,21.465,
02OA039,2,2015,204,21.432,
02OA039,2,2015,205,21.333,
02OA039,2,2015,206,21.331,
02OA039,2,2015,207,21.372,
02OA039,2,2015,208,21.396,
02OA039,2,2015,209,21.414,
02OA039,2,2015,210,21.378,
02OA039,2,2015,211,21.41,
02OA039,2,2015,212,21.413,
02OA039,2,2015,213,21.4,
02OA039,2,2015,214,21.367,
02OA039,2,2015,215,21.331,
02OA039,2,2015,216,21.259,
02OA039,2,2015,217,21.174,
02OA039,2,2015,218,21.115,
02OA039,2,2015,219,21.054,
02OA039,2,2015,220,21.085,
02OA039,2,2015,221,21.138,
02OA039,2,2015,222,21.216,
02OA039,2,2015,223,21.398,
02OA039,2,2015,224,21.489,
02OA039,2,2015,225,21.442,
02OA039,2,2015,226,21.452,
02OA039,2,2015,227,21.477,
02OA039,2,2015,228,21.423,
02OA039,2,2015,229,21.42,
02OA039,2,2015,230,21.407,
02OA039,2,2015,231,21.423,
02OA039,2,2015,232,21.437,
02OA039,2,2015,233,21.48,
02OA039,2,2015,234,21.477,
02OA039,2,2015,235,21.437,
02OA039,2,2015,236,21.417,
02OA039,2,2015,237,21.473,
02OA039,2,2015,238,21.445,
02OA039,2,2015,239,21.422,
02OA039,2,2015,240,21.427,
02OA039,2,2015,241,21.403,
02OA039,2,2015,242,21.43,
02OA039,2,2015,243,21.463,
02OA039,2,2015,244,21.455,
02OA039,2,2015,245,21.426,
02OA039,2,2015,246,21.42,
02OA039,2,2015,247,21.449,
02OA039,2,2015,248,21.419,
02OA039,2,2015,249,21.404,
02OA039,2,2015,250,21.391,
02OA039,2,2015,251,21.365,
02OA039,2,2015,252,21.363,
02OA039,2,2015,253,21.407,
02OA039,2,2015,254,21.416,
02OA039,2,2015,255,21.369,
02OA039,2,2015,256,21.402,
02OA039,2,2015,257,21.444,
02OA039,2,2015,258,21.42,
02OA039,2,2015,259,21.431,
02OA039,2,2015,260,21.395,
02OA039,2,2015,261,21.388,
02OA039,2,2015,262,21.408,
02OA039,2,2015,263,21.444,
02OA039,2,2015,264,21.416,
02OA039,2,2015,265,21.368,
02OA039,2,2015,266,21.365,
02OA039,2,2015,267,21.411,
02OA039,2,2015,268,21.4,
02OA039,2,2015,269,21.358,
02OA039,2,2015,270,21.342,
02OA039,2,2015,271,21.308,
02OA039,2,2015,272,21.303,
02OA039,2,2015,273,21.37,
02OA039,2,2015,274,21.33,
02OA039,2,2015,275,21.247,
02OA039,2,2015,276,21.199,
02OA039,2,2015,277,21.133,
02OA039,2,2015,278,21.153,
02OA039,2,2015,279,21.27,
02OA039,2,2015,280,21.271,
02OA039,2,2015,281,21.281,
02OA039,2,2015,282,21.264,
02OA039,2,2015,283,21.162,
02OA039,2,2015,284,20.929,
02OA039,2,2015,285,21.068,
02OA039,2,2015,286,21.147,
02OA039,2,2015,287,21.152,
02OA039,2,2015,288,21.111,
02OA039,2,2015,289,21.154,
02OA039,2,2015,290,21.177,
02OA039,2,2015,291,21.194,
02OA039,2,2015,292,21.192,
02OA039,2,2015,293,21.125,
02OA039,2,2015,294,21.102,
02OA039,2,2015,295,21.144,
02OA039,2,2015,296,21.199,
02OA039,2,2015,297,21.164,
02OA039,2,2015,298,21.15,
02OA039,2,2015,299,21.151,
02OA039,2,2015,300,21.162,
02OA039,2,2015,301,21.18,
02OA039,2,2015,302,21.279,
02OA039,2,2015,303,21.335,
02OA039,2,2015,304,21.277,
02OA039,2,2015,305,21.249,
02OA039,2,2015,306,21.225,
02OA039,2,2015,307,21.224,
02OA039,2,2015,308,21.28,
02OA039,2,2015,309,21.278,
02OA039,2,2015,310,21.238,
02OA039,2,2015,311,21.197,
02OA039,2,2015,312,21.191,
02OA039,2,2015,313,21.197,
02OA039,2,2015,314,21.203,
02OA039,2,2015,315,21.184,
02OA039,2,2015,316,21.135,
02OA039,2,2015,317,21.227,
02OA039,2,2015,318,21.257,
02OA039,2,2015,319,21.266,
02OA039,2,2015,320,21.265,
02OA039,2,2015,321,21.284,
02OA039,2,2015,322,21.294,
02OA039,2,2015,323,21.28,
02OA039,2,2015,324,21.326,
02OA039,2,2015,325,21.26,
02OA039,2,2015,326,21.29,
02OA039,2,2015,327,21.266,
02OA039,2,2015,328,21.269,
02OA039,2,2015,329,21.263,
02OA039,2,2015,330,21.293,
02OA039,2,2015,331,21.327,
02OA039,2,2015,332,21.273,
02OA039,2,2015,333,21.274,
02OA039,2,2015,334,21.288,
02OA039,2,2015,335,21.307,
02OA039,2,2015,336,21.304,
02OA039,2,2015,337,21.339,
02OA039,2,2015,338,21.271,
02OA039,2,2015,339,21.282,
02OA039,2,2015,340,21.269,
02OA039,2,2015,341,21.22,
02OA039,2,2015,342,21.178,
02OA039,2,2015,343,21.188,
02OA039,2,2015,344,21.165,
02OA039,2,2015,345,21.184,
02OA039,2,2015,346,21.174,
02OA039,2,2015,347,21.052,
02OA039,2,2015,348,21.043,
02OA039,2,2015,349,21.097,
02OA039,2,2015,350,21.104,
02OA039,2,2015,351,21.136,
02OA039,2,2015,352,21.171,
02OA039,2,2015,353,21.138,
02OA039,2,2015,354,21.102,
02OA039,2,2015,355,21.098,
02OA039,2,2015,356,21.125,
02OA039,2,2015,357,21.174,
02OA039,2,2015,358,21.281,
02OA039,2,2015,359,21.247,
02OA039,2,2015,360,21.163,
02OA039,2,2015,361,21.101,
02OA039,2,2015,362,21.123,
02OA039,2,2015,363,21.102,
02OA039,2,2015,364,21.134,
02OA039,2,2015,365,21.116,
